46438
73835
45917
83415
85710
41381
90468
54054
65681
19911
85561
93519
8085
93590
99890
35766
91384
73376
70017
88152
73950
68638
65088
49368
31760
22998
33483
37868
71001
66380
25084
54392
48239
56648
29821
73183
828
4974
73082
20654
39958
77541
55776
58493
77636
99154
31438
21280
78563
91258
73543
87597
2211
6516
35453
77523
28493
89236
27725
52729
74266
82884
61014
62259
29198
84998
56356
86093
39539
38044
5531
5289
55602
53675
77461
52427
11502
24368
32485
72229
85340
48824
20128
91005
42681
12318
773
75482
46505
7291
86695
12483
73915
7071
94484
72600
34845
44037
24363
25807
79390
8634
90536
93140
59511
612
64951
56212
21078
94112
58542
29037
7828
98337
98505
3117
22396
64859
66561
67931
67784
21499
6135
86502
37589
9001
95993
7168
33747
7841
77861
64951
70963
43832
79531
10823
76927
98439
91554
85259
43516
40727
51993
28325
57552
9273
20589
35595
81253
75614
48821
55373
15019
40005
78035
72698
89325
28659
62196
26256
77833
38491
9516
60113
8105
98709
47082
5223
21387
28396
93376
40840
44479
76600
33578
63885
78344
19584
89861
82458
50276
94644
95946
85103
13194
62983
14546
82112
40064
14020
50762
80326
57892
62624
73585
54235
56899
12631
44987
40829
5175
9686
23131
2207
91922
32697
47520
87692
99793
92655
48755
2705
82663
73315
63174
82674
36646
53763
16414
36399
24936
91579
88997
33603
72751
19165
22320
91351
20114
37049
7204
8610
62051
76348
72598
88717
88105
28405
65122
3113
48786
25715
6224
19126
82770
12640
18850
12228
32103
88116
71449
28794
75105
38676
48156
30326
99721
90681
45559
64563
20897
56156
7550
21775
89157
84059
37367
30199
91511
46377
74558
6403
2150
17047
96831
21242
37095
34867
43366
48469
16218
14207
46092
58233
39592
78336
51811
68478
15323
56900
57832
30151
46240
82353
39156
27674
34988
30971
31903
71526
71878
5408
89166
84577
4717
64950
6788
68983
60155
98030
86442
9673
9173
45335
93962
95837
72382
39869
39995
92070
18306
30075
42812
5950
13720
35391
52282
51054
42497
18672
70525
81183
8921
4307
18339
42440
30208
79541
84706
87921
74139
94550
70257
98801
8457
56863
1672
69895
75868
16582
38519
1140
91185
38443
49016
57521
11107
43597
85680
3466
15266
74834
28009
90491
22225
58736
24256
37970
95839
40375
87888
97451
3092
1287
26084
5085
80949
58005
39677
34399
23776
36716
62869
99382
31390
90824
84943
21388
99190
74719
42039
1812
21063
15188
62885
32721
73638
1514
87415
50533
44898
14243
26900
78069
85743
42982
93522
63834
59905
94207
47709
6988
54856
33960
72104
57085
80918
60788
31012
59607
36715
44596
34813
28214
75376
72248
59993
42485
43089
80843
66118
57365
63572
43217
70650
96077
97531
99291
66986
12711
63271
33393
91570
64624
82854
19426
87637
43640
49461
57918
39667
11139
9879
72947
58194
52563
12306
18322
1150
56557
34429
75084
2015
38740
86023
20658
1756
35365
51836
16271
98054
1018
85135
80850
11095
83441
79959
73245
30651
84100
21211
97538
55891
26777
54558
47773
64905
2084
70375
51782
48117
28807
83405
18904
50631
15549
27589
92206
85934
23342
39579
5614
54853
98943
25928
90432
25951
80141
82686
1680
56666
88392
17072
89947
99119
38164
57944
42802
97095
20570
64995
45162
80230
36418
82030
40953
50571
94218
45000
38025
46224
90948
16319
68816
22328
3219
63177
47539
27221
98217
34371
53940
76341
49686
68748
11030
68002
60381
78566
8753
22403
86217
44930
44359
9319
29808
39011
12105
80716
25125
28274
40232
34452
48986
89384
46600
42315
50371
39881
21852
1938
46260
70713
64914
21459
71740
91705
89973
3108
85146
67755
46073
43080
59766
80977
37698
71769
80224
89130
33
44681
25696
10926
63842
16062
90662
16136
94048
55582
65640
58304
21373
35129
15028
7439
89413
32135
83472
62401
54484
67858
54240
59202
65691
60858
82621
56484
30853
99190
47415
25301
46997
90344
8910
69964
81039
79934
82554
65769
33852
51605
96473
49827
98421
85286
67993
81009
35169
20234
65787
10802
49537
61131
18752
79644
16893
41926
4458
78082
72103
287
8853
72646
42891
41744
70600
2338
48607
54684
79747
73565
24954
72545
37793
48122
75919
22384
51429
68842
65220
23091
1261
43506
41518
82762
89812
10042
48453
79907
47596
3852
82613
27531
36730
22631
76511
28839
99190
42581
32594
19186
94045
10122
11864
442
83053
24939
46050
98532
88942
17416
86140
80847
8749
51765
92039
46487
25287
88974
90819
27650
71070
88020
47624
37420
64439
60769
53711
97181
47727
97617
86875
36807
37490
14345
91298
3043
63836
24469
94141
77014
83568
35103
49755
74669
74242
47610
35831
12136
95045
98611
35255
6646
51510
82587
88443
98038
85922
73524
80006
67245
32258
86508
98541
57258
49234
45772
28540
46536
70149
18702
8461
65907
56099
11836
19270
19785
30618
43784
50148
82394
32154
90789
3852
37858
10042
84657
47566
18962
86232
55502
23547
30477
59913
14322
15880
30173
43645
5895
13407
80191
60426
30801
23094
66235
75998
59249
79273
66558
3220
34893
93259
32664
59593
40292
1672
2414
71862
98462
17002
72667
29592
71899
99976
38893
27509
18615
93747
2731
81520
68148
71286
70779
86509
56152
60600
40041
28783
28107
57009
76772
62850
36296
64242
29086
49465
90618
40219
93885
85629
48027
95062
68667
75943
36063
94661
31536
86867
69120
34771
9006
90240
58628
63106
53422
46809
828
12885
35778
46685
28816
73168
13845
71200
18724
69670
92008
56376
45899
69797
86027
54577
68482
30787
11807
15538
81675
21302
95643
12955
10642
9179
16162
30543
28364
20273
92889
27103
73527
88132
75402
38101
48268
73599
82280
87788
20233
31568
37182
80317
63599
29698
60076
52443
40022
24446
37363
56330
43403
7936
33221
15368
83077
41675
10829
46866
63362
18883
51151
41622
95860
86706
35447
48933
54817
98925
68234
90502
59993
48118
38171
34129
35200
19703
42048
94278
63712
51634
44609
17470
73079
55381
53961
24025
11123
32701
17721
79280
18252
10469
76402
25441
36594
55891
89720
90466
42785
41933
85359
1163
47062
10477
28782
16331
69757
21953
89350
6397
51428
17280
41034
62414
31204
70249
69043
87337
35009
12213
40168
42485
59156
95321
62835
43108
12716
38363
35050
58996
79400
4119
58286
11904
81689
42186
92346
95115
90020
35584
56917
4619
24521
23229
57926
72699
77726
63545
70270
30068
97535
51720
43086
82111
74839
85125
9656
96325
66838
90556
76822
81277
66042
44625
35677
50365
26093
36166
22083
25408
12646
16094
32646
3951
25799
57345
15600
5178
15756
44760
20733
8686
4299
84842
80091
23141
2349
63946
27756
94667
11376
68148
65782
57131
83112
27669
94449
90854
59437
93474
57689
79036
37016
46833
36809
79414
16701
66205
93769
43752
97484
72425
99415
78174
66808
9858
3594
31104
22054
47200
49415
42404
63033
88640
9029
46801
85184
66717
1723
74458
89993
81080
14954
60923
16289
7704
94691
74260
53492
3532
47657
74797
95531
51085
32413
31185
57719
19935
13017
29396
12379
13761
54464
87693
20983
95246
38423
59256
67637
59940
46838
60231
89958
50381
40611
2031
3417
3178
81609
3425
28923
18845
19889
39904
52855
13858
71578
40692
63787
24800
77666
90112
12584
34628
92558
50374
43510
19687
60311
56158
45505
73460
52781
27603
51482
20611
57348
82274
44939
37542
50096
1878
92764
14553
23471
66825
51622
39125
97776
40371
78585
88354
46421
12425
39061
33612
56833
84034
69462
49807
9913
26729
74914
18219
66603
47130
15027
9859
30608
59170
31146
13943
42903
9011
96378
22447
90085
10967
60844
43021
80657
99375
91771
77801
31755
56257
42584
72758
53998
2457
33525
57799
97679
47698
6113
32652
94857
28921
98401
71779
92399
92540
71394
39891
38647
70862
8591
97766
10233
72244
42366
15541
93836
32340
38302
41204
22680
77981
65917
25934
88411
35264
853
31605
49270
62975
63663
65671
55803
15019
5808
35580
90856
40110
38851
8103
55185
44837
44819
23778
22666
813
33643
23700
42987
2583
20540
96896
32833
18085
89442
61991
36880
38923
76133
48139
94191
10411
18349
71725
17018
43683
88255
40120
28607
46191
96760
13192
36962
9632
15559
91199
20210
16203
67609
48862
64778
1707
33871
41703
32690
61473
66058
49992
91796
91700
79597
47869
94223
34233
11728
29907
4542
74062
72529
36134
93223
38662
84212
82522
33887
99321
27090
66933
62923
19690
22036
29528
36443
50661
38886
3079
56787
81680
86534
58334
99137
85106
14148
19093
27674
50159
12760
14015
8226
9373
96372
84017
15598
86765
67129
69277
21035
26247
96795
66976
1919
52514
76398
11877
88263
21338
56498
69314
12562
61490
73618
60646
30631
77067
16517
77368
31865
12150
60242
46861
13608
58509
28542
76431
65859
14408
63278
29461
6753
85104
58005
15787
72682
51933
77299
21085
80902
38866
86192
69201
22059
65241
4629
465
89396
34517
18075
77901
46712
78562
879
79323
21964
8630
38953
31862
68650
14974
4410
21190
57535
25699
97651
7696
54700
88494
76197
60656
56374
80477
45811
15638
91681
28402
52099
98931
73583
13098
34137
69895
71092
92735
2875
36362
25763
40745
2427
20368
86357
27672
71021
36418
62986
65134
2796
44675
19949
71866
40123
6467
37893
58
70054
43597
56814
75611
22986
30138
19312
68933
86714
800
43099
90377
87363
2801
36517
28781
7691
52848
49913
29865
78559
11917
88413
46047
80791
11688
79134
47032
23325
64494
16626
69295
54409
68345
13203
63696
27414
5698
75582
75759
71344
28044
96915
50846
50146
64343
25407
25032
39025
22676
47190
14121
12336
20799
57336
64639
96997
73800
88406
29041
73983
99647
75539
4761
83693
53964
27935
75698
18607
7345
43459
63645
41856
77019
79503
61427
87622
60604
62481
47458
72820
96063
16796
54213
33069
30631
7882
86523
70695
62949
96415
98808
60778
32475
80718
22112
68666
38561
32764
13060
37743
98304
58740
92905
83219
17930
97588
63824
97093
73621
97473
90327
37708
34348
80455
49750
58513
97378
80493
42603
44782
53991
27286
7250
63232
31086
59585
86700
81196
87458
15004
8981
39121
74708
36668
47020
14227
27361
10749
59100
50501
65338
32709
66221
83369
74668
67546
98353
47824
20750
90659
43604
30481
65393
81128
52279
49079
46319
44315
44077
86974
53356
65110
3106
67455
26638
20879
61898
12101
37485
76581
89822
41753
80838
40738
63132
22812
71614
69148
93996
83267
7128
47937
95486
28790
17970
80166
88209
83926
79330
12151
59021
81110
8568
57071
37948
23728
5935
40497
83530
75907
48836
99302
18965
60210
62059
22904
34300
58395
35780
974
12143
92631
6788
12358
47885
7853
87851
53317
90471
3833
24405
59767
25426
38012
84896
78305
27422
97065
431
38029
11079
2150
52918
27769
9932
44256
3374
38589
85470
78228
78736
23963
66938
89046
96360
81860
79365
12239
64177
23041
9440
68278
74149
86399
70922
51524
53933
33687
61960
86494
56961
48139
23818
56891
51722
58591
6264
28882
48608
62286
75716
74614
6234
72893
29810
74199
35600
68582
12241
30006
88416
39049
14125
76121
26963
71944
65300
61208
11323
10241
56768
27056
76170
59685
88655
29302
603
99821
90809
35134
53835
75726
62102
24068
10604
35072
5059
74859
51729
69121
84590
35089
4887
88391
23256
12299
24805
19614
94423
65187
74126
95680
29582
1362
22143
2200
21891
18050
33562
3200
74819
2807
2645
64777
92255
15370
1711
4334
11108
92810
4833
59705
9799
24365
9262
93265
45571
22341
59290
76802
85701
73773
53423
29475
57349
15261
35065
92648
41513
46042
79624
47202
64872
20289
17356
39052
3428
8970
46543
18939
39383
50500
64338
24588
87391
39221
83537
85827
82771
47119
77118
72068
33349
22444
59365
69079
53147
69077
17588
11637
76720
83807
26651
41994
33132
79667
71622
53228
50918
23198
44004
51361
18488
77070
59146
72418
13693
73541
94722
15401
61812
35933
22564
62062
36941
10864
49926
21680
55238
80188
76961
2641
50161
31174
98401
81069
7390
17300
50025
91980
13977
84774
69019
19112
1218
8654
7312
58558
8071
49940
9866
55645
62707
98515
63643
12301
15301
65466
17462
42577
25987
94051
2920
58790
46071
98562
82155
32234
67192
95021
90823
10469
66834
1946
1614
29370
52413
99823
5725
39853
47911
32319
4358
73087
4411
60548
20680
46145
75662
7198
88982
66985
74921
38325
57880
84822
81685
83642
2424
91045
53096
46079
1155
80812
91032
49873
13393
72138
39463
12501
65517
86254
65292
71431
32451
76778
4354
59354
65181
54226
78129
69954
40881
75933
73175
42445
31551
51546
66453
43886
38254
57249
33079
8701
83791
76726
41092
57655
92457
28730
52605
33151
32792
20626
91565
65102
81206
53364
40158
25039
62774
67700
85331
64628
38377
12390
76100
34039
89409
94009
78446
53356
39888
98903
9949
62498
12345
73343
28614
60127
39279
90907
93720
21657
59503
73715
32988
93050
61244
80252
5915
37921
48508
56194
69816
60783
24830
87145
34190
78577
3245
58829
41717
48813
33330
51364
80387
42062
85298
69270
17663
31877
91015
48729
52612
68665
57814
72842
9817
44248
54804
90324
84089
79002
84034
90209
99380
70718
48214
30233
8308
41964
13382
67631
94452
9838
68441
77997
61376
60072
41587
71084
16892
27705
94123
31852
87075
67313
68383
84483
96957
78512
20622
8408
65277
79897
43626
52817
46892
69197
58331
2123
48124
1388
39750
229
99112
30984
17429
419
26047
94966
35647
34211
21582
4406
40197
25083
43698
44711
57603
74994
35649
1953
7001
68685
10607
55287
34205
45686
4456
23285
74655
59033
38100
63548
75203
95470
83514
69934
63842
36278
80223
378
48541
79640
65650
59652
82270
28441
43868
72715
84220
45878
62258
28153
24298
69007
50621
79589
20563
93938
55891
67146
29694
30781
9673
89164
221
70273
99703
8082
219
99580
14300
75948
87339
76096
27239
90416
62297
69106
34855
72878
85821
89708
74282
26368
66674
65796
74590
91678
66322
92933
53694
43762
23434
94191
24127
99362
83450
62619
70340
43833
45540
74260
60705
11539
20189
39062
10516
57854
72811
98528
29972
24250
56188
3527
67394
75442
53539
99503
582
57126
86465
64334
52689
55269
65143
25292
73898
59304
76044
76400
24031
8611
97436
95727
94677
47735
52843
36073
82983
69312
72285
92440
70249
33753
59904
33961
8660
73406
65886
99119
75534
49708
48056
85444
30608
37947
51175
4250
19225
113
54075
24979
25135
682
85170
71057
32261
68164
75837
61384
65288
69650
63207
12323
80922
87699
93582
67526
1951
35778
37746
33148
61526
34657
59468
58300
12494
9924
24079
74604
42756
43215
24825
23204
7280
314
2823
11924
59506
90422
68194
93729
30258
97532
53178
53617
29038
13911
92018
65405
12060
5159
85943
63174
59793
65158
35758
58264
49199
48871
13920
31581
28876
9025
73822
99405
60564
24658
43499
70385
69142
2835
58720
75692
74210
76333
93620
12255
39107
24082
82835
68593
94879
23849
78679
58220
92605
6877
19814
5527
65701
34908
43136
47957
79142
35687
11176
97890
68882
74384
26275
75151
30033
47248
24365
65959
4738
81707
62430
44679
31606
83048
38447
9786
39037
77604
27801
86246
97518
44598
4504
10629
14260
68724
15477
62477
45407
55191
20894
24842
85960
508
45451
2362
51704
33913
73194
71340
33889
98556
21070
62319
87539
65298
99230
43772
86394
94843
47862
48363
87410
83224
37434
43010
11993
89368
2368
80930
18213
50865
50302
49342
63772
24581
79144
63615
43350
1180
90354
45822
73361
44828
78569
69938
67846
76640
93038
24228
27017
94700
60394
22032
41507
95595
69219
62313
34023
82626
68840
2974
56275
49793
76927
24081
75507
3754
76056
72400
48393
53532
72783
46766
13888
13347
23884
88668
95276
28012
11987
67107
63650
77113
98719
50621
39152
93878
64330
88754
28798
99290
7499
70858
66518
97213
41672
50993
70786
64810
54607
65367
10240
68835
71668
71408
49996
54315
1272
43953
83862
80619
32184
48642
49998
16051
18010
75679
20095
92478
65582
13375
51363
27177
88564
12449
6979
90831
75144
36828
60868
38239
56966
36852
27643
636
51941
98018
59168
15087
22763
42241
81891
32029
81217
87383
25599
44537
16567
48108
96250
59542
13971
54531
92875
4041
14994
5474
59546
61918
22378
92704
59038
1007
42182
8932
55583
71447
7060
19243
29416
87986
67455
17259
53068
86470
17924
55721
66004
79649
51674
57104
17358
97018
99851
2356
60554
44093
28176
40744
53890
40054
71442
59432
62868
84795
83479
28699
41588
4194
85061
50045
46523
14806
21775
39156
18456
8246
60497
75332
59312
64358
23833
98714
23486
42603
32718
73678
67488
49185
57912
87833
9603
61460
63718
11346
50378
3446
66017
7
85594
27988
66754
30866
69717
80131
90758
18378
74607
19426
86057
88928
96329
75428
91731
49915
56305
3808
71799
12676
13256
2324
49469
54795
48919
82618
88391
68809
28020
44900
37904
64751
74950
31608
76733
78085
25004
64541
30949
39072
81238
97368
8476
49303
43534
24903
40332
47530
12300
48483
85856
33486
65226
21906
39353
16998
99688
21312
30444
63987
97906
18995
57481
16825
96077
37211
17480
16202
35246
36574
32128
46900
85004
54241
47670
2230
65382
5975
71760
78682
11586
67876
94317
5908
43347
26647
16142
63449
83117
24617
70546
34474
7769
27591
81891
50651
43654
59081
88555
78710
81430
78271
40348
82503
72104
82997
98994
17233
52127
96763
11507
3671
84248
4209
44465
9880
33085
84601
11212
71016
40658
58450
80696
40589
74604
48813
63019
52816
56539
22408
45344
36068
10394
34144
77341
94290
92947
22897
13674
11108
43223
19279
46063
26483
5262
14709
50245
35494
71681
47565
5209
86222
91643
89189
22585
62212
63033
79023
34184
87380
53291
12019
47885
80051
58255
75699
35309
84896
19972
72992
92910
22363
77128
94752
82169
15862
88021
91239
30313
83252
12357
67158
31905
4670
24579
44051
3526
80214
28496
4950
2934
38901
72247
76583
7725
36027
41536
12627
55296
65684
87659
59931
10852
72885
60220
2111
3190
90496
557
56581
26700
23565
84953
39652
53554
10314
20225
76807
7829
13874
17619
36369
21687
60171
46957
77273
55960
95698
9465
79195
28146
86029
25421
91375
41154
14321
51560
11352
96630
86279
13941
15073
79480
35308
6003
4278
65440
75576
59517
38416
60706
9537
85446
7800
4485
45480
42199
18781
14359
31460
35658
52311
10343
18695
81850
54143
30983
25510
14787
73588
56633
2051
73013
6536
31265
68981
95334
40266
23556
21694
45091
276
38938
39660
49180
69508
62462
71304
83640
1974
68151
84604
57920
80893
93164
13708
80460
34115
75091
92929
5702
88462
18940
17713
76272
15660
3144
57307
53389
53185
8992
98565
32057
22126
24856
45999
32653
63440
52016
86402
64209
6222
32503
8014
97074
38420
13434
74540
2418
53931
59281
54811
28511
23106
89304
12039
57846
51697
88472
35274
16720
70392
82096
36633
59942
91120
60428
25316
89532
13644
602
92626
14412
86597
44534
5875
76837
57486
17929
38471
17951
16896
44000
90088
67798
48997
54257
61713
7734
29860
82660
7619
10284
75429
71543
85414
74880
67716
32763
33495
90808
996
32080
39290
65248
84093
55481
73604
47286
33903
72694
25070
92909
50892
74438
62779
52304
73287
84511
8548
55262
42529
11444
17231
52589
62908
98917
84891
36165
68213
3874
51855
38746
13826
62313
28551
12086
69742
38471
26344
15138
4328
71291
26798
73836
62779
59161
45907
4249
36483
235
90315
93684
22391
87490
36606
1352
99349
85084
71490
56930
35245
21690
58667
36102
11130
90362
61621
27950
40066
75868
90657
20403
22276
71578
51652
50898
52906
2748
42757
16820
91229
35304
21933
85346
55087
24634
99408
43526
96355
84159
93488
30289
36388
27668
46851
89240
25955
10088
95883
42028
75595
76278
10117
5748
4848
43140
97680
89090
37725
13738
89751
30004
37000
18149
55815
64076
36059
6400
22144
44469
38777
96758
12221
35425
61751
53131
7953
92841
13051
48984
65945
14221
97710
9726
2553
66356
78425
76475
10336
56637
59711
64730
93793
65274
72400
30572
61940
10717
2643
20946
14556
26631
49922
67763
78606
17727
76351
89326
2282
60774
778
46294
4860
10407
59286
31237
50169
17587
60334
11181
63399
64567
66033
71836
87295
42080
23939
89037
62434
6904
39982
91699
24806
99819
59475
69226
53200
84282
48984
12620
7533
38586
39702
97653
18360
59304
38275
34980
35848
44648
62697
57169
40505
87878
28833
4643
39396
47286
73710
72991
22921
54388
61194
16137
59448
37724
24138
41761
48695
89537
64120
14985
34902
75516
70611
23181
87478
68259
47387
94158
10863
36257
3330
7242
68065
69785
15515
4989
12888
12824
66490
44312
78905
23381
91422
39611
28052
37199
78189
47706
28493
25062
16754
16665
99076
97796
51152
45686
41257
82069
39615
66772
58791
7052
31918
79441
86448
41258
91146
63197
52845
60193
33481
86956
76293
20926
23971
52168
1181
13761
92612
63161
11028
51206
30304
12455
93466
33927
78524
34424
15441
56413
96480
12833
73172
35300
18827
6341
1494
19407
34618
47717
41194
75852
29569
57415
16963
12237
80126
67835
55356
15740
14700
54293
74447
1946
84416
81762
99320
80918
57393
3195
12368
1177
73617
1406
20935
60778
89538
11174
82824
37722
98864
23162
80097
59236
10464
45813
2629
85235
76490
85335
14733
29152
47558
43645
25774
43202
29887
50704
44611
3054
96303
32818
49764
18773
54546
75224
83464
28664
38261
12588
1930
48482
35566
31243
85040
14003
63790
26038
47221
52581
78277
5727
78101
22149
20824
58865
96016
3063
20566
40781
63072
21303
22200
34186
25890
2589
79242
34744
95131
87411
11884
44617
93908
77102
67686
88203
37520
51894
5796
88060
85188
34336
23865
12244
77844
32297
65717
66529
28632
58218
49830
24460
55199
34999
34784
98182
28632
11837
78714
78598
46677
12121
21370
75366
9533
38085
1836
78709
48829
23695
41555
52818
11251
8276
4330
83490
91813
67439
7499
65712
60291
44638
65202
48028
21702
79566
58361
35853
55543
82292
8680
83138
29348
15471
77941
75656
53400
65112
23908
80423
15478
51929
63271
12109
13538
43127
8578
22530
71262
99882
62732
65252
34487
21030
34251
25900
89641
53974
98673
32686
53388
36581
76846
24014
51318
575
40851
76522
14464
69296
52506
85308
82682
44409
89502
85539
85657
16915
83362
95758
3930
55032
18177
77980
18127
45307
64354
17573
12753
13127
15685
14576
99964
17093
99304
96656
15757
50004
82553
54396
12693
61483
43761
20513
52567
28892
46543
34018
79131
99795
31699
12132
97661
31726
96816
22945
44127
95302
29243
45897
36219
88476
67290
82125
79777
58707
46717
58826
32052
34649
46357
98692
50553
11993
29536
67410
11767
26250
1776
29581
14015
45612
34544
97425
89439
94928
33431
70503
55077
15409
91519
63563
84989
56880
28465
38150
90991
28246
9382
95120
19527
86905
58518
16570
5760
20026
1875
21002
98828
33237
47616
3288
95370
92608
63999
10719
70686
85525
23933
55983
88598
11878
76085
91980
77890
77938
5744
72524
80083
75363
96598
58915
16520
65951
32203
674
14313
88251
70478
96131
82534
41752
56720
62338
45714
72612
11917
85480
15807
98427
31793
2468
26450
4193
75792
75424
4977
33858
86797
33825
78948
37586
57683
743
69475
36124
60108
83395
38208
41080
45780
105
77933
34397
95203
86660
69084
17671
45920
44249
84232
68098
39567
93217
70210
38717
38072
66034
98581
74477
14364
55733
29595
7723
64406
32522
75448
76573
41147
77572
21298
31571
57090
34195
16386
66304
47672
29796
31390
83523
74457
22722
83832
8443
66049
7047
75334
3298
16849
98781
94597
25100
42671
91431
31893
23125
97324
79903
38020
32973
58688
93188
70385
69884
60476
85026
29848
2520
68254
88571
52735
85485
55671
5362
76326
73635
24377
66847
58701
77276
9564
84404
17344
47112
92886
35594
31221
53960
9176
82672
70641
54580
17869
27188
31992
59625
94122
89017
24901
25179
42369
2118
56263
2932
23744
43099
22948
26651
96174
54245
43710
26130
86032
64502
70357
37752
59714
16588
33434
43702
29965
20640
72019
85759
51883
96573
42578
76776
78823
95410
70404
19083
3660
7831
42403
49631
7310
16862
63664
17142
23846
75839
1810
79676
46972
62830
33690
19793
25864
235
34335
12534
62495
95173
52526
62925
60755
78946
64204
44020
60075
66791
21553
55770
79606
70017
56946
2136
34618
74093
46403
48571
29873
24129
85548
58093
10197
11685
56711
84943
12482
17273
57222
32607
32358
82356
22921
71027
6567
64613
42860
46712
63236
63542
78146
52618
35604
75431
30883
37777
43332
19131
26773
40073
98784
24181
85673
20516
51207
40155
72453
82276
95374
18127
5234
99148
1012
61979
62041
14654
40497
33338
10971
3709
42200
49665
9354
23757
88120
33374
36423
281
80713
59139
47555
11664
30468
90907
87027
17590
32423
57387
32476
65859
41047
95363
81177
11956
94623
37129
69098
95782
62344
32967
29607
47913
57645
69904
98236
63536
51604
56702
1710
9259
80685
9523
51866
79030
69782
78317
36083
39660
44088
6727
68116
50969
3606
55808
56761
79935
76905
75422
58638
47299
6952
45162
94654
20360
79556
53927
61609
17306
21783
55725
73923
54721
81239
71751
44779
87377
28104
47521
62426
78123
33671
35117
28547
96436
58752
12005
1608
37767
44820
58911
70851
64144
66328
50024
28985
39428
70684
25624
84148
53592
4407
47036
83231
42586
9688
67749
66368
48736
94482
24490
63366
179
27642
54842
31876
48193
52367
25126
34086
37041
60792
43392
53314
12095
18496
53806
82281
14687
29092
70950
17357
55347
7558
72358
86565
16581
41516
71082
34099
50231
39692
62840
93531
20025
57362
50197
95890
85255
67134
18960
71429
76377
63199
99421
14142
16099
54663
57721
22096
12387
28492
57898
27468
89091
86547
81001
26422
44209
34490
94853
88233
69704
33213
3160
87570
32189
68230
34946
45109
71221
31113
10068
41392
46448
42449
14137
59990
74267
10873
77637
89847
79994
81609
61870
86470
26762
92273
31903
75159
3018
32415
47704
28860
89197
58944
85886
99370
92589
22891
87768
56528
44181
51240
76287
19723
99031
53948
90092
74646
82174
13090
76102
38165
87831
68378
56331
20750
90549
81740
27777
1762
26340
79318
48400
19001
88665
8167
66094
995
64938
66480
4274
47621
50021
58125
79149
40880
28304
79582
99332
80401
86016
8802
55357
71332
4534
37983
38121
71211
76651
85240
88496
90246
80268
70304
57063
61977
83250
7322
92009
48003
44306
45101
7355
50809
70900
74433
52928
42760
36075
39565
83007
78711
21724
27659
85936
21011
61042
63230
59491
50395
51393
22072
40788
42770
82289
71664
90613
3148
68432
62213
30118
21797
9950
70790
4611
23684
45953
64316
62543
28740
45223
87060
41595
27643
43307
53590
78306
84466
29315
59754
71952
27249
81519
40141
22083
44526
82012
51518
95887
61777
72065
66394
25174
7255
63378
40535
2941
42974
64164
70577
42128
17408
9148
88124
98237
9861
67956
66534
46536
2686
60813
4303
26880
16301
4839
19944
60304
10193
21521
3400
34799
44407
84021
9029
70463
70649
20728
58034
82591
32675
10704
56949
87017
39515
52377
16833
87442
43110
99176
69154
55035
29667
72140
8403
95712
97628
77775
58680
32784
32930
81058
33631
64199
24957
61724
42840
13875
93411
49411
41306
52804
30143
30766
70817
60387
9367
58005
46908
35797
25855
12963
99273
57981
56151
2140
77345
50899
15228
59415
56936
28513
88168
66421
30936
91789
37499
53873
34478
83308
73918
61439
42070
61620
24758
1521
25759
26401
48081
19893
59428
2190
62281
51555
29096
85054
15450
60576
62638
39277
15572
86268
57354
42841
17346
88355
49468
24395
22025
40997
56600
62196
47299
16608
83162
91152
90169
13793
44288
25097
17865
79603
24486
35200
40376
61582
52407
50418
36113
29471
42641
21092
32458
39530
14069
59359
94798
50732
96160
53212
85171
6204
4529
40762
52646
97182
12847
31411
75557
32692
79771
67345
23833
57307
98793
60334
72199
88057
32265
11991
52433
34950
61990
77617
85185
8438
23565
30139
14177
25184
26501
37962
41681
20294
18866
84693
64201
75588
37589
65043
63666
61299
27236
15436
48105
2085
30814
3197
68906
73314
74723
94533
63982
60215
36650
64733
66555
54058
17831
14785
19850
2630
12672
82424
60407
49659
26070
43832
88114
59234
65411
7305
16917
57808
62183
1677
25500
10886
35636
45690
66283
75950
65306
94239
97081
1012
53762
8250
41482
6097
51790
69042
97666
16708
88145
82824
71091
52225
63006
81161
51535
21043
55534
18151
22344
32759
99372
87909
60055
90890
33819
32338
30188
81159
58264
73621
52596
80264
83376
67441
65995
56659
62681
88173
77663
34844
58528
56415
93323
39519
7221
94157
80963
23200
21925
53449
64909
3380
12734
67866
30931
92672
12313
42817
44189
68835
26845
55804
43466
48490
33930
55699
85683
63345
29443
46332
53626
28203
20622
11132
65214
37579
83434
91200
80437
24429
39904
54585
6876
3893
77088
24919
65790
95678
65553
53698
81562
49654
23499
56552
73562
34280
2195
11378
4790
52837
88019
60652
5078
16091
64711
15274
73899
6249
34322
19586
81297
50570
34367
50603
4456
86776
34079
67758
29679
23094
3466
64793
11537
4226
30988
79066
42805
34140
4421
39848
66953
34547
90640
74921
78715
11435
80177
33980
64855
20211
47665
96443
90966
22926
5355
28570
93817
86539
99667
54391
95340
76131
27888
14670
89271
6485
24411
87748
94913
37227
47837
13131
59920
57298
62751
57678
57777
5287
38166
66527
8196
74176
32472
24697
62039
91916
97756
72383
77401
81204
25271
45934
91999
17324
66303
88172
15987
47146
52638
57824
26460
40305
7281
50422
34392
75631
38541
47297
84413
12528
51618
74055
31676
50403
68382
93350
13732
88303
2258
37708
98837
53399
24697
38444
632
11047
28700
27755
29666
5177
37317
77088
87646
48304
64505
68388
8225
27128
88722
78665
66687
36099
54050
3311
16901
72624
11841
57802
61429
67741
49985
45221
7373
6809
68665
6547
59347
13299
70369
91276
74969
99076
37924
97216
42720
22679
68200
68618
79222
46030
65300
88102
64831
37990
94397
91987
85281
45250
55576
36304
94817
5728
67320
31272
66841
55048
17955
87357
58846
88361
71090
89991
67302
3664
71011
13189
93240
27748
4935
49922
22019
45583
31342
60023
77628
62100
60193
61997
94161
28981
5456
34132
27444
2980
23835
96558
81055
8234
69224
94752
39392
10962
28146
45861
84723
68337
54155
79548
22311
77426
5909
50314
33325
74600
40423
47922
43738
98383
29990
62461
61351
26011
16126
73458
6926
71886
957
82423
55118
28305
63032
72463
37112
79199
3187
27428
71318
99054
4705
28770
53112
53151
67350
34986
54977
19886
99337
31429
75412
39982
29540
10730
22466
8696
68793
67579
17866
59677
54935
64780
75637
27663
5226
47863
36872
29314
97475
51243
52962
6633
40531
67832
61675
63372
39420
41624
97926
69338
99131
18661
32714
77710
72330
52497
64070
38851
83097
98555
39782
6366
75506
28880
40326
65866
26836
36258
28084
39079
3546
69623
32806
97573
4707
10962
4922
75764
29441
20750
36106
12614
64169
97048
69785
57228
98482
49290
26049
67778
804
71945
23849
49002
87520
83280
28414
91526
1272
91219
88045
42671
1970
6960
20848
48486
36553
87914
80553
92699
71140
17240
58351
42643
37520
34002
80823
71728
39356
99725
89628
48582
42785
45353
46057
22925
37048
94103
76287
58964
59612
62531
74562
35826
7816
77604
42912
12675
36281
21120
99749
50661
81684
28480
59249
45882
83718
9656
65602
11542
23486
11989
55294
41393
91530
15673
3772
47952
84054
6063
21469
91485
30971
53809
72596
15727
3840
33762
33365
74907
34740
55613
82499
18012
58242
7442
47572
2202
11194
85761
12232
14535
16557
10757
19688
92603
49247
14886
31574
99289
78141
86644
40668
50393
68878
45733
67104
60740
28938
69502
56497
17615
28878
69373
21095
66087
68522
98882
29440
25505
80703
45874
41567
59709
21235
5852
61614
44081
36307
83436
84380
84866
7206
42244
16535
98364
64052
22485
91075
86032
15762
74182
57598
906
56771
98342
24187
63967
57145
53247
22100
18355
99024
86830
71712
3974
43041
91587
41461
33188
89524
37015
73763
87850
54430
24011
22348
87279
35893
93558
35756
37840
91419
13450
57070
56612
20007
88468
91254
54007
98539
64710
46373
42118
18365
14200
86640
52389
84969
6822
20559
17422
84495
7359
87783
3927
16060
10076
65869
74243
39549
11352
97248
38617
26485
98038
47060
20436
98386
51090
16433
67904
36440
63869
31108
99601
8218
702
76599
55041
65361
75510
85562
80648
53270
93843
78557
74577
96008
24433
68531
48210
31249
79744
85309
88980
73136
59220
46311
67159
72420
14543
80784
75753
42981
87221
74204
95547
54122
72693
885
14786
64081
91476
94817
87397
5960
12112
85785
33436
16583
99142
89248
33605
3450
60776
59099
50386
51011
59784
32586
9995
49687
47742
64085
82584
33514
83019
59126
62348
63190
35888
37114
33484
12512
11669
76246
12097
78797
92620
77511
2762
55441
8859
28999
96650
63611
70435
85192
28348
85441
4672
98246
55880
77992
13466
19127
33109
48581
58847
15472
12093
92708
10804
67722
94435
19125
80303
46628
62339
20454
11619
31255
26711
3394
244
68298
69693
91520
90870
23877
98970
78150
5645
11837
80522
53135
43761
4165
99725
58843
90867
96793
48137
56267
20515
42438
49741
24907
60763
35801
85200
50080
8858
25050
38263
84413
59073
45710
76245
1977
99837
90222
44177
13667
64909
28346
50952
79864
39687
77297
69382
40841
49929
94100
50237
55781
14354
4299
92792
38566
76977
82714
8053
61983
13056
53441
40445
5753
76258
39356
7964
69374
97391
63832
81850
86014
48821
80575
8942
78215
5359
60717
73831
20053
4175
21535
45720
40220
91146
69024
49374
74275
38329
31025
79937
84612
66718
22449
21435
54840
15845
22960
90481
14305
16729
44518
29896
19954
66090
43736
80013
98854
71521
27264
48193
58440
83498
35371
37147
89820
57215
44758
94974
37665
47351
83230
60167
44774
51846
42936
43684
44207
60174
35849
55555
7615
78612
6734
91849
14624
57952
46636
45977
9291
73182
26167
43322
41350
82071
51064
74597
86915
44902
8990
24576
40875
8392
49303
88739
75720
76693
70671
79331
93653
76280
79970
4535
71576
30090
26816
80524
16153
34457
18329
98871
68069
7604
68038
14563
64161
34389
35003
22921
66827
2314
32172
53016
30524
72560
27454
77816
22561
38744
647
23688
90607
60319
44937
52666
77229
11352
89459
90717
79797
12743
12121
32881
74001
20508
41003
34849
61988
98857
68025
83346
1158
18904
8715
23453
8271
81726
85212
80182
124
58285
16734
45985
3842
46455
84221
21497
44490
6912
94082
4160
20056
30077
53985
70789
90291
8942
86095
91154
69300
49172
28235
40622
57178
63520
57949
33380
47553
58729
63180
23769
71482
84105
16821
88187
83762
16351
15625
18077
9235
44656
30087
16223
60664
13072
9415
5990
15554
19984
59523
41136
1666
42008
81541
40190
34009
67536
64906
80281
43001
6982
23337
43165
13181
44431
62244
83029
23068
49584
83448
38133
38987
40156
60211
9354
20199
4514
85782
92763
22701
14423
66180
50584
25931
36845
61445
19818
4813
79778
50423
48636
40416
62281
39888
61319
66010
925
64260
75496
82283
5412
37087
59744
91816
50884
67153
87734
4638
54166
65133
43762
72344
51655
2933
19602
66746
17062
41144
71489
66187
79505
51851
6157
10874
66678
55046
95776
77257
13069
54176
75848
99840
78119
47511
64473
69775
50315
38183
90138
84938
31987
31566
27581
12344
33517
60565
54308
77805
86300
41667
48229
77265
65663
61872
47921
92622
19642
88753
39290
79643
27330
5101
23251
35964
37809
66422
94301
47717
35031
28293
68314
1627
57240
18944
17695
93323
75078
53423
99469
91024
55800
76122
24348
57896
14142
12656
73605
13109
14462
6062
13760
39245
31146
48210
2688
42279
6523
16262
14603
23148
20712
14752
37698
93445
28010
91976
75059
36047
15873
82014
38180
52436
9285
82665
64245
92926
20467
80792
10252
9946
56726
1195
51366
43753
666
97662
5714
8987
61039
98001
22026
7054
88264
86795
4098
7474
97722
42301
83687
52874
85205
95850
86111
50634
52527
99544
96319
88603
39839
50242
80811
93483
73018
17284
54019
44901
14110
30021
92924
35007
94755
90773
80220
11214
98752
48556
81632
33643
83654
62735
79911
70948
23075
47818
55890
40619
9803
16540
93304
17541
74976
17913
34539
96787
96080
67430
23449
62556
89242
84667
79711
19186
94410
43108
9005
8686
9436
72657
78439
12799
62956
43309
28657
24233
56238
95909
17828
98413
66452
93396
1697
69992
71239
99152
26550
33229
52986
80676
83002
41827
61896
15997
88840
55080
24158
59310
11067
17318
34496
20022
20485
79139
42770
48562
40786
72725
55024
7089
58681
96057
74113
48697
54855
22102
17788
5855
14929
71306
29580
51684
13143
12469
64870
645
32439
28993
6127
55578
2867
27603
28173
43447
60709
77278
56451
22772
14786
75126
56376
30724
90937
296
58155
38367
48351
95583
5106
60519
89451
70624
67366
89109
31490
49586
61925
80131
93105
51114
85463
47568
78176
99537
62705
98829
76451
21795
82348
1381
27344
22579
4416
15398
87107
18372
50845
20301
62814
21288
7189
30821
92929
31344
10218
15354
997
43148
74677
52490
64185
6486
14832
79240
84942
4303
21290
35630
51386
40104
79416
36665
27887
1903
67279
37985
13704
89942
49808
57746
41364
72031
57411
62747
19216
43686
32900
6337
79997
63555
33729
66786
76873
4753
60834
56342
6040
28296
76332
70642
60916
93705
62698
86573
43211
34178
50916
63595
96015
18378
89407
23647
90573
7082
43998
55656
5783
33041
93135
92465
30323
87023
73112
208
80937
27747
61465
36083
1190
61730
65066
98148
91856
32996
57113
42797
1440
1471
54883
76586
8223
91661
80621
94104
88059
49233
6757
86979
45417
59300
33832
59192
2740
15750
79848
66034
34991
57676
37218
58907
84587
86080
13583
28316
71918
589
6252
62739
97725
23009
34829
61851
1793
93410
79254
45597
4594
61029
84360
51556
48987
28197
39480
94201
74226
27112
9283
17199
91865
81088
96955
68764
67945
75531
29437
82317
48344
40600
51819
10184
15921
4836
14615
8097
98459
26806
2528
36641
30118
88966
72210
46022
58849
26400
66939
97341
3836
223
8097
48526
14608
44278
18799
40134
14553
27375
62476
39748
73280
50851
74058
16075
20851
45123
81235
39586
21788
16712
40052
88532
12378
90877
44510
82997
37425
36448
70994
52664
57676
40217
64011
72954
46345
3493
19348
92313
95440
46451
8380
60858
49688
35427
68005
33829
21073
84919
86843
18078
23118
24589
62571
62103
57191
84048
54468
1001
54898
57321
22695
83220
84177
33367
78792
56460
62704
62805
14486
81609
57015
88062
52189
47935
5175
3633
39423
71741
91386
49186
15339
10817
3480
25303
46471
59316
62758
18735
64305
58652
46446
970
28978
93030
11695
55462
77105
45895
12976
80707
84365
92727
79631
51585
44389
46393
6504
70515
28118
17800
49000
15067
56267
2604
71196
27697
60193
22428
43550
93511
83639
18745
39006
40317
38494
70968
63425
89364
90242
65779
1150
52857
83308
27117
34647
69491
85829
83078
48515
68728
90818
96445
41405
9466
16990
30037
67355
78696
49309
26810
31996
91801
76155
33734
16316
14672
219
89513
94438
3196
59925
86878
2471
39754
14116
86195
47518
49466
57140
76552
25469
40382
60551
13705
36904
53931
18040
73736
59182
96356
51048
79982
52266
97412
20992
46858
30158
57543
78222
56961
78338
95268
78821
16764
92222
54635
88320
96074
18318
6489
96500
77214
91371
44811
71387
14894
47088
2620
51757
86057
53331
51462
57432
53105
98668
66818
55214
61835
77419
39978
43526
98870
4943
84383
81959
70608
91717
90039
71508
83080
25992
5985
67282
39474
15201
28905
25744
91740
45708
71268
36162
8452
3227
43691
45645
75584
70
86404
45788
56847
71768
60247
24113
8838
15351
10525
55603
94699
27525
69834
52369
47972
16666
64880
27371
77752
22653
76560
62220
28267
23370
61668
69462
26327
83156
57475
18383
85348
95391
25600
54090
15929
56295
6141
53731
98011
54867
75723
32227
1782
25490
69179
17857
35503
48187
89876
12949
11691
41102
53943
65865
97629
52762
82975
44339
30554
48194
22442
97919
81328
61806
14234
94047
20947
19507
49878
40352
69251
49133
9677
57902
20986
66569
83041
56273
1765
13874
47613
62940
60732
19545
10682
23215
17391
68263
59136
5465
68968
49525
31476
4153
92437
59626
41349
41706
60103
17948
33449
49191
62903
30498
50080
66316
99191
72319
6016
66828
89307
48660
61891
89364
37678
42111
96314
86506
4224
71400
20780
54288
54843
45687
38149
7253
48263
61088
27077
5541
44941
2231
5289
70679
12364
54171
19518
58559
27965
48026
32715
36145
76797
29948
36959
29766
20458
49794
72883
96019
97458
8607
45605
84054
91758
19533
22328
14571
33967
27772
63025
98991
80591
87863
25924
99645
75283
41777
25027
3940
60909
35014
74470
78136
37804
88358
11288
66451
43825
89738
67491
95884
99053
93980
38273
80185
2148
27137
89755
6148
3924
30453
39986
3210
90037
12977
89225
97417
27566
96526
29059
86359
19610
54377
44511
1416
45288
27981
31597
36790
67368
33737
59106
86625
92883
76244
47854
24425
22909
66905
2045
95925
25951
67496
23054
10628
33273
21867
47038
97470
96127
81201
91327
67917
55402
94875
68286
75991
59073
52549
82811
21962
43168
84132
37640
8445
84823
88718
85341
7668
77431
76420
91712
41849
96537
81542
6942
69925
78736
39547
49028
7716
80994
8103
78904
46999
19363
86088
85535
88047
53653
96096
16108
10455
21927
5002
9180
40264
44514
68860
98463
78314
767
38390
50363
79275
70073
7168
5596
82521
21655
53799
97206
88081
27489
33264
63312
13289
61770
88013
36802
54405
46802
63073
52281
85612
2876
53576
25278
64184
54491
39489
53241
5022
4244
85079
87464
58561
77294
33273
79627
18358
92813
41228
58758
77128
29404
51857
2615
1824
72983
21147
74713
78219
88615
12029
2309
53573
90854
65068
18359
71574
80324
51796
59355
15611
29486
36961
20989
48574
77085
83747
12935
70307
32888
66081
80384
84019
56274
81221
53630
91578
8954
69155
76455
21504
66984
63299
97304
19199
20581
24824
85970
28931
12007
51123
23930
53607
27913
25178
61105
72526
88746
42522
10215
37214
19239
41080
78826
55579
4886
90092
3758
81554
41279
83655
32314
88137
30162
36393
54396
51557
14029
44764
12977
92444
52582
70852
75103
95638
93764
44470
56527
25904
30640
82757
45331
482
59180
92814
23963
50249
84663
47630
14223
67214
96834
89080
7634
83505
17451
23833
18188
85811
65398
9716
82720
8684
39543
85816
601
19488
15312
87080
17620
65122
46837
78747
15145
57085
77931
74643
88059
38197
6824
57550
79865
14028
61358
30944
19772
99471
43009
66096
13522
86356
43657
90183
51412
50521
95578
47226
99226
18552
65768
49799
12340
81294
64184
35678
2915
24536
82595
98245
939
78224
58983
51589
49789
63752
41649
27819
90469
55413
14988
39288
2932
55411
65465
49110
54299
56927
48871
99897
93787
22661
54365
37341
43080
90231
66295
12277
21615
88910
97808
9187
31304
96000
2349
215
20103
94840
14796
34463
96957
28870
86108
22300
34341
13310
80793
55966
52323
23676
49059
94898
19485
71604
56425
13247
67733
38757
32290
42041
38626
26250
22866
31623
86765
41995
48450
45189
78778
32122
27668
1256
72781
94684
85524
62759
34139
37494
96147
88589
47551
35089
33610
59551
88720
38157
75680
9802
8609
34295
6313
95820
7043
82222
77880
78318
38581
46299
2524
79383
74925
51241
1621
66260
87189
98154
9074
70498
98303
86269
62297
15214
52969
6477
42383
20008
75151
21023
57368
79059
95755
35757
77632
60082
85160
94223
70316
69611
2560
76141
56756
76139
8371
63201
40622
28513
37705
89192
394
18195
25717
89853
22323
65808
36796
81146
34424
41846
9081
80285
85566
97442
21920
70363
97843
93345
32771
40965
71902
2033
33018
77782
21733
75106
24519
11772
6201
46625
58294
47948
5339
75532
23541
13181
24493
33241
82395
16522
75206
63351
89442
47067
13379
68386
14983
52521
4617
32394
563
11110
70908
41829
63448
96259
79514
78794
58806
24388
50528
12254
48180
99174
7040
80244
92935
93758
86986
29944
76143
50472
26173
50150
59435
7994
12763
97053
74208
7794
53072
24883
46262
89500
74780
96586
7269
78969
24433
57892
93758
65585
6497
58621
55923
54832
79310
44456
38854
9372
95676
83720
13817
85296
37783
17379
32429
25864
75833
17732
58686
88875
46155
52418
19045
69866
39684
25290
50515
77485
71414
73317
98494
86456
21354
39969
26207
39461
77044
57699
81288
31820
2472
97524
36255
30869
80988
72154
53733
75094
71570
17641
58857
2773
8258
61155
22227
28128
28950
26910
88688
64208
60408
79670
99815
17803
30539
76965
58024
32727
55923
24814
69425
31403
66274
16313
63968
28108
60885
15615
3277
96140
91296
48569
27724
88008
61525
11245
80532
24925
43009
54549
67147
52871
40594
93056
63562
5327
57947
98051
97376
82974
60991
37852
91104
80554
95006
26146
72480
19303
74716
4844
82750
96572
18676
36842
67446
29118
68649
29336
78568
55990
84398
40713
64166
21785
90187
87555
4944
55979
73077
17859
11674
4276
79609
96740
92807
26596
54920
80062
29319
69139
9698
46485
45205
53753
73774
3357
93734
30654
45514
10190
23001
18629
49811
16167
47504
84072
49002
10032
83438
1280
30469
89598
66519
63642
71868
45211
98755
80674
72950
65147
86088
93025
24214
56345
85207
2671
30740
53518
91399
10173
18593
63151
62040
34411
33722
1956
82990
54176
16311
57846
77837
89048
3118
74867
54464
22750
75142
67091
83563
34146
18448
55938
33698
39420
27635
8618
32752
1133
39771
35280
11952
98322
82502
67306
1310
57263
91418
75202
68489
37201
87822
22236
83893
8992
91509
59171
79010
13317
11341
57609
32190
25946
34032
3133
47534
79043
64772
3296
7468
57431
70444
95247
952
3283
27428
68133
69227
70322
4342
81089
92580
5052
36368
75816
97140
75460
61009
62846
25106
53011
52007
97580
92184
50422
64777
78343
94296
73358
86231
22804
55542
50477
24477
587
45664
85609
25253
19482
23447
5359
34429
84124
9050
70191
60526
13790
76472
30644
26890
86270
15215
12779
2942
20414
89556
87618
10689
13192
38767
71305
19909
92934
95618
93419
43024
6272
27535
92222
43792
73802
96107
23201
28986
7477
63473
80027
58630
14098
9487
70632
48615
25856
3029
76120
98947
86465
79234
45562
3686
46835
22830
10461
36685
72137
33975
10434
80215
25406
51531
15575
31782
35271
57073
73200
96503
31796
46018
92441
59138
76730
43393
63187
95008
21719
68593
15165
60277
20670
50529
83743
38258
22459
18064
78079
26857
7132
12281
27737
31448
4188
96257
8573
67031
85886
50547
22679
50561
45125
34472
53400
63209
49037
69552
63229
29129
46018
83093
81945
94845
95217
71010
49990
88974
74645
67940
85918
94562
49213
10180
31212
79083
92619
79513
45768
68481
3180
3191
31646
44640
91809
57737
49558
27154
21369
58189
67145
12120
89069
16154
1410
9878
53713
48038
84405
8736
5605
65807
40061
93072
35783
85540
40855
74774
31759
66313
99763
53274
60922
46140
58175
41803
95485
18863
87650
42964
44177
96897
73729
67392
37648
46393
59137
82275
54462
25354
86418
57944
70568
24199
57348
17976
4247
17328
34107
89858
29706
24908
85647
54178
37093
13341
53248
8993
43490
88722
96820
70674
71128
99561
35508
36691
98094
85125
38148
602
40066
94213
56381
3130
87846
8267
63974
25057
38377
75470
5764
94213
33585
23409
49932
36182
76692
49345
80126
15436
83722
24739
79079
93335
59159
21976
64948
1358
27611
10855
95787
18444
30836
33895
12610
39950
19009
10756
51262
10394
14225
96599
67154
65708
55349
51752
57069
20022
6206
52854
73095
36402
82406
18141
30252
71690
71535
2937
31386
9244
20227
40717
19795
29550
80738
44688
89294
23548
78814
99318
75439
25268
87182
26627
20348
72402
88322
28694
42074
87747
51352
47818
9181
85633
40086
58764
56923
43449
62688
64251
20649
21414
397
82111
49213
30273
75734
66880
28790
28240
98097
77482
17186
85863
37744
27616
69084
38180
10818
91665
36514
75626
52908
53019
15245
39497
51426
47698
21685
72243
74125
91572
55610
61168
40446
8924
76699
15019
27294
2126
10651
1896
71736
38976
4791
67730
66278
41336
21445
97087
90202
34303
27852
11322
74075
12150
10719
84656
37227
28367
16661
20356
95671
92377
75669
32262
22024
25619
15843
26068
24180
83409
86183
47620
96602
15748
18006
21528
34265
53838
40735
87993
36448
3428
16381
80187
80093
2871
27410
64318
51338
89178
42822
66700
71232
96819
32943
53340
76677
93373
20732
41952
44740
43306
15036
91303
73515
34386
4627
82282
1866
49545
17365
62921
91786
80536
1622
91033
96637
51298
91356
75542
39631
28723
1087
94071
15557
95588
14182
811
10543
45740
40209
12780
36773
11451
71248
99008
38132
12963
13077
35311
25954
130
18882
7254
19322
18316
77356
57066
97479
40941
52859
62828
84479
94120
81637
8003
26410
52589
40994
26951
35865
86159
25808
42217
60562
95056
91624
77301
39430
1299
5999
7441
97229
58757
83933
70106
75455
93337
14985
34780
73644
22571
36493
47347
36176
51713
36259
29455
54463
40911
21422
82435
67816
88180
42981
58427
42452
62215
93113
73428
221
18707
18814
56175
55339
85226
1354
93462
40869
90423
92775
85043
65289
34746
35145
4116
9409
30513
72492
85473
143
65442
24446
79632
7585
4787
71892
66921
84118
83776
73346
13560
84683
71907
10392
82734
33261
40189
1042
29010
13351
52526
51640
26086
45909
53208
32126
3564
9059
85048
52512
9916
1429
66651
4789
68332
20267
46081
10558
32550
80695
3073
58932
11713
74291
82370
89639
98972
72501
15074
39663
9105
95757
44579
44678
89827
95870
55757
15973
40060
59294
40343
38347
68877
8592
86356
19641
53346
53923
44561
76645
71266
86375
44619
7796
79309
65951
29111
63538
29858
20067
63551
68220
7766
42209
10554
51336
71001
7478
501
76723
36285
79511
37922
28462
93522
99976
53993
30473
62430
90844
33414
8894
67531
79926
95592
84733
94821
32085
22571
81209
13271
23512
72630
20990
97258
52290
85257
61986
50107
91200
64213
6023
28857
22110
30187
41075
38611
45815
63892
20845
42414
76367
59132
72417
2464
95705
1277
38411
62190
92565
69464
1043
34426
32721
24568
5887
53376
94755
52629
77070
29616
79791
51190
78119
59784
83079
72492
75612
37688
77138
58254
23615
34717
29043
43714
39878
30706
98651
67313
16691
3829
72308
99547
80503
32076
72742
65732
65547
44656
76758
76382
45503
17422
38529
11288
5296
33204
88678
18649
23758
48230
58003
21942
89280
57121
58799
80922
36221
22388
63460
63286
86593
51907
29023
80126
9673
26025
76073
11431
21241
71530
88530
3180
71243
48248
88172
10109
96623
35947
2868
15180
92354
3226
12457
94380
68187
48142
72163
81997
15604
91501
6517
26240
37744
64497
55593
21866
96661
44741
14122
74242
79464
83393
53038
11395
58579
60323
34770
75762
42864
32405
65733
62033
78481
87060
74656
31961
88417
36915
448
94520
72546
80355
57792
61221
23789
2607
92643
60137
20046
47282
72149
24198
87913
4067
21424
10414
12002
98645
44467
38990
95682
84185
5544
83155
26979
59208
24156
99932
4497
65061
52957
90040
60011
57207
95694
3887
36587
56571
32546
80106
8693
99474
26733
83622
64307
71619
52981
72897
96813
45587
14055
58049
32045
92481
69012
78893
56520
58718
65910
22223
86710
28319
9963
969
98833
6343
89896
47129
99728
31004
25933
13893
53960
10311
83947
31246
78612
53071
37817
43454
31596
22204
61870
92618
17142
3005
90319
41520
29991
80980
33403
59445
16923
29622
78635
15046
99157
45908
82029
54302
17451
93984
70146
31329
2604
86848
35798
53996
11650
15744
62002
85987
35216
28469
33206
97697
67937
79714
12742
5020
61958
97217
46350
82016
22828
43937
50315
36582
93554
73363
18875
57653
21237
52241
73816
56535
84324
58046
32542
80429
55228
24017
74944
42307
51479
96974
83086
22444
24681
82534
67816
29587
98876
6700
29030
2818
97499
87026
56241
7210
32627
32927
30919
71350
85728
7822
72297
34799
51033
54645
86719
56059
52554
90813
43238
41330
20915
6859
34141
27080
52576
40968
20227
55383
13596
93930
49710
67199
49921
93526
94586
83017
12389
32563
82732
8925
60262
65568
53540
21534
91478
32758
66681
77613
43391
19430
6158
45471
24479
72453
87832
73971
68600
26268
57849
6480
47861
66826
44125
92182
10359
65877
14384
37225
61208
83059
49378
11885
21239
35653
83757
11297
41788
85899
24873
29177
59031
35286
19398
15251
71534
5072
45713
97664
83469
20080
23614
87169
81189
11521
42039
82114
2281
89829
64860
44563
55167
87344
75075
90851
88039
62177
90085
98371
4048
38344
25420
70601
41998
417
31746
53870
10180
24513
59757
93349
97949
92554
60815
9200
49749
46855
29472
80533
26080
79160
61261
73548
97943
30857
53729
24566
29532
24541
53665
98535
98612
11414
3066
96147
91106
43382
80130
28593
98924
51163
6247
42830
87174
53105
59327
11261
44900
82530
86231
78712
56360
98369
48103
42946
85623
42882
32679
20712
87680
76450
56230
75971
97288
18209
54675
20656
25239
56269
35976
93824
35389
68823
94644
16176
60025
49853
1542
2037
69602
17519
31421
31675
54732
32695
7352
34096
2425
84400
95296
54961
75818
41543
4759
85926
51204
71752
76882
85495
38138
434
67503
15355
54220
8555
75295
5797
25820
84193
98308
59819
39123
69141
84121
62879
13350
21795
82647
2605
66197
75629
32950
75395
37348
24846
56176
75034
82784
76002
82919
18701
44746
14891
83287
29688
94384
72704
12227
45492
64148
88836
11256
79320
49746
24971
791
60871
25598
65638
89717
46906
73659
5671
15888
87853
68597
90345
47738
89799
90519
49953
42350
81243
70917
7871
46275
36235
15460
52761
88649
39604
36885
49066
31875
98416
80843
49853
58102
87026
47930
77823
33208
36037
88485
91386
44057
19037
19402
20963
13691
97882
21948
64263
20748
86552
35413
73141
3969
57484
60374
25107
74654
34107
89922
3147
55783
9776
94053
15804
25534
49869
13342
97053
67857
21928
54155
96638
85663
89849
14740
92053
19272
52695
66037
19622
75650
75997
34317
59188
46234
75320
29652
48321
15046
87009
71974
893
25588
46895
13868
61885
48858
58276
28391
97261
55666
5265
68856
18197
50514
73824
42317
64822
79232
47582
25478
96121
46026
76911
65987
26823
25443
43587
78042
82544
84545
82778
22062
26713
4419
44402
57761
75241
37224
65718
60443
52033
51331
21071
1283
65846
48991
73332
30955
81505
94610
31942
72563
78180
73024
33519
3933
21641
88087
90945
12886
10789
30611
91989
83009
69247
97749
40660
18569
85927
83950
54742
80090
74456
88790
31305
13570
67260
77422
4559
65281
55008
35909
13696
43928
21225
80269
68933
23040
50888
22126
69800
63641
18046
40039
87924
47550
74712
95962
51073
25114
22681
51285
56080
31139
26917
39710
35939
39674
62209
75748
51469
91115
14196
46915
94926
14760
58822
52462
22612
40483
83179
54622
24453
49974
92575
1438
5717
99879
98794
98118
3636
65913
92667
41988
34926
49822
20549
11445
89833
40448
43707
10858
36199
86631
71009
1118
20094
78675
24321
22370
14447
22164
86679
84641
95326
55071
84168
61629
40705
49489
12013
33391
90817
43393
3231
65869
47096
99903
10429
86407
48804
97103
35183
61240
69057
74005
57744
10818
69880
51291
65176
17568
54442
77178
66754
9621
13602
8120
37340
19764
38504
83078
28176
46765
9966
49151
48583
81385
33076
4237
11000
1071
10351
99714
60630
77053
78758
14413
60436
40795
14484
15552
40497
77212
79538
78075
58516
69923
66018
94441
75551
89906
54321
20411
41342
80216
66945
20662
74086
64733
1113
51338
15988
27233
23144
95624
65056
57862
67359
76079
40047
10699
7989
90287
93144
441
61258
62131
51369
74319
58512
81304
24620
28511
66524
2327
43357
11393
20836
91430
45057
74555
57249
11611
60315
49428
32850
86238
74021
1008
47347
48744
5411
66556
42540
24807
58647
82626
38188
84089
12249
52249
46350
78311
45136
69659
33018
80762
93974
62183
15681
29184
50355
98505
79562
85912
67976
49267
97303
17804
55499
56798
17139
94744
96703
15028
73705
38523
15044
42363
27542
50459
32185
13001
35203
77049
46502
5224
87965
17665
1603
81431
36929
66079
22102
53309
18421
95519
54263
56797
75680
77320
19633
1853
59632
85587
13912
94467
79714
3429
52116
32125
8647
39420
87875
79195
96080
53031
34722
47671
57220
93636
24782
33412
39444
31463
3771
8964
83721
45871
47964
85327
92212
68828
57731
21220
83687
48935
67945
79819
97396
49946
57926
53487
32836
85619
53584
53048
61206
85467
10861
86532
81138
25902
30737
24604
95196
856
15372
42019
51014
58452
14542
79103
91301
76940
78777
98547
20630
49971
87598
67552
94559
27926
28217
64555
50932
45898
48383
5054
33523
75737
81619
86710
62869
31513
17858
65108
83195
37068
91779
16553
3665
76100
72220
92287
99452
40678
52038
8019
13264
49100
65256
50203
12174
34310
5036
59030
87698
93163
53690
82262
56852
48339
17497
81800
24742
14877
55276
2039
21058
9869
88248
14909
6408
51477
55663
98351
55610
18854
58135
67040
41787
57227
79058
28642
57303
11735
89049
91647
23573
75850
56344
56723
61705
80101
86076
47125
46609
57814
28787
68602
7724
85385
38566
97873
38825
88198
18622
52239
43009
68415
15409
39303
88091
88318
51849
24165
27762
78960
94346
22285
33238
21405
47049
98460
38570
66447
94637
43232
75688
33334
30829
2234
13115
81590
38823
42970
75478
74811
73352
9705
42193
67573
80636
83416
16259
32788
47435
59786
20206
56538
3183
69469
80931
57831
80828
96895
99727
37465
97657
73216
88381
69876
66140
20092
9003
66674
92526
67678
67305
53730
19250
11500
4570
75279
44319
23710
73972
68765
57123
64635
34684
53558
84642
34942
91845
36032
72440
99740
10583
78830
62788
95106
54785
80070
53080
97169
19206
82233
24106
27537
45011
92169
68200
97367
17909
8357
6159
30448
23159
71295
86185
50225
34357
20935
72107
61511
32126
3438
40452
77747
98976
86970
76365
98828
83113
8694
13113
27452
49996
21048
65058
83163
63629
33352
87175
75037
18318
56101
40182
5346
80714
25209
22610
62316
72366
70443
40209
27518
12997
24508
28113
20695
85175
50774
88539
12158
47404
30427
16257
6135
46129
20220
79063
59727
30490
34655
75735
69369
28208
72107
11466
3698
86051
71922
84028
85707
67907
14400
48979
40369
38021
88039
7838
93447
8365
94589
64847
86109
94188
57626
4416
81756
49149
36069
90102
16411
19069
29017
49876
17400
99009
71561
2468
46743
81639
81884
50737
89313
47043
68132
27650
5963
7389
46814
69976
46659
6152
72133
78315
14784
27495
43448
63518
77739
99201
42009
93856
16546
37646
51261
6088
22252
84884
75843
45127
98888
87699
78685
84533
28826
64523
21812
9622
5410
69343
6819
7536
31179
59567
29417
15444
25833
80447
51957
8651
48155
45441
56135
35428
1150
45840
10599
31455
21592
50564
34039
27639
53543
72896
87283
50048
80905
97636
9928
68730
4283
8331
59734
56879
73397
75669
36949
74762
63403
58166
81325
76486
52859
51330
4910
26068
47322
74752
94854
52888
26453
85947
48543
61600
86499
67040
67471
62599
59716
35928
64151
67054
46540
24869
12291
85083
72738
9024
83290
40388
73156
61945
66930
96604
80062
16430
84120
31565
95385
28577
28461
2777
32444
44780
74653
7235
45172
88792
9012
90828
23150
99133
79884
59456
22059
29693
76703
13728
30002
84062
53440
8947
66115
18361
83579
41422
87019
64258
18995
33870
45321
12153
61527
95493
13609
6768
51809
51045
64487
37158
41875
71293
77288
31766
95975
60520
10308
50575
37689
78188
90163
20445
51654
80267
46979
22130
56529
12862
69713
42934
60053
1422
49183
62989
27235
29901
79083
73185
4814
26231
47902
83392
11211
33772
11376
98700
91411
15386
23810
92017
96586
50140
45545
87780
30418
39099
61818
48968
37006
55524
75356
26700
95447
5990
29563
79010
74396
91131
63408
14724
60422
33572
28820
9849
94441
40704
94992
45962
66229
14997
1168
89955
13250
52302
58588
91168
80930
92513
87427
14653
30216
66139
77611
44528
58366
72715
50478
9901
5015
67381
80762
4649
61510
90792
66529
53424
65583
56908
47140
26663
8606
59248
56863
74674
8034
59167
99484
39959
92084
88910
53899
76993
80305
6274
63954
13757
24288
78500
12440
49285
89106
20865
79529
98127
13923
92427
47917
29631
15964
67316
71215
36670
40662
29378
69670
14355
4976
33413
43604
43382
93935
74916
37062
40925
62067
89213
63319
9456
77868
44784
25567
71582
80326
37629
84910
45698
66714
1341
71867
69279
73220
92619
57838
7618
17463
86381
9365
5458
66393
55412
72281
27548
42161
58203
42058
39409
46637
19032
4817
32420
35298
53464
19955
43838
77803
54651
53028
97815
44479
63010
91174
85284
1013
45424
21745
32485
69180
15974
11860
43291
8403
38931
40908
55730
87494
86960
44996
7609
87541
1427
69086
38735
3498
96192
56850
25020
74297
65260
86638
27789
16868
7538
21768
9722
98834
87594
98419
36646
22242
73949
56088
60406
57303
60417
64419
60203
81454
32640
33097
64669
54717
54177
10310
84975
68864
86399
43455
65150
82173
7830
50429
86718
84514
60449
2552
15005
35609
47403
49070
12205
60973
97343
66422
50466
24216
95387
55856
15582
1122
2843
30727
60298
99761
39895
61912
99624
62299
1303
3266
93534
95429
39063
49949
70026
59206
32556
43241
74224
84334
99135
87280
78063
98202
25682
30109
80511
19785
80832
78929
14468
60998
17346
43940
89395
68416
59690
82481
85825
8623
64079
15242
51058
97717
54702
53082
21260
65259
61322
262
54389
61518
83920
19526
4232
76263
19710
54064
76281
5053
58665
13941
13794
97100
22292
83228
26807
49416
75995
82616
61466
91307
83734
38979
92997
43201
14761
42660
3767
36450
91241
59019
97144
38652
55704
65499
18148
5345
10490
1446
46016
93093
80283
46507
66258
40720
85071
29423
69992
41717
53602
29808
18898
97247
16902
44884
91475
17782
25319
69280
89419
44144
62101
6014
47816
37638
27812
3012
60150
88565
40921
8840
64327
18868
18281
70769
40583
67043
77835
21269
98240
88437
1237
27830
25501
48666
19599
67896
34688
63872
35889
67260
13130
33431
27966
56568
8690
12955
8626
79953
60766
13447
3226
97591
61058
10897
17660
23457
95702
89936
10536
72443
70504
4867
82782
87322
98692
51813
66331
54340
97983
31905
53084
1570
17419
93319
6632
5113
37404
82951
88651
37685
98270
29112
66628
21249
45366
10050
10956
59416
76005
98766
59541
37762
20134
74581
57255
48771
38121
17761
84793
18654
7615
84865
74507
12348
31559
2074
99313
52228
33494
23851
65646
40921
59190
25299
5225
20709
38110
54588
59407
92586
54859
52164
63364
72233
43975
37505
51548
32923
19890
75942
21714
92649
66462
12006
88470
47014
18295
29526
67514
52400
40253
78220
31180
64479
60655
75105
12648
15350
84863
35392
95550
21711
46904
59904
84295
12317
35261
63844
35726
2827
27830
29657
60864
24864
19482
39211
9239
63573
68189
40223
69416
21610
75531
22514
14244
79239
83219
32081
23922
92448
72542
20353
5220
79250
87740
78518
44544
78288
444
80397
55755
54507
64585
99073
53093
44819
56023
85474
40469
90853
95978
23924
82500
78414
81635
89417
51193
90240
55481
410
43070
46647
53710
20849
66776
70095
787
36951
53907
36401
23854
72756
99469
26166
64684
66561
67276
38294
65675
98690
66182
92709
11558
98951
39191
69416
67850
86030
86612
58743
69628
93557
50274
82528
73115
81793
53089
47849
21846
14045
9479
7447
99996
98763
22750
1468
19214
83506
11228
23430
