27132
82344
47206
79318
24292
48077
99295
53632
90608
86803
19232
50277
4238
87805
28568
93573
11887
75966
9314
49854
33480
30444
53534
56227
3927
86837
26572
35895
83314
19095
65993
10011
99331
73473
21175
68752
40398
51768
50648
48192
48854
25160
42287
23297
52612
48865
22435
35729
60010
81766
18939
17413
89284
88944
20065
4165
72244
48258
49138
84007
56884
93805
17633
59216
6692
70227
25778
39623
16993
27808
62901
8435
78849
48745
94241
2705
89818
48028
24361
20447
5435
94277
78541
9080
92745
75668
63713
61516
66049
2443
4152
61909
49893
42914
33104
30277
72546
49966
7585
91144
20778
57361
49603
84357
67944
59466
54888
73923
56463
93206
76090
20458
47968
69280
36686
20493
78754
3326
30717
29781
54066
74318
5733
44294
89276
19183
9068
80421
92440
46927
85007
974
56256
41866
75351
42205
13046
56539
95093
14039
10267
1079
73360
31728
60524
1301
68938
82550
58964
44409
29641
98294
13792
3422
17952
47223
47599
80597
20272
80252
12159
59345
57318
79286
47616
32413
65971
1146
89528
28688
93861
61275
26848
43639
37120
27043
13564
70570
10128
90619
51749
39859
76591
29572
27894
14220
60982
46039
78477
18928
90883
54857
49132
96651
14607
47182
13551
60582
90089
99051
72113
20533
60176
58058
14375
9071
34644
18392
91055
83432
56312
92956
62521
11233
70227
8102
75241
51081
48987
2014
83751
34901
6128
3122
86898
36114
1312
75885
87338
61917
71547
83679
39626
14349
25057
49823
77803
99531
6362
70507
16350
91911
89391
96700
34700
21691
88453
89336
14278
98985
54599
30688
44771
58175
28324
59535
2704
91615
72545
26509
32201
10421
51301
24093
71799
34848
24230
9989
60311
66480
10821
5278
16251
45773
67704
84214
73616
45345
78442
28601
17368
66561
27035
94286
680
7694
13796
78618
59721
26950
98179
51743
47646
11913
61859
95080
31722
5095
62546
70838
34477
71314
23251
87398
87042
14144
25091
53048
90938
16896
18058
89407
81828
41363
52011
1278
69584
96998
40606
2464
58427
9566
65543
15462
52882
7644
42729
38040
8514
24624
97302
95812
24347
81865
36016
24687
56192
92516
71061
99612
30233
21522
73719
78484
14299
49029
85088
79772
41160
97796
69354
62446
36317
63057
71206
32324
53468
60275
27388
4944
62923
39847
7610
96215
96434
75137
2893
775
31701
16041
64715
82891
88197
47138
72140
14151
18460
34367
62540
46152
47331
18402
4804
62952
30987
82561
7713
53668
5657
38688
8884
30917
74303
14503
97501
13702
37850
84246
6264
56128
17242
1242
71682
14685
61421
72161
75416
34699
43442
55103
60782
87987
53222
23907
48952
981
20806
43375
77496
41588
33430
52403
99051
88390
55871
91555
56175
58227
79703
35056
93778
65892
41161
16467
23173
61952
22990
2318
70520
77728
33168
78276
95952
24967
4824
64757
91220
78682
33130
8873
7273
52138
42149
79363
16314
9200
10174
21339
10315
47603
29299
88141
58471
99268
892
63774
43268
39237
65648
80900
46703
28600
95052
602
28395
32042
32439
20495
91311
721
38844
4730
39888
44982
33843
60517
85127
79830
35510
47852
96663
93679
51338
47970
92991
40027
29095
31223
75494
88928
74316
93823
2588
73462
61178
21225
52779
26115
45119
50107
22898
75118
42298
71373
69243
27860
61349
83261
83279
46565
713
58551
4033
66583
44227
84692
50798
83318
95258
13475
34546
2138
60264
95791
33797
56263
93054
29988
40111
19513
32579
41371
93522
96709
95972
67488
3920
44934
1380
11102
16231
92015
47573
31377
23327
4892
88574
5535
62182
33512
15289
22762
91198
20665
10590
4961
1946
74647
87972
33943
1504
58037
47748
78797
77678
92699
24870
70400
14228
24647
70496
16122
89754
38434
59233
80374
53718
31300
34774
23283
40874
11920
70253
23103
23007
67373
14451
74271
96005
26938
75817
87003
79879
49568
57071
54965
7696
42931
24044
29794
9584
74779
97777
63971
28098
97862
60577
70866
48338
20785
47287
22780
51578
7509
31671
44336
13448
75825
73535
98379
50937
91950
1111
63733
41669
97925
67082
95217
83237
10801
40659
84965
72043
49645
86913
7249
35291
9977
34051
71882
6978
61780
6919
41749
37371
24224
76497
50107
79324
95871
35294
50370
29170
88157
98605
16589
2418
38331
78815
77121
59282
24830
78366
69376
52095
94383
5196
58962
57621
48466
58661
16084
11413
27124
88966
57007
76795
18045
51993
23948
45534
87134
12014
12771
87492
86034
12222
24864
22984
62256
66928
13847
69979
16234
32002
64416
18277
40485
35621
91700
55014
64993
85423
75987
8389
99310
51229
24484
21338
21513
22150
98538
14631
45870
3481
34941
94056
40697
26463
7184
7173
154
82900
88192
8066
88256
11462
64261
45797
57852
4630
23789
38811
94538
5504
8916
84554
96328
57412
23691
98215
93957
28205
80662
44521
42575
21561
64511
96313
36599
55421
14170
57765
85419
7494
71878
8115
71588
70435
92470
92396
69590
53990
1393
28624
64013
60649
90544
33168
79519
25834
95796
44915
14555
58846
26437
40579
91524
31666
23153
45107
97137
24915
17412
57295
14581
4441
39060
60377
27959
91366
6497
21718
23516
49171
33374
36350
19168
56756
52488
27216
22203
59436
99356
26633
77223
79728
9382
3858
53519
98053
33722
28040
99967
63981
59312
15468
73322
93845
81068
10518
53210
13315
16043
68902
48704
19957
55298
67764
78913
1827
65544
52076
63906
41310
94689
72865
25670
38970
68695
30252
49684
82166
69239
37868
94091
91942
6553
36117
7265
26927
12211
10703
38661
55977
11714
65411
24209
76496
68265
78017
93486
50012
94261
83102
43005
11819
83626
7596
13307
67630
88280
48673
64436
58392
21398
52689
66881
21623
77185
65912
8666
58348
19557
38051
805
9200
16225
5450
34447
37847
20334
60195
86700
6880
42371
16752
3301
34039
66244
52927
5755
54283
66392
84087
48562
68211
19787
15979
9368
31883
17632
91762
23588
80201
76850
2301
58425
85137
35177
28222
86555
77617
81007
61801
51471
33528
33195
19004
56337
17811
6445
64608
9287
78822
62194
95291
16443
31015
5462
19788
11995
56177
68865
52140
36185
30524
11081
91407
61349
89908
80718
87173
3324
58529
68626
59810
5821
72538
50315
21374
51756
98698
26304
72727
37801
50164
97648
59596
57633
88202
89620
25633
64701
30264
13182
41665
75674
54843
69070
20525
25769
22998
18282
83920
95731
73411
77927
41063
83383
69588
8885
30276
98676
93737
36195
56815
10911
16846
17304
25527
47879
6693
84877
11250
16962
58931
65808
25778
55536
4022
75856
21448
14860
8819
67830
3444
40630
89600
65408
65117
48690
6582
93344
9327
3788
62097
91307
55343
34134
39449
85542
82449
46798
30007
5669
49908
3591
47248
64564
11661
14443
9645
24661
41960
55818
22250
95980
63031
91519
67803
98483
49253
53587
29179
69387
40126
66704
78665
19516
84841
60167
26319
65166
43934
61304
38906
85324
99407
86698
3448
1497
15825
63366
17573
59055
76927
68668
63648
16638
45757
67909
15262
22599
82125
5827
54055
23891
75350
34578
86449
30079
51852
44569
11194
38394
38182
91792
3795
12020
87828
29270
78674
25707
31495
51710
78767
48222
89297
55880
71245
29113
93347
35846
85899
82524
59724
57076
89610
80550
31677
77294
18984
25751
75042
24590
16539
78508
2864
49198
21604
13465
76040
50407
82889
66978
98361
93409
83938
38170
41785
33601
9113
66414
50719
20355
47320
60515
35811
27623
84326
29340
46853
18961
11648
35603
35800
1012
47984
55756
37899
94786
22059
65307
42337
50183
10663
57819
24507
481
19947
15378
79065
57076
81988
43437
32695
42385
70311
85833
78272
66893
90252
70024
19474
69520
67022
67332
74240
81644
19088
44439
32547
668
37471
46026
53172
48929
98269
72557
31703
60571
92750
5591
68163
30440
3519
84205
96846
29520
75683
98858
34987
10081
70178
72483
72429
34024
13239
89996
35665
82257
71735
63442
45265
18368
96227
54518
58554
33186
42053
92638
41998
32305
45896
81256
62344
62104
34510
1475
9202
61572
82159
43924
97350
98749
84481
35144
60657
99995
87512
51117
85278
76066
6897
79478
88527
21719
42491
28450
98419
80609
90138
62648
24307
7369
46891
44038
94441
34366
54015
60480
38539
6613
71896
36392
83623
96134
50922
41803
55153
56957
92288
89449
46557
61993
85656
20578
88533
27356
4821
99938
60336
11769
84929
58525
50023
47248
80015
9942
46049
51
30544
78654
79865
65247
71272
36928
54885
74373
86273
87704
58507
30545
31192
67522
61550
53507
35116
53096
31826
19712
42116
17074
19878
75967
88475
8857
81575
95357
5887
79994
58220
94148
61088
70952
13834
1843
40278
36367
11348
79075
58651
69550
65206
20434
1087
36386
74371
39430
61215
97226
29078
93959
30336
86550
12812
70551
17211
52254
47859
51296
27013
82556
60280
33152
61939
96608
74299
57634
70120
13019
12667
48727
43003
48994
15912
81702
13127
42073
95928
8303
84251
77581
54397
93420
94987
17288
66252
92770
95360
98567
99721
5064
88927
283
53183
89591
73973
3684
22154
11654
95201
39623
35577
27632
43602
76956
21584
46554
43482
10872
22009
31303
69844
90970
67785
37321
30171
58083
1923
54647
65284
53553
19161
41140
7285
79592
36520
72170
31014
55497
51005
54625
57659
77374
82134
9312
18769
15381
50430
39713
5482
41286
27051
48992
86082
46841
85489
24065
35567
88875
61065
47654
57782
85035
92885
92129
8982
69016
58118
66644
97086
10437
55012
25719
29287
71849
83329
665
86277
47241
48751
9595
15836
70404
80026
42837
56209
95743
44881
89941
4900
95872
2651
91701
48442
6830
48257
4889
33649
78733
89135
2672
13093
2000
66613
56034
87104
12444
32251
67858
52865
44552
53404
1330
90810
48195
23052
78012
39445
77554
815
90491
96366
15483
23564
46246
76034
28605
37514
545
36804
61586
78170
5186
5526
2812
78811
99319
74648
72414
59013
23646
73368
92496
21149
52852
79810
31467
29699
2546
98297
67170
68844
72878
60720
38217
99893
75153
66492
58016
48844
73427
81736
57328
51531
43063
80271
91595
38610
81711
7668
76507
25673
49142
39037
73447
54355
84859
43685
87875
30985
66359
34200
95164
57794
52143
57426
11367
33645
74432
57591
47761
37552
65036
56403
52289
92385
46919
34547
68335
43202
91293
84948
47184
96507
58535
70861
83649
6309
6298
70029
91754
66930
25728
3699
28917
73433
75597
91870
69910
73035
81145
43820
99790
99889
32884
18118
37634
98671
93726
82255
22351
88748
2334
24987
19233
94474
63363
4690
9104
42207
66482
74774
42916
74665
95597
62723
62392
45935
76941
81864
14851
61561
96903
54679
2301
25732
75959
43351
50803
29990
95996
8096
49128
67679
23472
69326
87912
21767
62162
53906
31404
91284
28328
35637
42351
45390
1897
96319
89395
64357
57365
24562
86637
57827
36096
9899
19676
17765
6921
36128
18166
81042
17769
37774
40793
20900
65092
86179
87367
96707
29934
63051
89932
47887
85689
86539
50757
48100
2557
38762
71266
64158
84942
50021
54131
95225
25127
86108
36018
9343
31884
96127
74789
51065
80305
73122
17771
29060
31998
53371
45423
2511
97930
28879
80539
79161
62861
76550
98130
10225
11815
4112
13835
6778
15091
29089
73766
90702
93596
87581
20211
75445
63996
73210
51635
90349
43533
24276
46974
43855
2844
44034
11243
16340
78889
33403
76985
82742
54311
78263
19523
57283
50880
93731
80559
14622
41605
24190
91508
94803
83411
16120
89998
70703
41336
59583
34414
596
78538
55820
58833
81774
27952
88186
1166
39551
22838
62345
45211
8759
27214
940
46334
17739
25847
5580
48949
99292
29670
27737
52343
65655
32687
70090
85178
33365
84703
12861
75847
43404
27621
45940
45416
90443
2887
19914
56616
2670
96597
97650
71592
44637
79912
27982
56020
59589
45594
10314
15401
71958
2441
13329
31412
41753
49886
51503
56720
77395
95222
9833
28292
35673
76100
36072
28900
94616
32462
47780
17066
42371
36905
12762
50024
53673
48995
61292
23397
9492
38486
64547
47533
78153
74949
25113
88029
46765
30686
76753
92169
39670
25254
25941
45713
10073
99020
7600
29584
37045
81234
7080
37953
6953
77274
82844
84704
94862
98286
25185
60399
5301
25460
51148
33196
12748
3903
80255
68021
73284
50613
54371
78631
97780
40440
37096
48738
20197
24875
38625
13510
83220
560
46314
48266
49502
70572
33144
58386
74205
27274
16189
96866
29574
71968
98474
31587
51637
17975
11568
29713
12080
64388
69703
52078
34578
22333
72638
45401
4323
40370
6519
88921
80576
79230
59030
44397
20530
16360
5804
23690
96838
57710
14375
24278
98391
57022
33801
32570
28592
45344
19196
64854
71587
89373
92177
12972
69332
69123
57484
5210
99376
43523
86354
27211
66099
18395
46007
7821
13051
39578
62643
80894
21367
93843
54022
18774
27594
8532
80595
93045
40740
39153
8092
56406
60221
1004
61471
89176
96031
64228
23493
7845
33225
61143
3346
86805
28328
30444
7736
16252
8325
58261
23986
5281
35112
4189
26040
59809
10289
46344
24048
73759
78081
19516
91489
86487
18957
40363
70013
74584
48891
29656
90205
90877
83661
50471
39576
38276
93939
84942
67914
83959
20440
41957
54296
18354
49251
33034
61103
54393
20129
2727
2694
87351
24360
1139
42672
26448
55130
848
64989
6896
26006
98454
37437
5711
32671
63265
44071
3897
22818
36404
71568
92670
51787
98098
5400
31644
96787
85173
13356
20553
95622
53522
47094
75778
69925
45955
10567
92041
57493
98956
96718
23872
30304
5983
49725
29682
68704
95463
88028
80720
76059
14
95305
50805
93424
81418
42295
43486
88146
23333
77547
70930
79988
67110
98610
2420
39173
64478
81749
11037
52145
16023
25645
11444
27903
3487
84241
29993
22513
94000
39002
43912
57358
3190
50450
71029
13877
16562
56368
3313
58510
55335
41978
88107
97604
54291
21835
82692
89258
13169
65282
47256
50551
62116
89724
12855
73424
17984
71780
51545
75392
62683
87325
70970
26457
31035
18833
95380
43418
76331
29357
92509
2633
49235
69969
43499
37761
81592
69276
42762
19602
79976
85122
5565
33454
90129
66119
3539
67580
18109
49956
62326
30391
8018
78496
20951
94616
77130
86968
6544
13626
40218
48844
1707
95254
20281
63605
17385
76942
88805
27452
54852
97879
95592
88093
41555
42691
63095
99973
72624
53230
80437
67019
31701
53076
94728
3353
31509
90867
76402
95649
95122
55829
92031
22685
57420
36364
37928
94965
63948
59226
51064
45135
3616
11515
39842
22373
33392
90159
28387
99900
31759
2003
61814
83003
44616
71294
89324
61580
21747
14282
93949
75473
28171
50902
13361
56998
10784
52177
2335
16130
11437
8278
35258
37555
26076
94566
61122
4874
47062
97779
74169
99628
37014
71759
11570
27708
61391
76851
81080
8371
56389
28990
49081
68214
38520
78735
64272
70725
3994
99911
77554
83992
67391
73429
56971
78166
25781
58727
72815
65021
40029
94689
92797
67406
88862
29155
14266
71243
5590
39347
50458
35701
40780
53422
43082
18474
29457
49276
73862
48697
79699
89911
53702
72733
25029
89784
28112
25030
7461
51173
86632
65900
12624
75831
34947
46540
20846
31887
98452
99097
41508
21884
2830
18765
8115
64522
92824
32598
62734
98705
58208
50930
79161
9059
57489
13997
51551
65704
48420
20320
86946
83822
96591
42864
75341
74583
71301
57633
45924
44060
33719
37687
68304
39666
99092
916
74992
48103
45289
7437
44373
38655
82164
25178
79563
2285
83910
77030
97213
79659
24036
75642
2917
83196
94006
52432
29778
2646
52453
94497
14859
73792
90771
52938
97952
98335
59020
76273
1642
74084
57188
98876
99359
72908
85123
5504
35202
63871
61266
75034
1643
54199
38020
32888
16831
89121
87961
7218
51614
54294
74802
40344
94485
41504
33698
71182
41425
14324
74586
81653
47455
36455
72214
60369
2135
79149
15304
96951
91853
16724
94740
58669
22361
20115
19990
42764
40344
45402
64215
6437
11078
39043
24203
34512
14280
99095
29347
59288
53373
24585
49001
73770
67018
34800
36723
68978
36207
60551
60799
88600
43847
34897
12171
41594
54663
51124
65952
84493
92765
74905
8717
17132
75375
45823
75299
62311
80268
56937
44591
75670
71708
60044
10992
43212
98982
79152
38116
21372
2599
22310
78077
81753
80126
32179
69104
87923
96225
13078
35102
71100
85293
10786
54767
81274
28982
18432
56711
14543
39084
33979
94940
64111
6094
51900
20285
55609
73111
42841
65768
92070
50361
51385
53828
76444
44940
64983
42243
4399
68459
50436
4184
70884
39282
16234
97022
63366
25628
72208
98852
44273
10235
40178
63604
56801
62201
81503
15578
38321
33656
49279
70836
1767
23881
12610
5652
63406
38914
32093
58685
648
22060
25884
26487
7743
9777
73159
72876
32676
39445
40081
25554
22129
33782
23385
99581
77528
70753
95048
73699
70829
70217
91202
7172
59280
57171
79458
52560
43009
23159
28219
30310
51367
27626
94984
13371
60677
51844
4461
67958
68517
13015
58473
40791
50071
47731
30959
22710
3670
4266
40173
62036
11795
5093
48778
94949
47637
10404
35944
75164
58918
97200
95011
56111
61626
69908
96071
55090
56341
26093
52512
83212
59515
71371
56638
18152
17239
71232
56326
21008
47483
24416
74647
23961
13949
21113
80231
34480
35846
91284
49743
18940
37915
21079
31774
23797
8766
81269
59455
9062
19456
71366
52489
9599
56002
45795
11552
69096
84063
15099
82067
6466
49127
10682
40791
42205
93522
53259
68744
74393
80508
85819
38489
91511
1936
49761
26329
96889
29076
97369
62221
73470
54261
23385
71609
31759
19620
78076
792
28867
49987
94847
19232
59045
49930
71053
59804
38373
11805
55584
61678
89542
50309
44022
75500
58686
96434
67728
50934
87966
41133
56077
69384
9325
32058
27519
63148
53644
21510
64466
29835
76137
41786
13235
6355
35058
41191
56368
43118
38405
6985
3353
78496
26323
90123
93438
95718
16751
37385
96324
44792
67385
4198
33836
6247
53877
20108
29070
68134
57178
35761
55713
86432
70247
23032
7517
13882
20660
82439
87396
23638
35764
41213
29400
62926
60766
25914
11970
65951
32972
70957
53145
10211
57674
96075
98388
46411
17771
90011
46077
95479
32325
28924
77190
71019
22119
2042
33043
37794
2245
2859
45533
38063
43770
78567
68119
65978
43158
47469
74378
33337
98971
63083
69631
29873
11665
89496
78349
58703
71190
41687
62073
53737
54807
87979
48045
40474
48643
6727
98128
14036
31696
31234
98198
35198
70837
60040
22147
53286
88847
96930
12298
87816
2845
88054
88747
64208
81237
90888
21832
4782
213
8066
72352
38955
40794
50296
7200
13962
97377
91606
44385
38081
32076
19263
73352
77017
28106
1535
1244
66453
72528
28414
55009
92230
96550
27151
8308
89844
9483
59661
95663
9
11595
57098
55888
56054
76579
10375
4838
57293
4922
98400
63121
80863
83173
29732
91845
19374
26337
1843
26235
19966
61481
85528
57861
91312
34085
64312
29431
50473
20565
64407
58361
55656
96572
91333
29162
73177
34485
58745
688
39664
51852
33855
58177
15615
17682
55602
46111
3808
95965
67217
87927
49858
24299
47515
92856
21760
27200
31321
98899
86336
73473
76648
30639
58792
95191
41524
36770
98200
41601
96305
3598
62601
22841
746
43492
15219
7799
99262
51422
92864
73212
23730
72693
93189
2657
16864
69587
85852
39906
85955
10145
53043
32193
192
36662
91867
66707
1152
24076
29774
8190
19609
75043
27960
98151
46872
4346
16812
20088
76220
55979
19547
25023
1533
47857
55428
69288
10335
2803
77955
60913
54675
72553
52743
33098
72842
80408
14859
20639
91500
49054
81175
7329
23435
18253
27385
49319
76433
21151
12548
18343
3343
36320
2609
42285
578
25126
47568
37930
93384
42039
88243
86351
68742
90827
38541
21362
90059
74518
75023
32820
70748
62448
80259
42541
19002
62266
9080
968
45261
52912
81079
72690
76098
10249
58202
8246
6864
90715
75147
74928
11145
37949
91471
91073
1
54816
25696
97714
8292
20459
96804
26511
17537
16325
96732
76516
20143
45657
77492
97623
45174
10753
98933
44769
22173
79586
561
81423
14849
47674
92185
80548
77779
75075
7419
7600
30804
40918
98281
8097
53295
3628
37881
94861
45524
83987
56100
46568
38678
97381
97781
11328
66524
61763
80488
88966
8042
77348
70087
55426
51340
77469
27482
56702
50293
69520
26671
97755
54659
45221
86498
62416
73604
32051
56409
29942
21142
174
62070
74999
93439
40957
16522
53871
15531
98359
22126
94463
26716
62175
82384
36185
98085
53567
34766
53683
19535
93521
82563
51989
41302
5695
43243
95351
92925
59318
59763
21328
14411
46721
36784
90032
55336
87230
38454
49726
23311
16653
14328
57531
3422
90018
3540
6605
54375
76371
83975
3221
64485
6440
71424
61043
61632
46785
74786
1912
39019
91411
46021
79736
31783
723
53851
37949
9830
48132
61564
5941
45082
92824
41989
44923
58971
63366
26056
71810
26596
62251
10107
50535
85478
6126
71744
27972
53356
79043
94292
56135
38123
8402
51442
21228
93051
85250
21655
41046
44432
27563
41695
98559
31148
72159
3356
34596
57115
60328
32901
16785
80136
6320
41125
41366
33151
82523
92135
29343
41147
9460
90910
31438
99387
80564
32615
88954
10729
11617
31129
12288
29886
67277
64755
92761
88460
59614
98976
97101
13468
70416
41788
9499
35809
34072
350
54319
62010
45685
61357
67424
81213
56704
59888
57868
98168
44272
10475
54760
18158
41465
24843
51255
44578
5778
10338
95682
59268
72556
5729
31552
98965
73255
84653
32639
94994
78114
34286
45466
47513
72089
5548
43743
48272
80710
5691
87003
30178
23422
94775
32196
72928
656
74784
57101
75019
45619
43073
66653
37155
88475
28991
50800
52177
89831
74547
93440
4805
94174
35567
96453
35409
96913
44671
89911
4056
98985
7166
959
66263
57431
23217
38447
37148
74283
27913
4422
44450
50869
34558
17678
70356
34325
62777
22503
96638
60647
330
40494
98322
10811
19196
77218
83785
48050
81392
27304
91866
26926
77028
83438
19723
67409
18798
60598
13060
95020
89195
74937
64109
86088
20409
76415
17629
95509
28924
22212
80841
3896
11885
14341
44664
38603
65213
47786
93219
96401
51393
16750
83529
95994
27011
94944
15514
37114
30912
97947
71707
94133
3811
12022
55858
43694
63000
29185
50719
89075
33875
91140
42018
67931
45104
71773
72680
92716
17424
63449
97711
64935
77023
12101
39058
27142
43044
9150
92715
91943
65399
38607
1073
99629
58797
18784
60199
58200
48509
68490
8713
50377
75731
47199
79746
48687
22827
62920
35437
54884
46875
66135
6264
43424
34422
91306
71306
35413
79374
34426
50229
78468
84932
64851
60899
81046
279
45175
58524
79951
983
82137
24224
53271
61468
65446
46648
36003
22275
91105
79501
18555
79830
91287
45285
50340
82814
48889
15806
85808
58892
58739
28276
72111
25933
20036
64849
3676
79140
70781
93362
67628
66648
28599
11506
40131
33985
78419
44648
50729
54730
63730
57269
62265
789
89827
47032
70297
50933
35536
74008
68990
29659
72399
36483
44653
34106
78122
64655
603
73452
26936
91213
49712
56242
5461
77994
94661
53750
28082
36489
84113
79953
40857
62465
29595
99038
10034
35846
95972
83568
65720
48466
90216
16288
91228
35256
81401
98487
5896
75372
86017
4965
6080
71730
62874
11853
77826
39838
88908
29297
6257
91124
23900
6928
87024
20684
85629
47710
31046
25737
42241
7217
40499
49765
6565
39691
89066
11574
47638
87906
19503
11085
59600
57371
42543
21646
19199
62434
34581
48102
60348
99726
1846
95000
88356
71318
13265
52908
22140
32109
89285
47654
57754
15253
32678
69714
18333
64754
1601
16574
7961
9491
81488
4661
29343
53553
4576
95423
39791
33827
61878
23791
60494
62828
94291
90079
88665
63146
19007
51620
68114
83910
78257
82483
40062
82062
79665
6798
15950
338
28454
57265
49
83971
19747
60539
90931
18476
30945
47627
17955
19169
68776
70360
74773
91905
18530
85702
51772
62912
75072
76
855
28579
45651
2489
2302
68660
67666
67680
18170
19550
19695
76132
58347
52807
80033
50775
41670
78126
60121
3512
33892
68919
85878
57557
22007
1013
74416
5934
7716
10015
49103
60960
51482
46908
44146
37818
96728
26020
12535
95790
89660
52879
7905
48203
900
36646
16667
74214
76761
77416
3893
76885
76352
36818
93236
14975
29147
18017
26250
11997
30531
2479
5300
55404
22294
61938
89915
82746
43467
85810
84686
50964
17021
32133
9570
73744
29571
63897
3981
44730
99882
49310
49292
24477
64586
69796
41473
86791
84548
10401
29595
86357
26320
44975
77692
17160
35933
22621
3796
41524
61739
88610
37915
15990
86110
15789
55070
84242
62051
76953
78631
78837
98164
19042
47328
55861
93951
9087
60859
11497
68963
6676
69221
59809
36413
48898
1474
63663
63717
59440
91596
6615
40452
35331
60214
2086
49825
91617
30323
68294
39035
94467
28243
32297
88827
80972
44856
41163
93745
88160
80539
14306
97165
34573
40989
1500
37244
30263
62331
31506
89242
84480
19648
94589
18979
99285
77926
59019
76732
88336
99419
4559
15156
7289
87452
54731
67792
83114
4716
89912
43289
67046
86312
79042
6674
55129
52438
51184
18398
92591
73361
20832
63092
38976
14582
8629
94191
87517
35422
22082
33741
7202
65041
44673
17622
32677
98331
74103
86077
73619
70425
6769
99295
6232
40309
64294
72969
30382
23537
5732
72074
55825
23950
68697
60419
54160
3914
2487
44126
7662
65880
43030
79848
41029
32506
67835
16717
80391
53227
6971
98588
27752
35533
68623
87929
2649
48510
68096
46633
1721
74052
90998
76629
31563
71353
51965
16549
57664
16874
22518
4655
45065
69533
62929
47513
97716
62982
67981
46952
72621
44992
28005
47999
21325
81419
33175
15814
82029
82892
3630
2634
52462
27527
36528
4153
31914
78687
43420
16209
21520
62845
65036
92064
14749
85500
75054
19772
33360
24548
35738
39832
90342
56939
28529
87639
66166
39010
8333
77301
50378
52890
28404
94419
67476
18514
18275
19016
35984
82120
27948
23259
1828
10625
91445
58639
68363
42225
51169
41815
81051
38543
29975
52614
92212
15863
51128
85168
53417
17119
48740
48656
96492
95821
76150
11513
45506
36194
50666
85792
57623
9514
54776
423
35222
36971
87610
62131
42320
54321
43136
85207
25810
92435
76032
25925
62046
29956
28953
6102
14175
35591
36134
2850
3017
82922
62307
4135
82672
4868
88544
42230
3728
22539
8140
32428
73183
7997
51304
28249
49980
78342
3290
25684
74166
49790
89453
71296
2475
75187
43007
58634
76126
76197
64532
53202
39275
71745
78143
82821
35965
69093
40606
44193
4454
9364
1507
51436
59916
89399
22511
71084
39183
76036
61164
20542
88281
64051
22042
27737
80584
51350
26217
37739
27637
3544
42329
92359
14778
78753
94845
60915
37608
29496
65597
18674
12805
17960
46534
14272
21222
82537
28982
19314
48651
24833
87677
83305
36742
87956
98291
88050
90151
56641
11093
70827
86643
60857
20228
40756
98292
15020
48738
73664
33038
9226
64745
75966
5088
63627
86107
21500
49041
45176
70638
98617
70266
82838
37146
69471
89472
83361
50929
52469
1109
71005
154
58704
81283
28806
4582
39734
77326
96337
44948
66712
27785
28836
59932
52061
18711
59276
17861
85378
43374
70925
9292
54635
29093
62090
82034
75288
23095
42264
85511
21865
95750
39079
12559
66479
94364
96788
9564
50430
15154
68449
63162
94219
21431
89000
27525
21007
13253
44516
40241
20080
17687
46028
79775
71862
96519
2787
26096
56514
39025
48821
55034
85761
96198
74355
88351
58513
66991
4879
99753
71509
9219
77704
8018
18250
48379
81293
56165
52448
86135
77951
32939
24828
76812
48814
34346
56759
63705
28303
46604
14309
39293
43836
10361
51939
52622
36057
11975
71058
50715
87480
74286
77346
69329
15601
50792
62988
5451
4494
56685
54293
31045
78127
99897
32622
54400
70438
47210
24377
29534
21999
80281
87985
82387
80381
6233
57256
95116
41429
50944
87627
16363
70699
54661
67922
39344
91460
14680
95620
16853
99406
10287
99653
16133
1615
9114
15351
80589
70065
74436
21561
16505
36444
55209
34788
60598
22874
75419
1658
71560
39924
4518
40065
315
84947
35633
62166
13433
87484
31118
55698
37977
85369
14791
38910
92252
58723
95951
58698
11028
34368
77588
58653
32730
98749
81028
41656
25236
19231
65488
45019
28528
95266
52723
3992
54768
24388
25472
75790
36854
23527
11341
1530
72856
81086
40932
57143
15893
27054
82269
49445
29550
5096
41254
72010
69330
9747
91985
4689
32738
69825
567
73024
45111
91430
86831
21644
10801
77852
13261
94050
31020
56954
39954
46127
63765
77522
82232
86498
15163
73238
20502
22113
84702
95692
79014
95830
80209
36305
5208
56791
84078
62200
47258
65730
24371
49190
27077
50319
26185
94838
84622
98301
57688
82701
273
72658
19813
32153
3110
47260
81097
3089
94794
65337
39843
98970
87963
95022
87242
61848
61586
82940
70475
66306
75137
55764
1998
50299
49321
13339
50964
52800
17804
3099
14580
69232
92281
63821
75859
88426
87150
39521
70635
65824
13655
56643
45244
38340
62965
72863
71280
83573
68246
98888
28429
21983
37103
23176
88775
350
18143
49983
26456
9681
62822
6368
78989
83569
6300
21248
95060
32943
8221
59992
26919
5071
67808
57874
32576
48180
96753
70226
80011
91978
85578
49869
13195
52220
13416
20976
24661
76409
88046
71512
16996
79313
8125
99514
22339
29114
76695
12118
14329
95033
6863
15321
2036
13872
38053
77098
9092
25336
95258
69540
65596
28484
60510
7493
40153
10367
63741
82085
1765
64638
6016
15055
98843
71929
95617
12441
77290
45223
41734
30840
57748
4684
29756
64711
36726
49163
77404
82453
77225
86153
21510
51750
71587
4888
65787
69537
10339
23141
41250
78807
29083
38636
59395
53242
33588
88647
31870
68032
92609
53319
50425
43279
23497
21
61440
10706
18182
95473
71897
30031
90162
31418
25683
44172
11608
19641
19136
43975
31989
93073
81434
61626
38648
86187
74297
67703
20940
52101
1842
26357
26582
50625
30507
45550
45586
80499
95757
53353
23453
70827
54311
58326
75868
51632
29175
35646
63904
55701
8517
83954
63882
71985
84139
56677
29014
83837
79159
96361
52978
58829
83649
16941
54277
37388
45048
3101
14179
77565
15311
93954
45451
42188
20833
39463
41139
55106
1537
29021
77134
43759
16164
41519
21800
9457
44114
4828
911
96321
96988
2196
52869
10970
45772
63696
4360
31976
22680
96351
30360
68224
63558
97498
28267
74330
62279
86520
41920
22958
60216
17089
23330
65142
35718
31258
16792
22594
67609
15240
80874
70407
53490
50825
47686
32141
70799
49345
38934
69512
8785
69312
82994
17138
73135
45858
28614
58682
81946
83696
41522
41709
38693
71982
85495
95514
52867
82743
7573
24050
95351
13038
55324
74978
72752
26738
67781
84180
4184
98427
61011
89986
11860
55357
79417
90921
14376
66019
26104
14258
19306
60381
10344
47976
7466
75199
7962
11609
59901
79014
18015
72194
81703
1683
96906
91129
90404
35060
83580
72568
29547
28535
49634
23583
56642
25012
90917
66932
72999
90456
18110
40410
81020
17636
5666
95684
26277
92865
24936
70719
461
57830
63950
14740
37819
5853
50032
10121
5445
39402
67829
75110
36021
76062
54875
46239
51771
93771
45490
73396
31925
38016
41952
2664
18548
30378
10617
23711
74877
18203
69525
67624
85411
5574
6876
78109
92224
21660
33409
48084
5040
37858
18873
26601
34494
20517
84654
8646
92503
779
52527
20507
83442
6186
91054
78522
45470
93429
6067
91263
32128
11767
68258
31914
28288
44708
17290
87871
46704
10447
62823
30416
30641
68839
78929
87690
53689
17246
41984
92239
47741
85200
56361
6809
39924
20654
1602
3032
85315
93388
26519
37560
84733
92722
97949
51081
16110
4362
18178
63765
50752
80326
48515
28183
53761
78511
30690
84814
41058
42878
61187
53375
17774
54670
60524
8410
32268
84324
82054
48336
47330
51645
30768
51822
66159
35632
49331
47691
72679
62340
56319
28642
75007
53477
41009
72816
65862
80137
81900
33674
31906
10894
15071
51470
56527
40231
20013
64974
87207
20579
79468
11618
52334
6968
30295
11605
98260
6595
75527
47757
65895
32351
66341
31143
3926
22650
87033
99280
75943
35596
7847
92516
57206
5543
17571
95238
20497
99445
26378
10494
38273
95652
57838
52320
72550
1534
99612
81032
80881
98284
97101
75702
20664
5868
79207
44881
13583
82982
19065
48767
31673
48725
56844
94853
21730
26371
74893
54986
35869
35656
52293
5862
87897
47095
43749
40006
95478
71455
67650
54820
25625
9950
81040
65080
22711
67888
19684
54323
68306
54198
48329
21381
64913
80469
26759
65206
72983
60403
359
5352
45168
7846
76613
77558
13331
64269
12813
20799
94172
80703
81815
94342
62243
4298
47633
40664
10235
38978
38971
42033
37076
70021
58260
1143
18165
83261
50147
73534
48315
78040
69278
36616
36567
67225
5517
43730
82108
27591
45208
69961
83802
84551
8144
88395
23974
52295
39466
90069
67506
66768
88041
26097
91018
32176
3209
13680
28153
11411
16134
23078
53301
78483
97339
25445
59594
54379
65360
96837
33107
16524
79804
42332
17136
60435
9590
69576
53031
20857
70398
63220
48297
37553
34805
41557
88031
72368
8728
84549
48745
50857
63832
4723
89341
6702
64999
74628
34541
96480
48459
23931
18721
98695
77211
23144
71186
44764
36370
69575
13101
29241
42942
94623
14091
5764
18868
30322
91317
37831
37203
80393
20413
16180
41743
76816
5861
72191
58526
70266
68156
19581
61342
97224
84326
84640
3050
76219
39403
92256
57203
87376
40267
56828
86277
87829
91194
34285
84614
66418
9547
62324
73969
60930
93722
36726
89534
15731
13625
14803
87958
10141
29120
75785
5453
912
65333
25674
14539
98509
10634
35978
76485
34885
95623
87224
28611
75606
87194
72415
77779
57256
94070
34583
80879
59475
69415
71213
89722
72675
83798
85759
5179
25640
11625
2742
41632
69946
5269
18497
92778
33053
6577
90047
57773
31486
70069
6667
64847
15630
6108
77306
29675
60130
28062
22224
75650
32830
35006
46699
42364
69177
75922
37344
42335
50774
5261
63023
3681
70860
16280
75609
80555
34615
93248
91773
2736
93368
51386
17641
49232
47063
46091
40535
86009
23222
86962
66306
59331
96754
34016
81251
69628
29017
71783
60966
46127
41708
25654
75932
8665
60701
71841
66154
25101
13428
74532
44256
36176
46684
71268
65148
97835
50101
14840
50051
57722
94375
71479
79447
25588
88994
2551
83355
96264
57183
2145
18283
94624
36930
50863
74625
68037
71547
57615
10089
11259
62834
30190
68464
65204
26881
29711
90597
78290
67905
86275
33037
30463
78701
86822
66527
87171
81219
81452
10551
58843
80711
48727
60106
86582
79003
46218
78138
69855
61558
24225
83234
35774
91107
56184
22515
23387
41618
46050
29096
78489
58118
79260
71193
69264
3975
50697
83907
98661
43668
80584
45999
84110
42380
39643
99497
9992
91448
99387
67246
70781
68567
16381
81026
48727
23210
22672
37624
24596
58055
28985
35229
18423
25740
10968
39699
15669
62233
94489
26402
28727
56542
26579
62330
19783
11235
13162
11265
84067
99360
1223
78494
16108
25293
12933
42369
18012
68853
57568
52701
88968
20123
64783
28318
63613
25694
70030
15167
13478
83538
83284
57889
32887
58056
53067
21302
35571
73533
28482
16119
25974
67116
29910
5832
27178
24580
72057
5112
13715
57944
86583
62574
98479
50250
9204
93312
82580
86073
20092
42825
86335
11099
82641
98367
20448
26252
89304
28532
35577
69001
57230
79589
21165
87367
56152
35760
86506
62299
56053
75347
61323
24005
98298
79460
70055
60467
97035
14382
60323
55229
74588
11485
52676
70365
37589
32515
48039
73653
27763
13068
11465
64741
6283
28757
56772
82163
94661
77790
88154
98553
76103
27192
93766
53451
66043
33516
11535
59853
80709
14157
48123
4326
85409
56901
64710
48820
63389
41809
48054
39653
34522
88799
38597
78989
4816
80053
76881
18420
30030
27060
79549
12084
52122
93572
94399
32173
39890
56417
87096
89602
48085
8846
93259
90287
26179
99307
23474
85659
31419
50443
20481
78024
25735
32320
78065
11526
96208
51283
24227
39243
79053
10165
60109
52922
5688
10334
81430
38557
46045
24373
79902
84842
41748
31235
89288
81127
70609
31729
45918
33987
7515
33984
95933
28661
97997
95588
52298
68485
53673
18155
17281
55371
16573
54090
50833
25224
68161
94486
61413
23623
65785
31533
90613
77968
57314
97619
91524
8499
68398
85541
6045
20790
21509
47188
59318
6269
7093
54287
70371
72575
45419
70559
7527
70109
75482
1964
88744
13669
28932
88982
12195
41147
91276
71445
20920
42730
57376
32322
71127
65748
22395
97616
47944
92702
58760
26050
34645
62160
80758
56450
80227
77446
23094
43269
95906
87833
20123
22381
1408
77815
51874
52715
31159
55464
77822
4528
94568
2127
15214
19200
3517
2979
55622
56524
90398
14199
75411
93980
45221
15658
31176
91420
76607
25451
84565
26393
25910
76307
55401
98362
56490
43477
12817
89316
65518
57022
21667
42797
21207
80376
44883
91877
42310
1231
11006
75874
20534
91521
7278
53202
85493
51778
6330
90995
94788
37449
77306
20685
56401
21767
26040
87386
20968
39061
29945
66178
32333
41615
18412
23511
15734
50180
97084
69955
77752
84454
44526
73551
5006
99858
19544
59482
74335
63396
79239
4637
41108
37566
16371
92075
57129
60704
99797
87563
16745
94968
8840
5788
45662
58757
51795
8307
84591
55104
41757
64611
27049
11282
9305
68727
63498
53510
90900
69975
14141
77937
76961
25957
96711
72654
51228
59186
7879
27379
82757
65080
87036
36664
51565
13217
6411
60420
93488
31834
16899
46286
32470
56925
1887
79790
876
92866
17899
71962
85589
75952
67479
8446
77277
63303
43861
14442
59168
62161
49155
93426
5845
90499
18570
65174
61478
80517
65847
96891
57129
74115
27472
42656
73586
64776
67717
29137
92877
52294
72986
80818
41864
63661
54012
9859
67578
65043
61591
22734
79636
75895
33097
57277
66747
73427
73772
49288
11582
27600
91807
51030
26677
6907
22968
78945
98294
5825
9859
55568
11961
48620
58439
19915
23838
55780
75801
6917
69944
8222
53540
93807
57335
8251
85538
81794
23946
29745
2423
30181
72937
24212
53903
60281
41763
75530
82306
71405
70428
20470
15929
10274
71745
34450
58181
96221
42606
12726
20542
25725
10497
95477
67805
46626
14629
36679
32497
45983
86685
16952
97844
1659
75339
72910
81273
78070
20549
91321
30061
4679
14220
71894
56046
76213
76978
57902
8655
81547
70146
65979
13611
36078
73068
31656
62078
83204
10067
11837
35038
23093
48864
58177
87862
97722
79446
73573
41165
78480
84419
40550
11044
84506
31875
75899
84358
87361
5729
17980
38573
21089
54029
6897
73944
47410
32029
60672
89061
62658
99913
89681
7996
63099
16789
81500
23731
1977
89238
28106
90976
34502
26322
12692
69173
91982
35836
37662
75361
39528
96601
17654
12136
52332
98414
43459
79154
43438
36523
40590
89065
7740
54071
3883
57067
77437
30634
60732
62904
21235
13883
92046
61101
46885
45192
92334
20277
23227
27924
46681
25657
23455
587
95096
61505
50484
65298
75090
89795
89818
6325
66363
11333
25259
95954
43915
63550
11613
46761
74240
67048
81366
62336
74696
63294
36431
77131
67525
76595
58034
97028
74720
41250
53581
3677
96985
12539
63765
58176
21023
92289
5587
86980
53656
12662
4545
6940
8097
88612
54606
6367
87979
46382
88274
88756
2650
34847
69385
47213
81235
55477
66208
50965
90484
12628
28487
49877
64266
11270
204
6399
17796
40690
87568
47837
38040
11905
86315
75014
63610
99045
61350
28791
66433
28955
77738
138
21820
16878
93507
50803
22245
14814
53533
92192
28038
33612
971
70153
36196
42249
58199
43099
44990
92794
98019
86768
73955
8526
51743
87624
29239
83168
77066
44884
60870
89715
13869
8514
17914
15330
87184
21399
46827
23271
66436
51953
80853
6841
8239
58076
8615
3719
10618
8045
13042
50535
28758
2394
7310
43269
58540
32022
45544
2285
98885
51738
6813
49974
97378
58405
8765
66478
90772
97679
59346
57427
56835
30095
91064
81868
99687
14751
19661
42785
50522
13597
66137
2874
76636
93477
50549
35842
92936
98840
11164
67135
93527
55688
20001
98130
36948
36090
24233
68711
84713
78759
27111
46591
52488
913
40594
18726
63497
63235
69287
32662
70202
33644
84860
62445
33608
80013
12291
2513
94208
62955
35002
1036
79939
17936
81725
48882
51274
58922
88562
53315
94754
47827
7920
97637
37974
28062
12987
34711
23352
1232
73072
8657
77422
16164
51985
39623
72156
8903
92158
57691
71602
9948
31794
9744
91123
61364
81630
55423
16194
97428
85534
89886
31261
45013
75962
58391
89853
94479
32463
87782
75926
98044
31991
83866
21344
7949
78646
4052
97862
64833
80556
26849
85098
50325
23293
83256
64738
90671
58681
47044
81938
86903
43600
81267
40175
80452
10425
78567
54981
57171
36616
31970
10360
58047
23730
88333
14717
83713
90195
93886
30059
2753
20824
52395
11468
30422
86468
42994
88079
26476
24769
61890
45856
20016
36200
69118
44985
68311
1708
51022
70343
25678
19729
9287
40890
97394
78895
47134
74439
19916
56376
33686
92492
9092
11697
2942
49047
76804
83732
73583
40553
92678
64386
61905
5672
43690
60970
23598
42929
27724
9209
72054
1267
93683
75083
95017
68428
82637
87943
57105
35890
59883
68133
11123
69467
87030
58214
70817
51079
62077
68638
3221
6638
49902
28426
26881
52435
97952
42431
20486
81377
60998
56859
99462
70451
39868
97862
49662
56348
16806
13497
92960
33448
94337
91808
42493
17828
32472
16595
26923
91815
137
18099
31114
16599
49948
84098
65726
58428
60632
40981
15400
56228
4778
34971
4582
10878
72556
90291
39909
78499
35940
75174
84180
86980
23880
17097
50618
84974
20421
13399
11667
12936
53625
60782
55204
61608
60848
78383
2680
10880
10735
21231
49676
98493
35590
4351
20845
16568
36034
82151
20008
655
48917
63631
26285
53673
81297
47448
89625
46336
17304
42675
2690
47240
3590
19038
22680
17700
92791
85436
98529
49475
48977
59756
69896
18251
49557
82886
96068
67968
4932
41964
82212
80160
50572
13154
87968
15428
23211
94143
44167
76072
30141
43209
4249
19324
13591
88918
46904
1236
97261
82989
45427
67605
93192
53133
44188
81421
15002
28680
70211
31938
42038
39539
50516
97192
915
68610
58797
70584
15268
59324
95881
89086
8877
85983
31532
83819
93909
51793
79207
43420
7344
53228
43616
75248
56143
26867
54887
17800
80410
4725
2039
70914
42140
36770
4411
91397
96389
63153
44638
98712
12060
34540
37483
44457
16425
70826
98085
58334
55323
51426
43130
10658
4440
80327
17725
73161
84348
26081
53526
33757
191
8769
85609
24560
12667
88559
15590
81555
4689
91244
84589
86719
79504
12184
16231
33254
55098
90810
23632
32154
83354
93089
41355
15632
91441
79201
78567
33382
66308
8123
2164
26436
39188
26928
4405
83373
9563
52414
64088
66376
23452
17726
28944
29624
72465
70738
7467
4692
16457
95855
21789
87856
59331
72129
32507
8855
55273
18947
26004
35468
94463
6100
49945
65370
99222
89342
80447
76474
71742
62830
56186
62254
66620
62904
86243
86997
65120
64984
10131
99646
23282
6284
34916
40732
98685
24691
31039
79873
36016
82162
44500
14563
71725
63257
89405
22672
23295
68804
88621
44009
65429
96003
83481
88051
21885
87624
87687
30000
59911
95377
50459
1297
81114
40283
52962
50241
37684
46270
52699
57217
73949
12763
56327
32184
56367
51786
48621
17840
55370
13571
66809
24137
66085
77455
2681
68277
33942
81688
72758
45051
28576
58004
30091
93953
15730
3536
97844
87892
14265
8438
53550
60171
14863
83253
20134
47214
42178
22789
85640
16487
22914
50372
85102
826
1875
74321
31492
70524
30275
32016
84182
3054
61673
19282
57178
54150
35507
17802
91173
16084
69021
95843
13264
49860
24906
5466
63740
30065
6042
31785
6388
18155
68773
53288
56863
86288
83236
29090
40698
47326
55881
48894
57226
29277
32456
64408
72256
97776
73269
72042
93147
58661
64102
89670
64314
5998
42297
27585
66815
13322
48228
1848
40329
3015
17089
64384
8367
21693
23012
62980
43516
12522
94255
43201
522
38691
83036
95099
19861
74536
64878
31426
85587
69267
33589
8790
71042
2974
93074
3321
37587
94677
18519
43369
32312
60815
14860
18508
8266
70492
59632
13179
83416
78431
77260
9248
76537
84600
944
24209
33028
49838
24749
78197
74692
60512
39113
29402
6123
69361
11718
18009
60446
62068
83015
88782
78790
1140
51800
40492
29914
28387
2950
58441
16651
17701
64491
78080
30951
70024
28033
97262
82658
91889
46418
21542
85980
24500
78012
82765
34029
78761
36356
38742
67383
69264
73253
41507
5914
33605
55865
80872
37939
85787
18418
5292
48171
67166
22136
45844
47445
29128
63724
26061
36604
481
22774
11217
60773
68096
85723
18022
2883
25791
8559
3313
24118
54833
54000
47509
23564
19113
27377
52572
99978
38826
77072
6973
38973
90254
48263
62111
2406
30569
26735
39070
602
58366
80642
39255
72337
14573
10521
53431
47635
43308
35558
6642
8196
35270
61141
44374
24268
38827
641
27464
45034
18818
6804
13156
18437
79978
85322
21129
27734
2046
82346
793
16854
96649
58164
70640
62168
99231
51702
21867
62442
11022
18548
7711
1109
34313
78545
10811
26991
3526
54132
65214
67028
20497
40096
48847
17496
28963
3513
14991
66257
89546
89104
13359
45771
37858
39763
16950
14818
71589
65487
92599
86078
19631
48923
18053
30030
51826
16228
54575
21449
64987
50964
88096
90936
9079
47102
86409
52948
36072
64948
77109
63767
46005
93144
99851
4085
48500
62409
31902
60228
33273
26159
41361
87288
6972
70828
96299
34179
78317
18442
49482
54437
12104
77783
94425
32762
32482
40724
53149
66643
16091
67722
82654
86638
19269
76584
55431
71056
20095
90150
11872
14789
94329
1302
550
44155
7133
52252
83251
44055
57229
11654
40575
77059
60556
65183
38992
53198
14033
94034
39735
43814
15789
45559
71089
6895
62538
58448
14511
47947
9448
20713
49246
42721
6018
93149
22565
68033
96054
72784
15401
14083
29144
68725
69676
78404
55326
25884
51953
36110
22177
35271
5189
62673
10738
35914
35812
41559
1560
31751
4555
43790
7079
33688
65188
19674
31409
81093
3135
69613
11731
84535
92211
65723
97637
94830
182
25952
62325
44013
93845
55164
341
21495
61202
12278
14780
51174
647
83173
32131
1983
21588
53667
73276
56460
78627
58424
59283
13068
80793
91579
90375
62837
48202
94880
98511
59658
6803
40843
56632
10445
78521
85801
89003
3152
8018
54864
74124
20891
61305
51592
56887
3927
12608
86439
81501
86738
77441
66407
83609
6481
26527
97846
12335
37934
37573
55799
10377
72229
5848
56454
92868
19394
25453
39170
95806
73522
19354
99448
32692
85430
10304
33555
98644
17496
79878
28827
83316
95122
21537
68455
97718
50891
94873
35499
98033
80643
54232
83363
39972
9895
45185
61209
76961
1685
17543
75497
90068
48692
83295
10128
93939
40078
42863
76724
2377
53778
49118
39713
52612
16810
60751
66989
95992
72478
73660
58469
12811
21975
91406
4488
65201
70450
57353
54334
93434
48960
37907
52620
25894
33820
6651
7844
99373
58596
20035
5927
21952
44399
32982
1812
36978
5851
39277
17971
47813
35327
21858
48316
61537
61565
66151
50756
93006
52782
31866
14444
39628
30083
66046
68812
98229
50323
64828
16369
44540
13300
103
64978
33097
89318
89939
80141
93489
16953
91110
68260
15932
5282
63648
96648
17826
78006
22126
59451
44409
91862
54393
26352
42309
6041
91831
63042
61703
36530
98845
48731
17270
74845
49634
91784
86267
63035
5959
62055
30027
618
46088
58371
99444
85134
47474
31854
4452
52328
34905
61274
65121
4665
73650
94600
13503
69166
85621
60510
74075
99779
3155
64923
72144
14203
52916
46405
67320
19373
27240
32326
65706
61923
39300
57941
31538
22026
49749
76999
64449
8163
60964
59611
21800
16871
87765
27749
89395
20885
28247
62020
81102
50018
2304
88776
78658
60158
55923
9660
40111
16511
3812
78102
6998
92821
88123
82598
437
43098
48859
46914
42921
14824
49316
4175
64514
99437
30694
88615
86369
90817
62247
17304
64351
59361
78710
37358
22015
61192
68416
67813
48618
6059
73893
19349
64639
25726
49604
97426
57549
69691
48783
86677
97286
10269
59281
70234
5990
56464
9150
24094
72632
53944
52326
93934
82142
82679
50516
42554
39075
36853
99680
54952
44240
37146
22604
72005
34762
23265
94890
20100
26757
55631
6969
53467
85550
64386
18114
63356
92080
11295
32995
57697
98744
93452
74216
13885
28088
57493
582
34196
7305
92906
38281
25736
54678
84742
79590
52086
96808
48523
5628
2163
46528
47372
52257
69067
9113
27401
88368
99662
14219
28523
51324
53439
8077
86304
65266
40911
65741
42596
61158
61642
99280
75669
37665
28723
8765
80165
21979
75297
72252
30870
41036
51401
52393
43273
86458
5886
60542
30783
46768
35799
67959
21784
86315
24317
99941
91526
81711
93726
17062
99399
90720
17832
32040
70233
50518
10730
1564
31239
12289
14574
17412
5508
35316
52139
83763
4252
14793
89777
5856
68316
99344
39856
45507
14503
81610
43251
73365
76665
31827
3164
83458
3334
41461
85029
92508
30631
83553
48330
4542
63325
15028
68827
71675
86662
66261
59194
4813
16538
12078
85185
49955
16571
29719
42160
28663
81715
95888
5694
43713
23426
43551
23774
67291
89251
98540
26766
42259
52412
19992
13994
81684
83417
17056
45338
98415
53752
98233
97177
50342
52961
24513
37242
71528
8909
50226
85598
46313
80652
42342
79700
65942
51252
70038
87361
81251
61340
90016
33262
17165
429
18671
14168
58283
3831
78207
65774
73951
39063
29927
15816
31738
21634
43854
74582
34965
27541
81480
2689
61476
19311
77317
70775
3510
73012
14811
49609
4907
86720
97209
47208
64890
63030
863
4934
93941
48301
23480
18930
3828
70820
91536
93593
61941
95843
21321
38973
54898
19852
25873
48713
67080
48313
41633
2811
43629
72521
34984
7987
11273
18784
32596
35260
97856
62650
47774
82309
28451
64431
47554
66633
38512
16810
88601
23223
50523
84373
66376
98589
65989
33700
23830
55172
18024
99180
30612
17102
78903
93974
99808
20330
83954
27142
1349
85569
20115
37083
98555
79202
26478
55011
51292
99620
82368
12721
74613
42163
76192
58400
16415
97284
43482
83468
95423
32567
78733
88801
20932
27707
84704
12482
92939
77563
22760
27687
8059
20865
89039
13647
33216
30328
44689
70005
84224
29894
20159
15924
59270
76696
27632
89569
32237
35812
77030
20980
84062
59366
1417
39530
92422
7573
1573
80533
45819
44247
36347
43450
85381
82322
71470
22024
87211
53919
57593
42058
29688
40381
20808
61606
3488
93962
1963
2234
53688
62858
70960
19732
60754
61773
32021
34113
13019
268
5342
9535
16738
51480
20066
20957
7904
2423
28839
83294
28030
76147
9446
64059
46235
54610
23367
56971
61649
76776
38428
81813
93077
34250
59855
95356
6202
12676
2358
46591
78340
12469
89428
78595
56534
75791
63167
58722
79243
2694
8532
27506
74650
82872
43301
34738
79020
21726
17929
19817
96003
34572
7945
59304
79147
43102
70892
89631
10858
68750
4481
21252
22499
37899
60935
50579
83689
51691
33949
11023
65441
93998
20985
39181
26975
99671
86701
47548
98039
55098
2941
98799
94034
61095
96398
53368
89035
92290
8722
79190
54894
46327
12697
54210
60419
83636
46243
50374
91270
33834
49570
75338
44415
5194
36740
47668
85715
14388
17375
41585
94697
74933
69566
46933
22954
27237
95696
78791
58249
53102
70004
80692
6862
25700
27682
66752
92500
52258
99358
67317
19354
42206
84877
18578
48488
24271
51826
57973
13980
63439
86866
91326
63729
65721
65112
17950
47262
5457
61828
21342
23476
68472
84561
26520
49010
41149
81317
1950
68718
15655
22736
88126
19395
6190
26678
64293
73886
83027
89538
78491
11732
61877
25372
39538
39041
48669
26904
36226
40463
41678
89458
25100
32593
98258
34827
15269
14897
71621
99871
82784
33896
94852
76441
61771
63155
59099
58773
95844
71218
57395
78964
37818
89506
53282
74942
75721
82344
13213
74235
56560
41589
68889
87730
40115
4950
66287
32368
92170
36591
74589
65363
21052
85007
8019
61300
72513
5801
32101
69933
68069
46590
42382
73482
87504
40185
99133
79786
59923
71238
41901
32903
23361
3980
827
66737
12757
49122
3809
44953
63079
92794
98572
2513
65450
42633
6454
39077
11667
61291
56673
76019
13300
68942
76151
35628
94750
14780
80043
55893
83247
54668
79048
76425
14475
86965
51715
34078
35125
11163
59496
68450
26201
68359
17517
88883
59860
8632
77838
45245
99926
49671
79334
99318
28459
1410
31406
19409
25948
26662
19275
70684
88342
65525
98638
87160
34466
83619
21576
20799
98269
11366
95474
99045
46088
1191
15790
89701
38461
14845
49230
30717
71363
55890
97090
45496
2968
39037
82357
78534
22067
36765
51943
62955
91913
60379
70586
93702
46423
15435
89702
16629
17065
96398
16118
30579
34053
75040
11156
10811
32070
3445
46469
35006
35251
52627
92125
56139
59950
45738
86300
76072
32250
95768
96896
32236
40801
50405
59434
66539
99619
61238
40912
74159
12354
74381
72813
13841
83661
7005
10928
15986
5306
71626
61768
27365
54785
30520
84785
53310
16024
22646
81576
53268
14089
51236
9577
67868
20988
80056
41642
90521
93114
38488
92851
29675
44178
22969
19767
38153
80830
12037
59733
49381
56982
88731
36944
29794
76809
15973
59245
22268
7528
92731
23201
38566
73328
77522
50585
93623
40387
57682
28324
55222
58948
545
28140
24843
36880
74598
22552
48455
30859
73567
8960
26136
27365
47777
56192
10936
35556
28785
32707
56579
83247
74059
25389
28190
78390
97630
55814
85918
33636
42438
50193
78430
48593
14993
45993
52000
64517
25543
41287
51290
22963
32070
6172
68560
91949
96404
95983
4242
94303
79179
3011
5621
54012
86092
62003
13278
98663
44829
38448
21679
9440
37135
42176
8936
53869
48396
14732
89829
50109
21436
14820
57949
66592
31091
51283
17494
4022
40702
69130
99838
55291
90477
30965
71508
38617
23632
16461
85347
2
94435
58380
31992
18622
91027
64609
47464
20265
24131
65260
73265
5212
75728
36317
86791
75838
47917
28022
85578
10568
81625
1975
99995
7346
14328
4023
77593
23189
32301
53458
22736
45571
13230
12147
6686
69873
44944
75034
36960
25144
84517
47663
59999
86226
69099
12805
40257
82306
14343
23391
32232
66037
43519
18246
9002
46172
2726
45356
29268
66619
65767
60457
18553
93453
160
47113
26684
86808
82175
91244
56615
99768
48374
93140
93608
65716
3989
49988
98113
3198
90702
22527
30113
17848
49088
79671
8862
86670
49963
11462
1844
40500
8367
50684
701
95595
38362
16828
79023
47023
68497
70542
96803
98726
85585
630
19044
2868
73489
95020
46651
56699
94411
67008
606
53704
44174
97175
12617
66040
80348
17513
57303
90262
81684
24276
30705
88832
68246
13247
59077
28486
2829
89302
2067
99416
29578
61511
55167
34746
16990
1008
1646
2997
93906
54420
94654
86254
3468
92256
77982
103
82929
97710
11329
17125
88228
85357
86012
12179
46448
10611
68422
94165
94850
68715
30441
45855
8210
21046
18523
82494
297
55761
22412
21046
38952
92547
93822
16278
42471
95777
95353
34790
88286
9062
46279
31535
23622
32370
12245
51292
62861
17440
27076
84013
45383
26367
28092
9342
81590
11400
32135
51327
88835
13988
10717
47438
51356
65324
34493
8100
1332
74085
92176
80495
6050
19615
79469
30517
50439
79090
90802
81876
94660
19577
16109
51625
62647
33072
52891
34983
80118
98643
31669
31052
37658
46478
48140
79001
4232
91497
66274
42295
93897
3605
3993
18051
72689
79102
47927
40027
58481
31722
42219
57378
99932
32278
45883
14249
59136
12338
40572
19253
94047
64706
46870
6826
16299
43568
64261
44487
15115
3675
16974
57008
14214
12559
55291
40245
43799
6858
72420
86537
21817
7132
84817
79459
77000
12380
27269
40629
95426
37418
12836
53760
40559
18209
79509
8284
54951
25301
48726
8108
93909
15993
85899
59622
83027
71646
5189
93532
70680
23044
72816
27623
74630
11132
26369
33347
61654
48439
50145
47955
98715
67906
3918
73151
59644
25908
40528
80060
79306
23634
61808
36198
69525
16189
49090
40695
66920
51573
69423
96102
68982
77052
80966
79667
74528
44534
93449
4769
12150
5599
19367
89585
89738
28786
4744
75551
18028
55776
25937
40097
16353
41906
39470
28226
71485
52910
91530
6946
76914
52761
89742
76234
21992
92366
29436
63251
50125
24386
73217
6921
59860
44706
43846
14037
66997
6214
82476
29102
58264
44263
62979
5797
81061
12652
97918
54492
37958
67530
19575
61024
16501
74072
69819
98702
89069
57097
3376
48494
15760
9220
81796
67693
62704
71948
93271
58189
48390
58215
49701
32642
23105
22123
24739
37385
59288
23807
98530
20734
14068
33144
97434
25071
3348
61506
92578
16419
93540
99030
19693
16429
85104
26800
93487
15470
63723
40902
67260
33451
39945
17103
38616
79485
5123
34073
63944
21769
54698
74737
67559
79606
7737
8790
92593
66151
21072
43855
45155
110
17521
77738
31188
47383
71379
68811
4309
25657
9584
80843
14607
1450
57413
60361
86611
97023
14507
10581
65185
16721
28394
33889
84908
98963
14783
78178
32973
22073
15903
48728
51401
66213
76594
50910
88630
6933
28197
58445
95120
34020
20498
67133
80023
80559
88749
43537
15973
5755
14433
89688
61162
64379
54261
36857
14581
36817
82719
48513
8133
38041
7802
27422
89763
6337
3539
48779
811
27924
62026
73228
35774
74186
45991
82445
23227
17933
5018
63586
80476
68452
83722
33692
17967
43291
81337
57495
96968
75474
23685
81877
90050
9273
77384
62805
66274
52784
86389
72433
68046
21128
44435
78360
34950
91653
32381
59259
99712
423
63931
80106
63608
26925
12054
23072
49622
94677
5944
20296
88247
79370
36395
60059
52294
88761
92823
73441
99823
1642
50993
3216
96449
40392
56428
81372
5603
61400
65628
62720
8111
11363
44358
48265
29824
15177
90523
52626
73917
41687
37922
58690
93415
14327
18125
28774
73247
67827
38716
2894
64308
60344
89780
1147
78177
13332
14696
96698
37533
67970
13946
42320
29113
90897
53802
44523
92869
5421
53441
28054
75938
35088
52410
48156
86035
27320
73624
14880
83161
93375
37876
61276
62947
95948
69614
24563
14949
82147
63701
21029
91970
39998
76778
17225
91058
23668
68478
67252
33452
54148
72761
72311
7254
14852
87461
70313
9601
88688
3608
5384
8675
65833
90398
19945
22780
4712
30830
56233
17970
6332
28121
93894
87187
42157
39549
86424
32486
16254
53826
9985
52917
4610
236
49264
13232
88350
99351
14740
4654
81108
50603
19607
38861
90191
32208
92865
63989
96428
56218
51140
42281
43556
17207
99515
86761
86162
10127
822
76338
3213
20405
90746
26844
23603
39401
82277
91687
50145
73054
35197
9320
62036
38776
87538
20694
85802
27478
71245
30995
77738
69626
89722
85988
26713
37795
57568
88403
16273
12048
68890
70886
32213
51469
65242
47523
31286
86518
76797
24717
40138
7927
15340
1008
99699
42111
22436
44852
94546
52622
72231
96963
42591
23964
66484
89965
83925
55888
52746
48423
2911
24195
75138
51304
81874
49021
39944
25125
88874
12344
18428
53828
94720
35392
63100
60274
94416
6081
97917
74632
18974
98578
59411
97450
20538
41940
87675
94799
77444
43514
96083
98000
96776
80370
48120
7035
75089
45216
61790
45625
50267
7793
39761
83344
35073
40795
15333
50378
16714
61772
46697
74276
47781
52472
40917
31162
56140
25145
75227
93972
6428
90214
65490
59633
87109
42471
55823
96499
74205
17188
53668
9540
37356
78404
62839
53019
16
5910
92207
55619
42741
57162
49305
34758
16491
28438
83112
26224
54448
75766
64817
80013
89779
18795
48155
2570
34358
39700
65346
79782
7449
91172
32315
60945
28359
30197
78716
77644
3546
69879
81612
1753
58978
42553
71759
23416
3563
60556
14877
81379
5597
78816
22233
52383
99514
16177
89
37503
31032
93990
98280
44523
6994
58367
31483
8934
2431
33874
57416
9011
6997
63371
58287
87698
33280
99227
32578
34650
38224
3326
54834
31845
46036
73970
42233
51775
54628
77632
31755
81708
12975
49005
38464
26111
47899
39277
45780
29130
39659
33919
9489
53912
57341
95060
6388
59841
20057
6775
15420
43981
37980
64496
6739
34563
49774
65221
19092
78907
79886
56209
78105
55905
51122
98803
37857
45917
32358
69165
43124
45815
39786
23043
80943
66640
58718
31584
87293
79301
95515
77746
45649
87681
67700
97016
66538
93924
93445
78048
30065
47098
18798
20510
75880
92017
44272
92120
38622
29087
29893
72750
53210
84338
89924
39631
67253
9531
55462
49184
20194
85181
90904
7917
19292
12057
72834
67008
90011
95511
75891
24100
20364
56798
57499
26809
68924
83032
90293
82136
4579
62641
10970
71917
38702
80023
16896
38561
8828
25061
5503
44269
10283
35566
23060
87281
68302
52594
71442
37938
5145
19072
97505
42207
40823
90082
1185
67734
79985
3060
84881
13511
92035
91766
15211
82905
23029
13407
12088
29448
42487
59293
74615
14516
95734
74602
99439
99472
75315
93186
54970
28131
13735
92005
62347
4905
4234
69268
65780
95050
35703
31080
63666
97293
59855
20734
89641
94691
91176
50728
24977
77458
23130
18899
57448
49023
73045
21097
70876
77831
14392
57941
17059
27296
77322
85430
16317
15999
55878
22190
24914
39449
52821
36505
71096
65076
70665
22349
40871
21469
95496
18172
11559
3989
34634
87447
55878
4552
93405
98959
83796
53699
95205
34262
8140
61085
83881
71628
65228
22830
994
69444
17610
97409
55307
62922
16762
46937
34621
16299
96318
511
94137
10448
54077
78534
46485
8275
37638
20596
38837
1470
74691
99481
90917
49623
51002
73378
26743
29927
39801
86906
59264
96267
72159
85421
90142
77898
6729
32544
60101
84602
46315
89687
80296
65079
98294
8904
21405
31593
17141
74307
3870
67202
9590
25986
84960
43437
22627
58835
3475
23976
68736
33293
21299
58449
69326
76755
30779
67500
36261
23365
4498
83449
36106
18760
35833
34041
69235
60942
12966
14121
9596
60423
25818
45990
43656
87681
3272
35703
89279
53804
8450
15341
67350
16104
73934
61807
20065
61989
18269
95017
53799
55571
75684
20281
37222
36268
80173
45944
12869
99374
97371
56799
84431
5309
25905
28623
71829
31009
74399
76536
65576
79389
36413
7704
68969
21471
64619
48512
43736
59190
40319
24228
66003
75343
74627
27155
27333
59147
14525
5207
14959
88743
16216
34407
70574
63598
71391
81798
70674
87678
43626
80576
35313
97319
31832
44325
34276
69763
2922
56196
61104
6737
99415
64834
95460
46344
16164
17058
53420
3391
50335
60072
7360
50809
36204
30076
35997
28208
60900
31176
85188
80371
2642
28957
43460
80015
85307
42890
99780
88244
66686
35843
6753
58318
90242
66079
58680
15408
71549
88252
7946
62194
2113
96224
39173
51082
18596
44153
31624
77427
80804
81291
12227
40516
81568
50254
31519
36516
44498
84706
11942
88379
50497
6551
96745
4480
96409
60605
63959
16055
46578
88180
96726
76674
73389
28670
11855
33108
6280
96294
34712
86576
92445
76381
80372
52823
27962
55656
34452
44225
84477
35203
49607
63669
90361
35860
40297
21206
55106
71566
71087
20001
94006
21541
88491
63240
68196
99577
16953
806
35201
61956
66638
43973
65503
10336
53581
5273
68728
3291
19222
51116
79385
34012
2756
39654
35645
80975
21923
90143
19146
55317
15279
54035
5902
10053
52330
55574
38889
83525
70200
11138
42057
33935
87410
42083
81497
66670
33142
52304
64857
18033
13766
3826
96563
22105
18548
57035
25599
47845
55544
10168
41427
63250
74584
99675
2184
49761
90364
61696
79900
30577
