56206
18181
767
69434
42822
69913
97877
25907
48363
73365
62925
14654
26461
37635
19149
74971
33966
36921
70284
79364
98642
55834
74082
76636
65875
19483
31051
35371
61485
30212
50213
735
45887
19660
39220
30635
6962
8036
59296
65413
950
68638
34133
95931
88006
84197
69286
63839
77067
57660
39054
94986
44938
3640
57840
78805
87265
68950
58109
20147
80842
83145
17265
11756
95901
92170
35506
39274
8651
49541
42735
40694
36655
64904
69943
74809
94930
3708
71062
51302
83119
30814
19039
43500
8450
65565
50721
37314
84810
73858
78192
74716
12347
46965
33510
52658
1678
22659
28052
10911
