49434
50564
47433
49615
48769
50467
49582
49717
51531
50815
51414
50910
52297
50410
50774
50848
49509
50044
49137
49443
49686
50554
49789
51231
49883
50585
51765
48282
48220
50448
49626
48620
51019
51495
49775
52459
47169
48692
50246
49294
49305
49391
48877
49160
50732
50122
49161
48690
49619
48892
49316
50307
49420
48983
50314
50621
51883
49773
49775
50400
50382
51403
50154
52421
49490
48788
52118
50474
50250
50354
49308
48427
49704
49423
50332
50645
51588
50204
50563
49012
50305
51061
49038
50133
50058
49888
50860
52032
50388
51691
49790
51210
48272
50060
51684
47620
50123
51255
51116
51038
51435
48683
50069
50297
48939
51053
50199
50183
50617
49499
50736
50463
49747
51526
48526
48858
51293
51144
47822
48206
51060
49498
50796
51147
49891
51411
49965
49357
51143
48907
51323
49085
49416
50026
50689
49673
49460
49009
48773
48398
50043
49815
52198
49801
51297
51528
51025
50138
50134
50314
51345
50137
51752
49598
51281
50873
51733
51272
50473
52254
49665
50864
51130
48963
49511
49140
51483
50794
51373
49196
50587
51155
49751
50977
49564
47656
50938
49865
49947
49285
52179
50138
48656
50655
52181
50024
48173
51623
50192
51220
50113
51191
50109
48868
49173
49009
51339
51145
49794
49498
48174
48128
50096
50115
49355
51223
49560
49014
51104
48918
49613
49486
50975
49372
50330
51036
48896
50459
49737
50566
50072
50969
49347
51722
48623
49804
48700
49567
50705
50212
48964
49031
49284
51548
51117
51350
48688
50164
50422
49287
51735
49336
51244
50601
50205
49641
49651
50787
48047
48850
49017
48861
49603
49500
50556
50653
48620
49696
49232
47805
49593
51567
50733
50212
49286
49245
49061
48895
51095
51619
50449
49914
49881
48987
49016
50433
49436
52337
50199
49528
49546
49791
49146
48917
50309
49156
49776
48668
49843
51392
50128
49708
48704
50617
50391
49158
50872
48949
50663
48906
47704
49662
50702
47989
49608
48939
51780
48031
48649
49406
48019
49300
50356
49998
50389
51550
49991
49367
49800
48550
49963
50482
48858
51194
50813
50143
52438
50580
48385
47240
50668
48331
50340
50473
48670
49429
48676
50424
51338
49239
49276
49291
50287
49793
51207
49492
50762
49791
49755
51234
49505
50771
52214
49773
51379
50738
50914
50646
50573
49608
50032
50271
50740
51547
50936
49076
50585
51661
49628
50593
50886
48878
50733
49330
50878
50641
50794
51733
49223
49663
51480
49238
49131
51449
49869
50920
48156
49546
51787
52830
49116
48611
50856
49461
50409
49905
49765
49577
51403
49367
48924
50139
51508
51872
52251
49902
50826
50145
50260
51052
49612
48706
49470
49888
48246
50833
48744
50034
50628
51579
49918
48952
48470
48754
49276
49637
51000
48732
50008
50053
49391
49555
50943
50307
50894
50299
50820
50733
49864
49003
51854
48902
49337
48376
49386
49820
48679
50529
49955
50951
50046
49335
49852
50273
48932
48658
49970
49821
49797
50124
50472
49403
48997
49138
49964
50451
48798
51713
50013
48452
50627
51487
51495
50469
49053
49219
49866
50635
50169
48567
49780
51148
48604
49726
49979
49357
49066
50830
50633
51205
50547
50431
49588
47188
49195
49874
49142
48383
49957
51160
47922
50343
51092
50602
50210
48718
51444
50146
50522
48841
50209
48338
50121
51931
51568
48322
50430
50867
48728
49201
49341
52063
49421
49439
49831
50466
49980
48705
50348
50970
51098
49126
49668
51256
49086
49927
49640
51268
49335
48891
49058
49403
48466
50580
50245
50375
52394
51768
50928
49295
49540
49930
50987
50001
50732
49817
50190
50088
49547
49449
50835
50211
51515
51412
49392
48582
50924
49353
50364
51624
52858
49589
52217
48760
49006
48258
49820
49649
49740
50325
49847
50421
50143
50800
50555
49696
50568
49398
49082
51022
49765
47532
50648
50852
52167
49683
51171
51210
49806
50157
47729
51249
49050
47950
49879
49837
50318
50108
49817
50168
48498
52115
50068
50908
50050
49714
48972
50208
50206
48948
48829
50633
48539
50348
50462
49881
49300
50162
51800
50452
49379
50892
51245
50546
49848
49851
51054
50663
50449
51172
50264
50174
50713
48995
51010
50451
48769
50942
49663
51386
50089
49891
49699
50838
48758
50727
50186
53068
50963
49573
51381
49639
50677
49805
50101
50416
50443
52657
51274
49947
52902
49059
50107
50457
49464
52345
49417
48461
50668
49777
49511
49657
49619
50984
49153
49997
49992
48649
50487
50480
49807
50988
50283
49215
48571
51055
50682
50645
51488
51054
50421
52536
49791
51170
49388
49196
50643
49843
48862
49807
49041
48697
51013
50248
49586
48918
50581
48974
49615
48853
50373
49428
48838
51230
50423
50070
49999
49584
51471
48897
49953
50312
49664
48368
49572
50599
51263
48130
50785
49002
50102
49363
47513
49979
50344
48269
51186
50223
52788
50899
51198
50824
49059
49344
49489
49645
49746
49597
50012
52257
49154
50760
50846
50160
50451
50262
53068
49918
51190
49349
49956
49698
49205
50330
50025
49069
50414
50463
51590
51864
50083
50316
50033
49555
49118
48728
50434
50610
49988
49105
50635
51720
51148
49453
49027
51344
51128
48875
50465
51320
50145
51619
50490
49108
49470
49674
49552
50772
49701
49785
53545
50039
50162
50604
50967
50154
48523
47615
50389
49541
51192
49209
50400
51358
50843
51129
49072
51043
49278
48200
49302
47866
49291
48855
49888
48675
50854
49762
48886
51941
48665
51701
49826
49746
48838
50518
50476
50329
49248
49052
50944
49634
49469
50241
49067
50300
49763
49019
50244
50013
51752
48826
49859
49486
47860
50428
49714
51230
50221
49086
51358
49426
50143
49659
50632
51236
50898
52245
49535
49685
50012
49680
50859
49148
50070
49486
51415
51418
51234
51132
52174
50448
49519
49648
51493
50170
49419
47696
51611
48723
49637
50163
50981
51163
51455
51340
50281
49946
50229
50246
50671
50397
49723
51225
51543
51821
51187
50398
50664
49097
49560
50362
49240
48669
50429
50610
50297
49193
48319
50401
49857
49292
50440
51639
48673
50788
50115
49301
50479
49589
49842
49554
49574
49285
47899
49500
48682
49975
49758
48927
50540
50156
52351
50424
51018
49359
50049
51632
50861
50510
50435
49507
52648
48718
50104
49817
50036
49593
50888
48124
49571
50623
52983
49373
50896
49063
50131
49114
50066
50367
49989
52459
48981
48262
50164
51083
49633
50935
51705
49835
51193
50579
49704
50680
50871
48554
50204
49903
48956
50463
50082
50300
50318
49779
50034
51601
50897
50702
48110
50852
50011
50461
51424
49227
50706
51348
49461
51240
49979
50604
48710
50184
48326
50489
51872
50718
48856
49505
50520
48851
50222
49162
50339
50136
52129
48679
49359
51118
49154
50074
51656
49607
49904
52140
50507
49518
49999
49721
51029
49919
47272
49880
50118
49401
49843
51089
49942
49668
48972
49478
49409
50433
51620
47630
51411
48923
50171
50458
49779
48946
50508
50577
49433
48716
51529
49402
50829
50874
50311
49501
49545
50709
49327
48167
50219
51366
49473
50961
51355
50898
49161
49702
51792
49205
51022
51671
50448
51595
50273
50682
50102
50377
49881
52539
50041
51135
51552
50108
49264
50326
49600
48909
51089
48202
49166
49866
51098
49066
50007
49337
50980
48736
50584
50711
50859
50119
49613
50574
51058
51287
50193
50061
50879
50013
51038
49534
48643
48673
49943
48755
51148
50420
49959
49245
49199
48481
47260
50251
50285
52194
48835
49550
49257
50389
49764
49789
48876
47831
50663
51042
49955
50556
50018
50722
48070
49254
49784
51023
49136
52060
50708
49983
49115
51488
49771
50874
50243
50009
49114
49041
49409
49404
49313
48981
50608
47904
50244
50264
50515
50776
49415
50294
51216
50124
48588
49536
51562
50549
51511
50618
48579
49747
49748
49734
49761
51382
50435
50509
50159
49709
50821
51704
51615
50473
49936
49691
49827
50544
48241
50159
48819
52691
50576
50760
48100
48946
51599
51324
50131
49132
50912
49409
52188
50333
49222
48474
52314
50224
50380
49995
49796
50685
50905
48842
50296
49454
50232
50464
50144
50586
50034
49650
50646
51832
50025
48269
48162
50804
49578
49170
48681
50581
47807
50149
49658
47364
49111
50984
50710
48265
50905
48888
48585
51263
51101
52226
51578
48977
50472
49981
50273
50440
51431
50938
50414
49266
48570
50393
49114
49973
49552
50211
50583
49302
49767
51716
49519
51909
49413
48450
51792
50952
50218
51487
49739
49613
49310
50824
52557
49240
50115
51785
48333
48779
51970
49228
49557
50749
49350
49640
50472
50893
49598
50556
50228
47737
51621
51190
49264
51110
51820
50186
50192
50173
48688
50315
49966
51031
49977
51990
49359
50582
50513
50683
49237
49796
50636
50546
51006
50133
49454
51431
53448
49145
52596
49142
50428
49837
52000
50965
48469
49521
50044
49128
51288
49787
49950
51368
50147
50572
49142
50060
49507
51330
48989
51120
51953
50253
51679
50418
50293
50002
48500
49410
49784
50838
49050
50445
52590
50300
49740
50728
50683
48935
50559
49768
50101
51328
51533
49697
50123
49259
48761
48966
49490
49459
47656
49506
49825
48321
50587
49711
49429
50443
51503
49655
52064
51476
49237
48152
49945
50267
51709
49882
48573
50953
51244
49539
50755
49439
49548
50033
50799
50234
48692
51445
50956
49688
49364
50128
50020
50128
48274
51036
52240
50699
50644
49743
49528
49949
50366
51081
50250
50611
49075
50117
51846
51508
51018
48860
50273
50883
50476
49331
49834
51045
50843
50202
51876
49595
50377
50803
50660
50115
49296
51446
50514
48925
49399
48692
49877
50174
50380
49919
50660
49234
49873
49178
50944
49422
50321
49638
51265
47716
49013
48792
49207
50548
49848
51250
48311
51129
49490
50409
48693
48956
48707
48375
51350
51728
49062
50088
47703
49438
50931
50028
50877
49756
50323
50398
50088
50576
49662
52333
47526
48934
50488
50363
50912
48092
51349
49279
47634
48938
49960
49509
51146
50963
49639
49429
52382
48185
49812
48733
49352
52677
49674
48271
50817
51155
49908
49470
48546
50503
51789
51919
52021
48862
48949
50354
51474
49240
48601
48544
49660
51482
51324
50596
49632
50512
50260
50600
49713
49576
50255
50828
51904
49995
48322
50061
50157
48981
49958
49447
50390
52052
48158
49510
50336
49283
50816
50021
48443
49952
50361
50316
51155
50623
47724
51048
48417
48977
48628
49256
49691
51108
49161
50832
49309
50735
51601
50507
50578
48755
49097
48741
49623
48696
50445
49656
47796
50648
48982
51416
49594
48715
50550
49578
50239
49642
48418
48821
51361
49649
50113
50443
50176
49443
49507
48734
51191
51528
51003
49685
50650
48413
48648
48629
51572
50757
48792
49978
49403
49741
49016
50105
49163
50306
49534
48250
50151
49451
48946
48886
49611
48470
50120
49599
48890
50426
50754
48704
49893
50710
49503
48312
49395
48089
50229
49544
48877
50119
49221
49261
51852
50087
48571
48369
50025
49282
47850
49628
49659
50906
49734
49235
50005
51606
48030
51227
51101
48277
49096
49350
51640
51456
49697
49039
51080
49064
49725
50196
50063
49462
48186
50947
49649
50060
48830
50080
52340
48865
50234
50153
50529
50057
50609
50450
51862
50015
51047
50156
50070
49136
49242
49899
52233
49523
50594
50518
50165
50527
49816
50598
49424
51431
51595
50481
49817
50930
50264
50292
49176
49296
51164
48676
49328
49831
49982
49044
48567
48663
50722
48402
50634
49839
51328
48819
49557
51064
49497
48643
48489
49214
51758
47575
49602
49495
49730
50564
48999
51252
51747
50485
50236
50138
50200
51435
50033
51025
50380
50430
50759
50501
50353
49965
51107
50986
50383
49424
48257
51104
50019
48223
50714
49512
48097
50315
49545
49608
49310
49992
50103
49079
50807
51571
50050
49978
48964
48877
51426
50067
48788
51285
50311
47833
50584
48456
49817
48786
50947
49452
48611
51074
50592
49916
50866
51590
49321
49813
50181
48618
51495
49308
50065
50383
51706
49811
49176
49421
49713
50078
49475
50613
50404
48210
51375
48885
50092
50135
50143
49042
49340
50587
49863
50291
48098
50639
48933
47850
49988
48479
50442
50933
51628
49425
53011
50527
51608
51032
49760
48914
50868
49824
50159
51151
48813
49752
50000
50846
50560
49416
49850
50881
48114
50022
48351
51315
49904
49183
51283
49888
50103
50592
49590
49839
51681
50531
51804
48283
51054
49765
49203
49663
52092
49233
49429
49201
50062
51466
49034
50288
50332
49430
49323
49833
51577
50487
50764
50049
48221
50246
50440
50998
49346
49853
50061
50723
49154
49081
50321
49834
52341
50664
50292
48807
51659
51413
49397
51056
50749
49301
51644
50012
51637
49486
51151
49765
52848
49785
49871
48993
50819
49165
49027
50351
49886
49971
51095
50455
51359
50519
50523
51137
50967
50766
49799
49896
50415
50317
49732
50069
51014
50863
49634
50261
50848
49577
50731
47425
51301
48809
48346
49973
51161
48715
50003
49325
48420
49017
49051
50819
50062
50627
50543
50193
51304
49334
49285
49448
52211
50407
51382
48173
50290
49536
51016
50630
48111
51597
49036
50175
47905
50109
48465
50586
49066
51218
49633
49620
49910
49949
50927
49637
51173
48891
50567
50018
50346
48343
50153
49463
50231
49379
47924
49972
50438
48688
50182
49999
48290
50281
51454
51296
50256
50169
48816
50882
51396
49898
51067
48778
51822
50784
48791
48579
49761
50970
50772
51100
50265
51515
49971
49572
50090
51396
49444
50421
48936
49586
50562
50284
50208
50624
49743
48341
51118
50489
49816
49699
50092
49487
49124
49603
50260
49938
50941
48590
50263
49230
50226
50263
49944
50202
49609
49811
51490
49357
49126
49350
49789
49854
49488
49261
49142
49391
49383
50081
51905
50664
50653
50115
52191
51821
49737
49618
49779
51005
50127
50144
49117
49954
51425
50661
51780
50408
49031
49998
50545
49982
48038
49840
47455
48280
50070
49639
49599
50429
50516
48967
48214
49148
50535
50743
49335
48638
51052
48975
49472
49969
51298
49487
50128
49629
49810
50044
49646
49931
49529
46581
48071
49523
48930
49465
47726
49265
49664
48699
50674
50812
49492
48903
50467
48991
49468
49602
48584
47314
49473
49895
49439
48765
49381
49426
50379
50373
50585
49853
49864
49952
51156
51299
49788
49018
50319
50918
48995
49756
51850
49734
48985
50623
50214
49996
50732
49288
49167
50075
51922
51414
47570
50382
50060
51514
49601
50640
49156
50096
49304
51746
50381
49354
50257
49475
51211
50015
48343
49414
50414
51296
49309
51962
49127
49859
49916
49359
49309
51468
48132
48615
50432
51097
49544
50507
51945
50120
49149
49822
49239
49754
49995
50447
49290
49014
49638
51255
50407
49720
50982
49312
50547
49137
50191
49019
51124
50678
47889
48342
49458
49972
50919
51197
49552
50207
50177
51387
49432
50023
49853
50712
49288
50321
47822
49973
49898
50730
50132
50520
49138
51433
50230
50528
49559
51914
50222
49361
50593
50738
49943
49429
50335
50867
50395
52236
49062
51145
49914
52494
48481
50321
49355
51189
50985
51716
50192
51446
50209
51886
48958
50637
50477
50506
49465
50555
49268
48597
49707
49946
49452
48400
50404
50972
50151
50402
50698
48690
51492
48669
50812
50055
49492
48275
51400
49572
49970
50064
50550
50332
49591
51613
49387
50343
49661
50698
50126
51275
49981
48967
49308
50543
50401
49550
49853
50975
47521
50185
49592
48434
51073
49711
50424
51435
50049
50478
50524
49484
49819
51382
49905
50974
49483
51751
49951
49938
49535
49951
50630
47832
50996
48908
48684
50158
49181
49961
49252
52631
49100
50492
50359
50887
50977
52154
49617
49988
50525
51858
49071
50893
50831
51280
51714
51191
49723
49330
48468
50252
50062
50189
50141
49210
49387
49807
50407
50766
49447
49240
48175
51203
50987
51232
50046
50957
50353
50206
49046
50528
49176
48158
49921
50873
49730
48801
49329
47770
51994
49586
49781
50379
49924
50185
50203
49880
50262
48773
49255
50437
51503
50411
53454
49544
49962
48434
49097
50845
50329
49670
48636
48952
50732
49788
48831
49315
51326
49983
50492
49454
47761
49443
50790
46942
49365
50050
51499
50484
47962
49293
48806
49156
49828
50811
50290
48941
49283
51635
48877
48568
49071
51833
49383
49299
49554
50838
50327
50593
49113
49768
48744
51151
50161
50792
48532
50124
49128
51360
49696
50103
49897
50349
49533
49370
50064
49501
50472
49704
48401
48522
50340
49146
47694
52115
50706
50487
49424
49062
50434
48939
50021
49304
49275
49719
51569
49826
49609
48932
49919
49337
50133
48227
48379
49292
49261
49274
49546
49590
50147
51294
49713
50033
48873
49747
50511
50095
50137
50304
50509
49894
51577
50590
49578
51577
49371
51951
50553
51017
49560
49198
50256
50887
49692
51106
48577
49105
51407
49618
49866
52430
50544
49857
49546
48199
50494
49516
48560
50856
49906
49739
48666
51543
48721
50686
49143
51020
50979
48392
49116
50297
50276
50920
49885
48543
51631
50362
50763
50519
50639
51072
48980
50285
47689
49326
48568
50157
51396
51135
49487
50575
49631
50116
51578
49933
52218
51512
49133
48289
50824
50091
51487
49372
50726
48372
51048
49558
50527
50566
48667
50242
51624
50225
50079
50567
50192
48556
48358
49863
48697
49962
48625
50337
49650
48712
50534
49461
50179
50596
51394
50165
49180
50716
50080
50771
48848
50782
48970
49436
49040
49372
48619
49611
48938
50779
49886
50942
50101
49531
48738
49527
50325
51409
50149
49858
49724
48531
52326
50099
51384
49670
48580
48648
49533
49999
47012
49866
49727
50139
51660
48826
48568
49556
49363
49848
50761
51841
49297
50613
50359
47838
51552
49341
49796
48927
51396
50695
48371
49414
51078
50515
49613
51169
49737
51112
47154
50550
51218
48273
50306
49972
49633
50433
49172
50774
50921
49682
48129
49917
50208
49374
51038
51641
49655
49432
47268
51390
52603
49618
49851
51017
50257
49409
50627
49070
49918
50357
50205
49305
47380
49387
50251
50857
47622
49011
50712
49148
50307
49260
51751
49545
48548
49322
50748
49887
49422
49618
50092
49572
49299
48851
51299
49694
48439
48727
50633
50136
51884
48695
48392
50987
50368
47750
49377
49862
49341
48785
50055
50528
51433
50969
49650
50354
50013
50564
49900
50240
50822
50360
52196
48028
50961
51635
50679
51251
50891
49816
49920
49790
50506
49381
50294
51128
50639
51581
49851
50035
48239
49285
50288
50894
48692
49987
48250
50906
48849
49006
48935
49678
49913
49880
49100
50045
50026
48900
49862
52504
49912
49554
49173
50427
50229
50132
49632
50578
50214
49980
49446
49030
49534
49927
50706
49122
48446
49115
50067
51858
50352
49736
50558
47849
48186
50547
49637
48921
48608
48685
50166
51082
49502
51585
51260
51011
51139
49475
52611
49945
49612
51161
51768
48592
50539
49090
49671
49539
49270
50379
49038
52323
51311
47933
51070
49604
49225
49531
49821
50486
49279
48647
48854
50536
48896
49583
48377
48871
49494
49500
49618
49608
48037
49856
49601
49300
52313
50579
50626
50693
50631
49286
49276
52804
49224
48628
51731
50143
48170
50495
49643
49917
49511
47201
49030
49283
49879
51649
50379
48975
50869
50126
51731
49128
50975
47441
48344
49747
50040
50800
47153
49160
48860
51124
49836
49380
48807
49999
49229
50153
50529
51418
50121
48258
49146
50961
49165
51672
51526
49341
49201
49990
50742
48979
49815
51075
48735
49632
49117
52499
48385
49750
50097
50566
50174
50796
50331
50005
49997
51061
49013
49925
50216
50427
52622
50772
51712
50237
50276
49076
50988
51809
50300
48726
47856
48725
48784
50003
52024
49355
49172
50980
51378
50928
47432
50374
51133
50843
51263
49602
48705
49747
50916
49892
50966
49533
47974
50575
51137
52430
50034
51205
49811
51157
49433
49882
49581
51065
49080
49228
49959
50016
50198
49136
48632
49488
51688
48614
48619
49270
50244
49230
49604
48665
49284
50160
48659
51788
50518
48875
50928
49314
49718
49921
50605
50652
49895
50593
50572
49228
50323
48976
49164
49609
48027
50334
50501
52253
50197
52698
49592
50162
48998
51362
49961
50855
49511
48992
48371
48834
49584
50200
50400
49978
49413
50400
50370
50803
50157
50005
48673
49582
50317
48745
50400
51290
51292
49589
49450
51247
52210
49728
50929
50528
51458
49961
50632
50553
50761
49230
48807
51817
49414
48876
49526
50864
48954
50222
49741
50778
50110
49283
49201
49593
50441
50078
49958
51218
50018
49986
48798
50930
48761
48234
50524
50247
49895
49503
49953
50670
50525
49340
50548
50086
51069
49727
48515
47595
48794
50126
49361
49688
50099
49576
50116
48754
51394
49587
49419
51067
50409
49112
49824
50405
48690
51095
49648
51129
50337
47773
48857
49745
49921
50998
48164
48975
50144
50635
48153
50041
49397
48362
51011
52053
51451
52775
50621
50190
51135
49248
49976
49650
50571
49805
48762
51575
48371
50451
50222
50937
51912
51571
50674
49663
50056
51753
52188
50235
50629
49307
49369
47868
49204
51252
51047
48111
51026
48707
50298
49898
49772
51268
49852
49800
51015
48047
49662
52470
49297
51064
49491
49237
48362
48964
49982
50533
49567
49262
50065
49219
51230
48777
49506
50844
52086
49155
48103
49969
51050
51506
50229
51103
50146
50662
48554
52586
49443
50952
50785
51247
49866
50330
47958
49859
50389
47968
51096
48948
49753
48924
51051
49511
50602
51463
50389
48965
52268
50392
50527
48671
50510
50752
50223
50843
49254
48665
49306
51042
50113
50978
50310
48552
50580
50812
48881
49410
51705
50136
48005
49967
50634
48669
50844
49545
50021
47751
48819
48527
51286
48518
51086
51804
49412
49293
51894
49178
49778
50530
50115
50947
49267
48999
50930
50731
49950
50953
48515
50559
49714
50072
48372
50305
49566
49061
51227
48883
50677
50807
50963
50152
49614
50438
51809
50462
49739
50778
49131
50344
49910
48752
48753
50237
51277
48740
49786
51722
48773
49198
50438
51718
49794
50336
48932
49381
49207
49598
50129
48153
50297
49468
49831
49514
49357
49026
50394
48966
49224
50330
50382
51565
48844
48473
51489
47760
49418
49969
51415
49574
50038
52201
50233
48980
49964
50027
49663
51918
50854
49872
50449
50642
50628
50829
50972
49035
50128
50449
50368
49357
49524
49905
48608
48675
49890
49854
50329
49974
49598
51125
50226
50330
49333
50348
51913
50025
48931
51484
51006
52256
49351
51341
49645
50844
48813
51646
49014
49907
50413
51286
50052
51868
50904
51353
49780
50542
49454
49996
50013
49792
52139
51544
50338
49534
49678
48131
49940
51251
49455
51084
48856
50665
51290
50167
49894
49554
48339
50803
48949
49816
49871
51167
49475
50076
50339
47926
52262
49729
51609
49729
48941
48959
50956
50370
48889
48241
50957
49166
50504
50052
51598
51391
49403
49383
49551
48815
47274
49142
51386
51090
50002
49737
50465
50620
49621
50905
51037
49746
48820
49652
48379
49400
50469
49978
50152
49835
50347
49595
49449
50436
51433
49716
50445
50118
48883
51294
47721
51108
49834
49087
50740
51331
48800
49068
49305
49824
49188
48629
51128
48275
49906
50410
48785
51105
50307
49333
48627
50070
49133
50029
49680
49341
49020
50525
50710
49769
49988
50061
51283
49596
49123
49728
49660
50414
49937
50820
49119
51056
47438
50309
47675
47875
48942
49612
48064
49515
48519
50174
49867
48812
49918
49088
49330
49570
49686
51238
52350
49813
49821
49054
48870
51723
50124
51046
50136
50808
48738
48962
50800
51678
49533
51193
49580
50573
49174
50441
50075
50538
49010
50827
50129
51859
50470
49902
50065
49442
48490
49656
49431
50346
48641
51494
49427
50808
50178
48263
49663
49689
52235
48853
50360
50350
50286
49225
50884
51308
50583
49352
50875
50724
49522
49240
49645
50298
52297
47907
49866
50949
50856
51244
51110
50561
49835
50520
52799
50437
51150
52876
49928
51032
49470
50634
49944
49716
49100
50745
49991
50001
50818
49574
51456
51968
50025
50456
52362
48904
52348
48768
49668
50588
49756
50338
50941
49255
50996
49579
50280
50250
49636
50266
48527
49795
50459
51175
49101
48162
48961
50178
51628
50339
49809
50236
49551
50524
50257
50152
49943
50842
50034
51144
49410
49803
50214
48679
50501
49637
49401
51603
50733
50199
49374
50296
49927
52156
51869
50081
47581
51489
49388
50232
49650
50168
48032
49923
50672
49050
49825
50572
49455
50543
48770
52241
50756
49719
50419
48636
50128
50418
50792
49327
48067
49061
49196
49525
51390
50014
51290
50855
49627
51557
50761
50845
51115
50234
50376
51260
51029
47373
51365
50988
49827
49371
49320
48475
48121
48695
49712
49556
48338
50157
48306
49575
49322
48813
50304
49999
50821
49923
48969
48137
51342
49702
50311
48969
49998
48531
50126
50791
51280
51332
51159
52842
49279
51487
50606
49336
48629
50492
49609
50347
50134
49228
50320
51057
50328
51173
49834
50066
49049
48507
50726
49417
51264
49847
51051
50085
52692
49110
48369
50322
52068
49958
50829
49444
49780
49598
50002
50935
49658
49343
48156
49262
49631
51318
48463
49803
50019
50332
50018
50688
48361
52316
49832
49048
50740
50067
48483
51342
48848
51064
50418
51300
50241
51052
49379
49809
49740
49070
48829
51044
50222
50865
49250
49981
49311
50394
49095
50649
51715
51361
50440
49821
49132
51211
49148
48854
51418
50491
50954
52905
48455
50763
51147
50162
50164
50630
48301
49984
49684
50209
48589
48795
50125
49398
52440
49675
51142
49712
49686
48916
51617
50768
49075
50110
51628
48876
49916
50939
50477
49845
52736
51105
49739
49823
49493
52241
50908
49953
51400
49359
49744
51931
48847
51172
50387
48908
50223
51279
47644
49340
49551
50562
47990
48498
51057
51112
49824
48546
49483
49963
50331
50819
50581
49505
48559
51076
49515
51014
50309
49563
51300
51219
51051
49172
51231
51078
48564
51924
52111
52028
49509
49178
51207
50590
52523
50294
51476
50165
48014
51346
49670
49861
49487
50586
48850
50549
49598
49040
48977
49426
49977
50654
50593
50639
51237
50116
48473
51351
51059
50442
49734
51393
50136
50672
48878
50793
50353
51054
50073
49748
50033
51311
51232
49769
49404
50270
47929
49181
51389
51366
50375
49127
52165
50380
51329
50525
49312
50943
49452
49199
49608
50805
50431
49399
49575
50240
49694
49394
49542
49556
49401
50604
50185
49540
49445
50660
49132
50183
48898
50636
48360
50193
49793
50445
48979
52500
50962
50216
50149
48872
48525
49456
50938
49372
49575
49049
50164
49104
48821
50459
50400
50167
51372
49780
49673
50070
50939
50339
48069
49943
50343
50168
49876
49510
50206
49529
50255
50786
50977
50063
48862
49373
49064
50233
50249
50550
51385
50409
51171
50467
49889
49873
50625
49456
49385
48564
49007
50022
49937
51542
51445
47760
49231
50577
49956
49640
49873
50712
49716
50044
50815
49629
50766
51634
50415
48554
49007
49590
50153
50364
50810
49881
50941
50283
49193
49153
49320
49620
51209
48090
49426
50068
50185
50633
49563
47356
49911
50800
48980
50157
50797
51041
51636
48864
49890
49511
50655
51170
48320
49112
50872
49945
50021
49358
51332
49523
49070
49289
49775
49534
48399
50083
50663
50434
49912
50551
50139
48703
49324
49682
50650
50007
50343
51197
50541
51169
48827
49271
48571
48307
50466
49412
49223
50701
50152
50861
51648
49040
49298
51302
49010
51068
48920
50812
50732
49081
50493
49121
49222
52274
49630
49563
49567
50202
50669
49802
48082
49923
51321
48416
50031
50565
50875
49660
49201
48206
49853
51282
49776
50667
51316
51193
51034
51753
49845
50811
48932
49650
48699
47744
50455
51336
49865
50076
50240
50599
50756
48755
50111
49741
51669
50210
49500
50275
49605
50012
49402
51279
50185
49920
49095
48813
50665
50193
49737
49803
51146
51164
50696
49504
50538
50003
50174
51744
50258
50966
50533
49741
50299
50528
50986
50100
51228
50203
49478
49270
49404
50417
49596
48315
49540
49105
50403
49125
51932
49309
49439
50338
49931
50093
50828
51038
49664
50900
48839
50335
49304
50450
48692
52396
49402
49788
49368
48755
49437
49833
49660
49740
49450
50468
51992
49597
50253
48949
49140
49359
51431
50108
51311
49960
50106
49451
48658
50099
52637
49261
50311
50345
49803
49703
51805
49135
50667
49694
50614
47941
51250
48807
50399
48595
49737
49880
50758
49760
49745
49654
50121
50723
48690
49861
49689
51596
50154
50293
51328
51121
51109
49677
51105
50821
49253
52301
50930
49597
50317
48596
51788
49492
51076
52193
49907
49595
48758
49503
50624
48024
50247
49946
47615
48780
49855
49481
50939
49304
51620
48673
49479
49852
49859
50589
49649
48775
50822
49791
50470
49769
50927
50486
49381
51049
50297
48891
50201
51503
50676
50189
48395
50199
50324
48769
49459
50544
50498
49466
49650
49394
49477
51268
50699
50123
51918
49758
50181
49085
50635
49920
48872
49494
51512
49743
49818
50088
50740
50522
49112
49888
51016
49566
48650
51331
50729
51775
50635
50447
50893
49369
50820
51091
48481
50711
49203
48716
50076
50501
50554
49096
48827
50880
51747
48215
51597
49928
50331
49073
50846
49809
49464
49190
47883
48294
50343
50615
52069
48989
49957
49825
49283
48802
51560
50021
49876
50640
50595
49430
49715
50562
50605
49168
50114
49817
51976
48663
49574
51041
51932
47831
49206
51472
49063
50703
49119
50247
51212
51174
47736
51360
50985
47273
49583
48466
50339
49840
50830
51196
50440
51509
49223
51188
51299
51295
51208
50353
47846
50477
48429
50529
51570
49350
49201
48670
50408
50802
50759
51110
48362
50170
48617
49784
49459
51095
52006
50764
49575
50241
50992
50376
50360
50882
49241
49661
49576
50493
50057
48939
49621
49520
50999
49895
50442
49677
50223
50606
50902
50322
48972
50090
50299
49626
51839
47474
49702
52195
49356
50622
47894
51244
50520
48867
50411
50536
49932
48946
48509
49306
49205
49942
49332
50561
49491
48320
52212
48470
50305
49853
49511
51326
50230
51469
48705
49932
49197
49671
50609
50635
48272
49127
49722
49421
48995
51233
51689
48228
49645
49159
48568
49261
49875
50223
49471
49562
48639
49722
49517
48827
50036
47911
49718
48879
49384
49987
51668
48929
51325
50254
51233
49658
49598
50007
49846
46981
50080
50345
48951
50861
49952
50961
49552
49579
52604
50620
49347
49510
51158
50573
49198
50218
49663
51565
48605
49840
50409
50923
49488
49565
50080
50655
50771
47556
50168
51522
50034
47934
51720
50686
49719
51536
50493
50510
49710
50369
50170
49541
51203
48520
50463
49320
49130
50042
47833
49931
48319
48913
49208
49079
49947
51532
50769
46870
49849
50711
50304
49511
49814
50385
50576
49673
48375
50897
49423
50859
50573
52215
48719
48951
51749
49361
49590
50382
50520
49420
50983
48120
50024
51187
51599
49174
49465
48965
48339
49743
50712
49481
48683
50488
50850
50215
49600
49759
49612
49358
51483
49888
51067
49543
48770
50095
48593
49641
49991
49330
49108
49773
50174
50772
50505
49555
49748
50312
50003
50005
48963
51316
51740
51562
50629
49967
50980
48766
50470
49553
50830
51541
49852
51088
50978
51364
49274
49614
51195
52252
49990
49677
50217
49984
50444
51172
47704
48539
51427
48974
49980
49810
50793
50187
48844
49375
48991
50489
49442
49948
48423
50734
49897
50035
51063
49851
48730
50238
50139
51026
50018
48160
49370
50623
49991
50193
50741
49485
50593
50195
51154
49902
51645
50912
51291
49802
51804
50080
49538
49575
50613
50236
48579
47913
51128
48429
50894
49777
52063
50848
50292
50728
49595
50755
51046
50403
50154
51312
47105
49902
49846
51688
51060
50014
48275
48955
51254
51417
49668
48655
50841
49099
49654
49287
51437
52958
50341
50995
51063
50457
48884
49276
48939
49740
49790
49698
50333
49501
50937
49827
48874
51103
51592
47881
49413
48963
51293
49137
50876
50820
49868
49743
50958
50056
50265
50976
50053
47416
49984
50612
50034
50377
50722
50491
51911
49779
49105
50989
49836
50597
50517
49677
48236
50148
48281
48642
50694
49821
49321
49702
50321
49094
49482
48961
48284
49845
49168
49525
48359
50823
50356
48183
49575
50348
50438
51066
49925
50425
47484
49405
50181
50326
48529
48718
49200
50074
51198
50173
49266
49440
50118
49483
50475
50996
50533
48681
50952
49847
50694
49008
48600
49583
50191
50108
48491
48196
49887
50033
50439
48754
50777
47109
51535
49179
49907
49819
49025
50015
46532
51134
49268
48882
51350
49497
50647
52383
49384
47180
49843
50061
51783
50233
49795
50459
51158
49477
48337
48498
50075
49571
49814
50924
50102
50091
50962
49263
48212
47584
49675
50552
50405
50050
49790
50951
50978
49873
48843
49877
49761
49819
50524
51746
50675
49972
50987
48534
50809
50543
50277
49305
49924
48559
50092
49572
50172
51239
48359
47648
49449
50783
50218
50726
52168
49304
50287
48665
50827
50755
49597
50245
49531
49375
49951
50433
50238
48512
48194
47479
49466
49979
51431
51104
49938
50300
51136
50197
49884
50656
49940
49635
51941
51058
49103
49879
48408
51300
50744
49793
50943
51607
51014
49329
50830
50004
48386
50399
49300
51177
50179
49397
50585
49572
48340
48228
48807
49741
49966
49821
49929
48883
50135
48796
49700
50113
49889
50940
51946
49873
49451
49492
50374
50109
50407
50140
50069
51175
50609
51432
49078
50312
50536
48710
49702
50279
50263
50376
48359
50596
49671
51964
50668
49172
49683
49745
51050
49344
49523
50427
48801
50595
51319
49594
50414
49333
50319
50361
50201
50200
47866
49839
50422
50497
50417
50910
50231
50546
50597
50193
51899
50912
50973
50319
50760
50920
50207
50559
51342
50887
52545
49808
50406
50040
50331
51331
51054
49079
49000
50498
51368
51351
50657
49342
50685
49139
49825
52220
49078
49527
50535
49568
48936
51158
49598
49104
51208
51423
48467
50761
50927
50619
50212
48958
51486
49403
49035
50024
50836
49728
50749
49885
50226
50650
51135
51705
51009
50485
48951
48856
51742
49572
49756
50964
49660
49520
50205
51557
48490
51003
49381
48783
50353
51381
50586
48856
49414
49444
50210
47654
49813
50744
48587
50491
49929
50422
49864
50207
51107
48670
48644
48997
51875
50157
50427
51429
50853
49269
50514
50065
50547
49835
49513
50012
49766
49775
50428
51318
50456
51111
51770
50413
48763
50596
50205
51159
48461
49950
48743
50847
48617
49747
50720
49767
50776
49597
48890
49864
50505
51286
51964
50178
50048
50141
50689
49885
49679
52507
50476
51194
51320
51870
47393
50088
49675
50534
49631
49016
50346
49442
47467
49902
49226
50696
50410
48118
50140
50939
50985
49995
50826
50638
50392
49587
50826
48637
50351
49193
50961
50401
50476
51429
48722
49174
48849
49678
47227
50446
50781
49458
49328
51980
51673
50050
47484
50183
50725
49004
50060
51813
49949
50672
50215
49321
51083
50634
49289
49486
50953
50590
49603
47679
50022
49750
50009
50171
48361
48466
51476
49675
50432
49940
51148
48783
51684
48777
50915
49904
50408
49760
48951
50184
49702
48090
50661
51609
50531
50034
50526
48756
50568
51488
49374
48232
48720
48897
49178
48666
51450
49697
51942
49623
49227
50286
47427
50556
49633
50212
49135
50716
49262
50825
49343
50373
48946
48378
49666
50705
51112
48899
48921
51214
50268
50457
48884
49726
48028
48717
48209
50331
50271
49965
49708
49854
49963
50609
48256
50376
48614
49715
50164
50383
52750
49080
51114
49967
48797
50732
49029
50161
50043
50966
50483
49453
51505
48588
49085
50196
49274
50047
49830
47800
49402
49345
50194
48954
50539
50656
48326
51844
50862
51388
51502
50050
50102
48860
50556
50880
49131
50226
51611
50538
50324
49593
49528
49781
50975
49697
50291
50908
50865
50411
51247
49713
52643
50920
50278
48866
49874
51147
50033
49118
51098
49603
48967
50360
48582
49911
51094
49810
48598
50439
48801
49952
50646
50772
48850
49768
49595
50621
50794
50560
50328
51009
49747
49806
51039
50978
51860
50309
49498
49632
50652
49077
51279
50679
50089
49431
50920
49026
49578
49393
51089
51041
48471
50428
50862
50382
51325
48854
50711
52832
51175
50673
50213
51347
50989
48814
48983
49710
50711
51284
51031
48838
48718
51551
51112
50817
49474
50442
51529
50399
49640
49553
50130
50796
48240
51321
51099
48242
51188
50267
49657
49121
51045
50118
49407
49776
50297
51356
50145
50759
50522
50221
49274
49049
49375
48140
50070
49490
50975
50223
49788
51373
47777
49893
50257
49307
49233
48675
50639
49094
49979
49279
49978
48436
50236
51307
49337
49566
50472
47237
50614
50298
50244
51639
49750
48871
49990
48647
48980
49430
49221
49861
50522
50970
51793
50510
49149
48599
51581
51200
50047
48867
48686
51498
49958
49711
49809
49042
50157
49774
50233
48868
50885
50387
51156
51237
48364
48986
49786
49466
49525
48670
49575
48718
49560
50225
49240
49595
50084
52067
50436
48412
51078
51553
51800
50006
50730
50900
49479
49493
50656
49898
50393
49727
50590
50886
50765
49324
50984
49467
49221
51679
49475
48187
50622
49977
48719
49990
53222
48502
49621
49993
51566
49702
50311
50164
51312
50466
49218
49306
49375
50567
50443
49336
51094
50988
50848
47978
49879
51532
50049
48923
50252
50288
50558
48063
49186
48685
52269
52052
50379
49756
47489
50171
49282
49393
50624
49030
49976
52612
48110
50233
49865
51854
49315
49029
49434
51178
49630
50092
51422
48233
50413
48789
51411
49057
50614
49114
51604
50757
49288
49509
51012
49497
52116
51082
51678
51804
50298
51314
50619
51015
51358
50350
48327
51093
50740
48906
51011
48961
49569
51311
50054
51183
50203
49728
52125
48880
50501
51708
49164
50138
51195
48816
51070
51197
50388
48795
51044
51017
51272
50155
49076
50399
50133
51337
48584
47526
49328
50676
48897
51114
50277
48438
50685
50565
47934
49641
48944
50756
50065
52401
52293
51161
49678
49772
49637
49033
48987
49123
47848
50046
50639
49348
48141
50273
49048
49288
49435
51038
48468
50615
49725
50035
49488
51312
50599
49402
51120
49956
51435
48315
48502
50036
52649
50388
50298
49352
48677
50846
50759
50653
50327
50498
49199
49146
49804
50603
50194
49625
50807
50127
48946
48559
50057
49150
49020
51458
49831
49967
50485
51022
48656
47977
49693
48848
50345
49940
49455
48412
49542
49529
49943
51402
50476
49821
51166
50581
52172
48517
49598
50080
48748
49468
49747
49974
49231
48710
50208
50238
49425
51591
50014
51348
49524
50607
50368
51117
51091
51031
49032
51073
49310
48736
48580
47899
49277
49943
49563
50919
50310
50368
48499
48716
51829
50070
49603
50538
49541
49480
50069
50198
49417
50713
48386
51583
48633
50376
49189
50769
50504
49983
49414
51058
50307
49600
49998
50774
47885
49727
50131
48177
49454
50004
50396
51787
48546
51090
50856
48715
48103
48878
50121
49202
49053
50497
49762
50559
49077
51770
50226
50614
50271
49093
48417
50084
48401
50520
49071
49010
51261
50086
50079
49142
49929
50390
48350
49229
50247
51785
50216
49712
49162
50336
51195
48714
50760
48815
50512
51211
50249
49059
50581
49930
52306
49313
49910
50679
49798
50920
50717
49863
49644
49198
51396
49083
50922
49982
49459
49895
49855
48890
50317
50551
51063
51372
50178
51326
51982
51984
49794
49472
50147
46874
50484
51361
49193
47358
50911
49643
49714
52191
50535
51815
50620
50382
51025
49925
51788
51227
50059
50169
48985
50384
49863
50711
48140
50243
49329
50689
49055
49620
49964
49524
49143
48858
48186
49464
49190
49551
49668
48956
49495
50851
50999
47831
48463
48877
51604
50415
49899
50741
50235
49769
48947
50568
48943
49400
49270
50330
50559
49049
49676
49285
50303
50080
48097
52173
51017
49888
49718
48353
48688
47793
51977
48815
51922
50304
50419
48956
50129
50041
50331
50654
49978
50170
50683
49155
50383
49010
49671
50658
50974
50599
49366
50495
49006
49309
50435
50651
49320
51121
49918
50711
50273
48405
49829
50512
51515
50626
50574
51776
50033
48416
50011
50676
51365
51727
48291
49687
50391
50603
49804
49604
50614
49935
47103
51428
49203
51488
49454
49740
49486
49027
50175
49947
51244
47866
49975
50390
48228
51012
50001
50731
49936
50508
49907
49278
47918
50175
48839
49899
49359
49616
50550
52001
48888
50648
51046
52336
50554
51110
51386
52217
50429
50135
51150
49170
49286
50162
49280
50007
49502
49503
51623
50789
51793
48355
48382
48947
52585
50129
50164
50301
49284
49990
50141
49239
50131
49776
49007
49792
51050
49571
49661
49641
49453
49848
49176
51152
48950
51002
49435
47955
48316
50655
49504
52939
50861
50946
51369
50363
50400
50585
49987
50436
50634
49843
49725
51818
50397
50123
49829
50291
50038
49242
50346
50368
49335
49835
47726
50560
49135
48084
51528
50367
51047
49309
51330
49956
50494
51216
49193
49344
50636
49881
49614
49717
49062
52099
49334
49715
49604
49373
49442
51457
50767
52017
49124
50917
50797
50863
47994
48586
50106
51042
50387
49426
50216
49924
49981
48702
50742
49185
48773
48561
48418
49595
50302
50852
50443
49608
49537
50510
50358
50635
49711
50116
50221
51297
51313
50718
51687
51296
49110
50524
48958
50848
48254
50523
50252
48484
50491
50038
49358
49725
50364
49115
49485
50507
51061
50417
48349
49653
49609
49250
49356
50258
49997
49365
51133
50383
48867
48019
49453
48693
48463
49969
50834
49892
51255
50925
49214
50355
50685
49382
50038
51591
52570
49315
51230
49853
50011
50498
50978
49344
50537
51813
49289
52740
50681
47728
50425
50483
50812
50391
51648
51269
50740
51116
51473
49474
49512
48936
51375
49335
50428
50764
50066
48808
51965
51852
50717
49480
48199
48883
50022
49054
50742
50774
50404
48243
51681
51597
51758
51985
48255
48596
49972
49978
50602
48686
49721
50354
47270
51620
49390
49668
49874
48578
48018
50353
49020
48637
50576
50103
49612
50732
48657
51818
50460
50313
50297
48442
49910
51450
50195
51189
50054
50931
48736
49792
48518
49589
49402
47765
49491
49960
50384
50280
49039
50978
50424
50835
51252
51271
49200
50253
49727
50877
48991
50005
50507
50488
49792
50682
50984
50814
51466
49712
48525
49200
50820
50032
50873
48171
49017
49821
50533
49384
48293
49333
49666
49345
49570
49672
52081
49986
49628
49875
50070
50120
48445
51450
50036
50190
47706
51577
49743
49905
50846
49381
48871
50304
50392
49533
49767
48597
48815
51340
49038
49124
48840
50094
52049
50721
49783
50287
48794
49814
50838
49753
49576
50374
51627
50760
49897
49480
48579
50046
50253
48463
50197
49724
49376
48763
50998
49461
51336
51354
48356
49486
51025
50065
51069
50041
48899
50713
49332
49632
51474
48362
48947
49248
48246
50291
49739
49798
48476
49458
49708
49539
50291
52076
50165
50766
50489
49457
48316
49440
50629
51758
48755
49649
50905
50683
48649
50664
50223
50401
51754
49047
51243
49969
50729
49504
50302
49957
49271
51448
49519
52165
50462
50165
50212
51668
50970
48103
51087
52290
49161
50131
51736
49417
49331
49033
49727
50966
49803
50052
50605
50209
48776
51396
50189
50559
49551
49218
50297
48674
48561
49515
50369
48597
50791
49980
51493
49748
50550
48541
49912
49859
47468
50336
49332
49257
51176
51444
49433
47471
50539
50749
49687
48437
50787
49349
48893
51130
50874
51097
49907
49671
49468
50189
49519
50124
50413
48979
51284
51301
49718
48268
51414
50009
48317
48834
48955
50648
48405
49297
51733
50646
48942
47249
51723
47730
51268
49940
48840
51997
50155
49901
48337
49212
50470
51531
48694
49245
49970
50001
50511
51585
50990
51861
49108
50884
50319
48855
49789
50498
49770
49285
49500
49616
49047
48243
50420
52085
48988
48206
47693
48801
49256
50928
48338
48862
48145
48954
49807
51453
50178
51098
50421
49426
46895
49860
49002
51365
47960
49248
50694
51108
50244
50866
50101
49404
50971
50371
49428
49166
47562
51080
51914
50450
49244
49962
50271
48176
49086
49040
49690
51046
49734
49852
49568
49244
48158
51286
49322
50459
50065
48765
52136
50569
49993
50272
48902
49467
48145
50879
48935
49030
50292
48677
50830
50095
50538
49898
51644
49774
50895
49310
49476
49997
50675
48815
50290
48929
50819
49942
50895
49556
50313
49903
51517
50116
51609
49596
50670
49078
49983
47763
49820
49833
48828
51196
51110
48791
49741
51501
49222
49584
50325
50182
49691
49458
50777
49654
49236
49645
49494
49332
51159
50224
51110
50308
49646
50191
48870
49087
49455
52393
48637
49563
51703
50070
49274
48333
50367
50916
49682
52112
49938
49340
51488
50653
48865
52267
50828
50914
50659
49356
48818
50190
50250
49834
50880
50137
49717
50414
48298
51972
50242
50724
51014
50151
48782
49249
51557
48170
52945
49830
49072
50133
50517
50644
50832
49992
51707
49690
49597
50016
50102
49339
50702
49861
50771
50795
48603
49651
49461
50163
49868
49859
50419
50316
49504
51093
50086
50157
49221
50363
48944
48728
50889
49884
50408
49687
51311
50903
51872
49459
48874
50495
49876
50323
49451
49242
48701
51871
50467
49759
50256
48948
50534
50790
50772
50745
48696
48823
48549
50334
49934
51042
47272
49886
50284
49448
52673
48092
51953
48889
47965
51819
50410
50326
50280
50189
50235
51136
50964
49468
50994
49715
49686
48074
51895
49128
49200
50273
50666
50264
50502
49615
51775
48486
49569
49287
50553
51169
49850
49852
49094
50083
48757
49216
51597
50116
50526
50314
48610
50986
49664
49209
49911
51498
50860
50109
50440
49120
50378
50425
48026
48940
48796
50194
48729
52967
48365
51401
50320
49792
50484
52407
49835
48249
50116
50675
52056
49759
49633
49317
50255
50070
48882
51182
49831
51116
49811
49924
50481
49333
52198
49793
50331
49091
48208
49664
50414
47269
49676
51135
50939
50183
49232
49278
51128
49357
51261
50334
50555
51944
49061
51607
49747
50992
50547
49020
50008
48346
49634
49520
52372
50748
48921
50206
49521
50180
50632
50900
49729
50175
48556
50112
51290
50952
48919
50744
49052
49828
48004
51123
50693
49768
49966
50275
51894
50396
49889
50226
50342
49368
50619
50380
49436
49947
50265
49540
49397
50211
50278
49249
49922
49665
48823
48985
49635
50723
49014
49626
50930
48315
48442
49240
50194
49739
49501
50459
52063
50200
49706
50735
48178
48342
50587
49335
49446
49681
51184
48517
50310
49387
49747
52291
49623
50216
50972
48794
50237
49221
48242
51402
51480
52181
49493
50131
49593
50896
50657
50727
50823
49584
50818
48283
50484
48967
49275
49080
50653
50125
51163
49767
48574
51546
50297
49960
49190
49692
50019
48063
51582
51148
49595
50197
50377
50402
50537
50562
48967
50035
49490
50258
49394
49336
49380
50192
49251
50001
49773
50448
50534
50848
48662
49983
50548
49336
49042
49771
49303
50211
50034
50071
50079
50431
48734
49156
49717
49292
50534
50854
49688
49488
51360
49181
49411
50023
49122
49823
49390
49297
49533
49959
49828
48889
51164
49837
48366
51695
50312
50799
48636
49284
50142
49858
50932
49588
50032
51257
50909
49616
49507
48807
50366
48192
50959
50222
50037
48826
50800
49563
50569
47821
48030
51351
47981
49292
50746
49352
50063
50275
50603
49622
49109
50650
48591
50024
50296
50664
49622
49759
49110
50369
51546
50747
50614
49285
49852
50264
50738
50765
49760
50387
49501
51051
50391
49684
51274
48496
49153
49581
50452
50606
48998
50486
50823
48957
50659
48795
49007
49492
49516
50028
50631
49228
49622
51439
49470
48926
49544
48796
49131
49917
50220
50069
49781
51453
49197
50703
49926
51105
49107
48319
49190
48269
49890
51343
49337
49972
49740
49360
48637
47769
48818
47036
47594
50125
50730
50581
50187
49968
50504
49126
51938
50145
49004
49759
50600
51263
50539
50636
48991
50626
48499
48998
48283
51332
51147
50056
48745
49077
49929
48526
49032
49069
48419
51376
49873
50328
49867
50910
50606
49905
49812
49190
51706
51113
49078
49630
50156
49572
49050
48905
50099
50131
51496
50016
51816
49017
50663
50078
51541
49480
49984
51166
50730
49526
52732
48835
52967
51534
50178
48990
48897
50032
51154
51583
49142
50019
50018
49359
51589
49687
48710
51769
48246
50226
48843
49565
50261
51091
50646
49981
51066
51648
49823
51628
50155
51274
50242
49971
50724
51051
48265
50808
50662
48766
50453
49305
51193
51010
51225
49145
48646
49841
49230
49863
49488
50464
49856
49281
49729
51429
49146
49595
49712
49693
47854
51302
48728
51039
50090
49135
49240
50739
52260
50136
51352
49091
51119
50375
49813
49316
50094
50373
49782
51058
51065
49416
50041
50638
48614
50309
49005
50864
48696
51534
49600
49355
49766
49367
49447
49898
48968
50701
49835
50406
48839
48347
49785
49973
50088
51187
51302
51505
50725
48404
50529
52604
50245
49401
50240
52984
52044
48829
50732
50058
48926
49987
47877
47156
49753
49489
50327
51307
50012
49410
47670
49837
48237
50734
50574
49941
50195
48959
50521
50143
50108
49816
49098
48290
49114
48205
50011
51066
50656
51127
49853
50555
48099
49497
48605
49081
50463
48618
49620
50094
50650
51134
49853
49091
50828
51959
52201
49172
50087
49586
49737
50797
47334
49951
47906
50054
48804
50445
48196
47197
50229
49237
50594
49589
50731
51014
49261
47943
49484
49992
50522
52074
49628
49788
50980
49573
48690
51111
51065
50385
51452
48844
49462
51719
49542
50701
50433
49385
50382
50188
50886
51350
51210
49703
48668
49583
49239
49227
50787
49560
50694
49037
50298
50256
49186
51419
51655
48709
49936
48913
50221
51152
51919
49491
50563
50826
51181
49081
49721
49818
49247
50011
48996
50600
51381
50731
49339
51470
49685
48296
51007
49570
47472
49782
51719
49949
51632
50444
50074
51071
48834
50804
48759
50159
51139
49859
49202
48134
50601
49605
48889
48030
49185
50567
51196
49146
48167
51048
50400
50590
49952
49991
51235
49000
50063
50414
51815
51164
50694
49999
52292
49651
52087
48839
49264
50591
51056
50127
49817
49270
51406
52079
49791
49236
51024
47939
50848
52411
49692
49271
50000
48714
49562
50693
49632
50508
47743
51457
49641
48390
52307
48971
48796
50939
48071
50072
50223
51383
49509
49596
51363
50600
49481
48776
48881
48919
50283
49223
50241
50353
50066
50077
49406
52122
51212
49554
48905
50506
49087
50047
51079
50591
51135
50438
51253
48553
52495
50215
50665
49669
50358
49398
50477
51285
49933
51466
49399
50516
50690
50132
50503
49418
50739
50270
50122
49893
50210
50705
50733
49321
49288
51142
49082
50477
51363
50920
50152
49594
50241
48911
49901
50283
47119
51656
50234
49041
48099
50994
50527
49336
49923
48374
51187
50305
48909
50651
52928
50114
49716
49856
48476
49662
50590
48633
50758
48082
50777
48745
51753
48798
51653
47293
48163
50198
49877
51748
50343
50644
50221
50960
49312
49551
47987
50247
49036
51746
49970
49982
49482
50230
50333
51875
48016
48752
50811
51182
49405
48650
49482
49402
49760
49873
50254
49168
49030
49981
49342
49037
51777
48922
50063
50664
48576
52107
49288
50405
51994
49562
49737
50422
50065
50128
47799
49450
50773
49664
49897
46943
48016
51142
50618
49800
49727
50891
49412
53170
48881
51215
50889
49300
49927
49818
48600
51158
50315
47993
50163
51359
50476
49682
49192
51507
50217
50033
49070
49657
50175
50126
50175
51555
50526
48748
52158
50410
49658
48968
49969
48949
48323
49158
50002
50382
49115
50234
50270
50525
48758
51022
49460
50837
50266
48293
49331
50018
48603
49924
49850
50571
49472
49878
49306
49626
50062
49069
51325
51050
51311
51087
49622
48920
50055
49930
46430
49873
50219
50726
49472
49970
50129
49445
50758
48324
50179
48894
49693
50079
48816
48083
49904
50011
50243
50775
49538
50350
49148
48887
48748
49325
49222
50307
50378
50690
49736
52581
49431
49603
51274
48789
48556
49571
49824
50606
49870
48343
50464
49421
50759
50403
50086
50271
51127
49014
49730
50713
50536
48311
51102
52128
50074
49998
49218
50594
50668
50650
50654
49893
49644
51007
49038
52354
50332
50914
48284
51125
49387
49484
48787
50337
49328
52058
50828
49438
50408
48745
48777
49732
50072
48979
48251
49782
50472
49948
51718
50152
49433
48466
49054
50412
50481
50856
51350
50470
48932
50349
50234
50096
48678
48873
48604
50063
51549
49584
50892
49872
51615
49436
49173
49455
49282
51694
48607
50218
50193
50205
48687
50309
50976
50214
49408
49775
49411
51453
47945
49971
50403
49020
49077
51177
48253
50786
50518
51118
51097
48461
48587
51931
50927
50133
50354
50108
51721
49350
49117
50110
51142
50996
47928
50080
49725
49034
50982
50410
50482
50953
51828
49753
50914
50187
48302
48605
50678
50642
49687
50170
50997
50415
49065
49159
49004
49775
50278
51294
48717
49911
49670
48398
50116
49840
50016
48813
50142
48478
49153
49695
50121
49547
50817
51052
47657
48092
49590
50138
48621
50321
50744
50551
48295
50862
50138
49072
49420
49501
47608
49990
48868
49285
50244
50681
49582
49120
51069
49649
50263
49178
48624
50368
49821
50022
50662
51274
49554
51739
48527
51534
51860
49436
49229
51035
50521
51294
49681
51861
51072
50037
52237
50494
49129
48764
49692
50031
52613
51564
49419
49919
49740
50317
49018
50347
49968
50116
49903
49635
51942
49600
50277
50560
50168
49469
50013
50600
49300
50844
51440
49528
49854
48972
50742
49180
49099
49619
48284
49164
49198
50035
50974
50681
52012
50628
50591
49741
49067
49791
48392
50525
50463
49570
49539
51089
51992
50003
48409
51467
49022
50710
51472
49461
50100
49010
49315
49356
50332
49982
50065
49653
49605
51098
51956
50938
52658
50619
50248
49031
51875
50433
50370
48847
51149
49791
51047
50935
49710
50032
50241
49664
50094
51277
49345
51117
50697
50367
50759
50575
50297
50094
50152
49655
48991
50124
49249
50004
51262
51593
49966
50757
49084
49585
50890
48102
49815
50726
50026
49341
50834
49235
50656
49680
48880
50129
50545
51681
49915
45793
51019
50457
50307
51098
49227
50248
50604
51937
50459
51691
50595
49861
50148
47745
49885
51078
49723
49199
51167
50149
48951
50102
48843
49272
49407
52227
50805
50012
48994
50300
50395
49309
49629
50487
50484
50021
50133
51009
50495
49849
50326
48935
48161
49484
50730
49399
49130
51126
49669
50776
50070
50165
49703
51086
48881
49812
51786
51682
50533
49488
48726
50198
48567
49273
48520
50049
50553
48898
50352
49932
48703
50582
50400
50392
50619
50096
51158
48491
48530
50526
50429
50426
50768
49688
50302
50725
51273
52291
49953
50323
47972
48891
50538
49536
50419
50113
51318
49882
49678
48330
49843
51016
48553
50129
48786
49674
51343
50559
49779
50770
50263
51163
50354
50403
50948
48754
50502
49820
49391
49229
50761
50047
49983
49681
49500
49731
49706
50548
52606
49612
50511
49653
49148
49389
49659
48959
51244
51835
50346
48397
50408
50020
50290
49585
51609
49522
49482
50339
49213
50886
47928
50114
49845
50001
50390
51109
51019
48840
49688
49762
49664
51382
51689
50669
50909
51168
49883
49790
50522
51707
48560
48776
51193
51226
49498
50169
50613
48876
50126
50449
51386
50319
51675
49674
49419
51019
49394
50651
49855
48700
50801
51615
51051
50541
51560
50610
49962
50675
51043
52261
50259
49792
51246
49513
50069
48699
51722
49239
50258
49240
50873
50110
48686
49914
49758
50470
50323
51776
52955
48544
49719
49348
49730
49212
49560
49610
50782
50318
49005
49236
49907
49836
49155
50169
49446
52958
49901
49765
51320
50156
49459
49498
50177
49940
48799
50600
51500
49941
50432
47930
51242
50742
51921
50258
49791
50629
51168
49518
50773
51797
48914
51281
50480
49965
49458
48996
50548
50901
52695
50948
49713
50864
49600
50735
48655
49163
50863
50477
48011
51282
50539
49087
48682
48795
51063
50321
49897
49011
50671
51663
48778
48263
51611
51533
50953
49315
50089
47025
51412
51306
49935
50665
51171
48342
49599
49777
48291
50352
49814
50563
49201
49950
51393
51011
48858
49844
49038
50451
50122
49950
51245
50421
49634
49612
49581
51308
50047
50814
47805
51383
48866
49144
51084
48839
50266
50752
51226
47923
50993
49949
50683
49771
49811
49778
48664
49362
49455
49079
48334
51564
50513
49278
49454
49583
48957
50742
52248
48752
49214
50439
51763
48347
50239
49817
47749
50877
50157
49447
50110
50595
50038
51179
48779
49174
50980
49452
50152
49896
49962
49473
48524
50683
51559
50527
50852
49722
49085
50111
51083
49163
49292
49863
49574
51298
50315
51007
51333
49035
49418
49342
49903
48253
49467
49363
51636
49809
48864
50607
49160
48455
50940
49968
49184
48812
49237
50166
51082
48187
49688
49931
49800
49284
53157
49973
50132
50378
50352
49118
51146
50627
50022
49592
50229
48966
49810
48957
50656
49242
49387
50521
50536
51551
50587
51940
49702
50662
51999
49699
51140
48996
49789
49559
49476
50621
49802
48341
52008
49658
50121
50551
51094
50444
51179
49440
50468
51315
48417
49533
50176
50621
49641
51448
50038
49127
52372
49399
50085
47603
49806
47848
50841
49186
48289
49931
50068
50165
50405
50701
50732
49283
48285
50020
48116
50846
48437
49674
50367
48806
50332
50618
50524
50356
50073
47819
49380
49457
51355
48559
50562
50965
50639
51011
49333
51106
50765
50050
52300
50842
49119
51593
49805
49384
51477
49030
50101
49703
51361
52130
48682
50231
48309
49701
49419
50063
50118
50295
51107
48652
49161
49368
49918
48973
51097
49895
49002
49432
49881
50050
50855
49443
49135
49858
50351
50583
48292
48902
48458
48539
49619
50731
51996
51361
49296
49111
49980
50928
50155
50849
48248
49468
51410
49062
49318
51769
48919
48994
50399
52435
50505
49144
50479
49891
51456
52158
50962
49679
51509
50524
49072
50993
50786
50203
49992
51834
50466
49215
49968
48929
49234
51361
50831
48745
49562
50215
49612
49535
52002
51665
49733
48654
49552
49598
51136
49874
51577
47857
51442
49731
49916
49803
50358
50830
50469
49559
51182
50009
49690
50625
49106
49392
49456
50828
49777
50396
50168
49733
51206
49334
50408
49492
49354
50132
50390
51331
49499
49051
48214
50732
48679
49561
49775
50932
50014
49612
49606
49928
49982
49048
49917
49169
51039
49500
50420
50667
48816
50462
50191
49209
50665
48633
51104
50075
49866
51215
50088
49167
51518
50059
51038
50495
51263
50439
51025
50608
49570
51082
51810
51470
48468
49739
50079
48469
51153
52300
50271
49416
52158
49134
51931
48609
49264
49837
50872
50072
49136
49979
50508
51469
51322
50134
50583
50283
51118
49972
48980
49834
50088
50253
51123
50318
48721
48085
49554
47825
51712
50417
51152
50193
50497
49435
50542
47599
51995
50319
48475
50028
48549
51588
49403
51658
49373
50971
51591
49296
48946
48673
49491
49322
50823
50425
47632
50724
47432
49932
50152
51663
51069
49563
49447
49244
51096
50473
49205
51253
49945
50119
49517
51103
50377
50036
50262
50538
48559
50478
51445
49385
50203
49591
50158
50859
49482
49228
49504
49985
50116
51622
49459
48324
50488
51320
51511
50336
49629
49852
51877
47715
49426
49788
50074
50126
50869
48695
50207
49757
50778
48830
51030
49330
49783
50274
49726
51225
50187
52111
48652
50696
50251
49676
49148
50635
49554
50241
50695
49105
50238
50644
51368
49994
48217
49983
49651
51647
49975
50010
50057
49521
52570
50597
49762
51025
51087
49545
50199
50042
49072
50783
49246
50524
51683
47491
50473
50571
50476
49841
47346
49328
49481
51148
50920
52415
49782
52241
49808
51398
49736
49159
52760
50024
51253
49398
50870
50080
50889
48424
51085
50526
49241
49145
49535
48638
48463
50345
47511
51801
49893
50249
50910
48982
48282
49836
51149
49021
50162
49740
51147
49503
50471
50880
50927
51820
50261
48463
48908
49899
50520
51299
48864
49103
49144
48465
49999
50810
49244
51591
49642
50743
49155
50437
49478
50137
50388
50482
49711
48941
49539
48769
49298
48743
49843
49787
49812
50065
49046
49839
49878
48611
50905
49933
48189
50620
48781
50827
49990
51411
49847
51566
50600
49655
48201
50102
49439
50232
48539
50869
49482
49215
48936
50262
50575
50039
47329
50802
50837
50282
49582
49943
50596
50850
48995
49370
48654
49359
51427
49371
49394
49151
50277
48528
49934
52589
49277
49383
48209
50703
51025
51495
49375
49922
48394
50582
48903
50664
49786
49717
49353
48413
51108
49983
49251
49876
51769
51203
48638
49793
48805
49466
48632
48789
49021
49929
49318
52073
50283
50649
49790
49905
49630
51159
50824
48003
49858
50259
47760
49920
50075
51616
50140
50035
51825
49465
51932
48970
50043
46982
51843
49349
49522
50699
49843
51642
50646
48999
50431
48716
49510
48785
50686
50739
49928
49725
51656
51368
50133
49853
50632
48323
49263
51061
49563
49135
49326
48724
50066
50369
50369
49080
48986
49341
48795
50429
50201
50518
49806
48532
49944
48448
48067
49387
49686
49542
50293
50791
51045
50513
50618
47772
50211
49981
49878
49535
51537
51601
50472
49417
50130
49098
49835
48961
48093
48691
48933
49037
51006
49375
50786
50673
49047
49497
48159
51509
50409
50021
51011
49565
49427
49346
50591
50512
50476
50445
48906
49023
51164
49080
49958
50314
51593
49800
49522
49420
50218
52300
49484
50069
51154
49650
48732
50314
48486
50548
48521
51218
51090
49994
50849
49435
50317
51342
50678
51041
50378
49555
49208
50130
49218
50268
52706
50622
49145
50341
49365
51256
49550
49713
48495
50088
51888
49413
50602
50786
48475
49098
50641
51113
48410
50874
50924
50580
51541
49806
50621
50328
50177
49271
51696
49512
52318
50998
49734
48855
49078
49971
47716
50957
49674
49558
50626
51467
51639
49869
50438
50139
49580
51101
50282
49479
51137
50102
49574
49380
50556
48714
48633
47858
51492
48136
50179
50690
50181
51951
50514
51498
49349
48950
51455
49733
49400
49859
50129
50671
51635
48424
51140
50543
49242
49520
51965
50415
50162
49723
50282
50540
49364
49832
48302
50181
50467
51268
49786
50985
51116
49772
49181
49936
50713
48904
50704
50361
51248
51085
49439
50184
48978
48498
50479
49467
50671
51045
51067
49034
50044
51154
49270
50947
50581
50982
50282
50496
49592
51897
49129
51357
51308
48780
51044
47850
49785
49955
49161
49198
50739
49951
50130
49514
49779
48904
47347
49749
49578
50745
50229
49439
51996
49512
50197
48765
50331
49173
50221
50511
51025
49695
51058
48954
48934
48597
50442
49044
51449
49823
48741
50373
50210
50357
49012
48977
48276
50188
50371
50060
50621
48753
50026
50079
51624
49672
50318
51679
49944
51332
49100
50342
50820
50036
48240
49859
51733
50269
49897
49630
50674
49332
50332
53147
50824
50454
50095
50053
49047
48280
49219
50773
49879
50346
49120
50122
50078
50788
50931
50790
49772
50717
49084
50643
50386
49161
48369
51084
52217
49176
48397
50661
49772
49523
49078
50770
50554
49910
50508
49276
48908
49917
51689
50473
50318
52495
48914
49661
48861
50851
51598
49149
49252
50721
51562
48430
50743
49280
49486
49743
49463
52025
49583
51014
50391
51273
49144
49390
51863
49102
48481
50492
49557
50736
49826
51210
49648
46993
49452
50949
51475
48974
49244
51556
50439
50030
49300
50675
50135
48126
50138
49283
51195
49765
48571
48536
51638
48288
49553
50330
51075
49394
49091
49546
50717
52146
49806
48781
48839
49712
50532
51116
48994
49816
49483
48356
49377
50274
49219
49297
48955
50103
50170
52350
49661
49546
49907
49669
50345
49966
49729
49857
52317
50512
51022
49461
48488
49633
49674
47923
51635
48791
49470
50418
50496
49684
48590
49258
51247
50944
49179
50222
49888
50017
49057
49709
49763
50337
51049
49752
50664
49381
48672
52473
50168
50311
49769
48710
50783
50011
51038
50684
50859
49853
50579
50593
51665
50538
50318
49050
49543
51650
49424
49272
51841
48988
50661
50376
50304
49655
49049
50043
49380
50731
51175
49931
52040
50009
48881
50207
50587
51456
49475
50843
49023
49371
49647
50737
50154
49610
51488
49662
49157
50287
49741
49975
50379
51210
49738
49552
51177
49079
50423
48317
49638
47814
50020
49481
49958
50258
51208
49855
47808
49540
51813
50298
49343
50017
50665
50095
49927
49143
52093
48074
51342
50294
49792
49540
50345
49532
50437
49385
49410
49136
50768
49448
50217
49714
50688
48566
51677
50012
50648
50265
48261
50116
49397
50183
49442
49489
49261
49966
49300
49903
49081
49934
51257
50446
48433
49895
49428
50311
