48471
49444
50663
50410
50004
51874
52237
49429
50080
49959
48518
50665
49824
51242
50866
48586
48965
49990
49795
51025
49829
48879
50990
48457
48548
50085
52343
50372
49114
50221
49722
50825
51000
49584
49069
49968
50192
51129
50320
48851
51021
51656
48498
49543
48427
50662
49742
52930
49246
51319
50023
49257
49997
50868
48829
50422
49939
50584
48860
49050
49325
51078
48490
51698
49491
48369
49186
49759
50000
51225
49920
50327
49503
50290
49689
51189
50872
50681
52230
50528
50158
49282
50126
49917
48244
47592
50254
50443
50963
48991
49626
49549
48227
48252
50739
50450
51536
50125
50367
49844
49390
50263
51982
50181
51336
49169
50201
50258
49960
49513
51100
49033
47677
49072
48191
50323
49107
49631
51616
49378
49400
50744
52328
50488
51176
49808
49023
48547
49971
49518
50148
49377
50152
47851
48522
49717
49589
50440
51578
51092
50572
50374
48433
49284
49489
49563
49913
50309
48712
50633
49217
50091
50868
50678
49688
49962
48913
49318
50308
48638
49290
49137
51500
50655
50857
49941
49874
48581
50555
48557
50495
49197
51791
50435
50510
48850
50680
50333
49333
49734
47887
51195
49272
50533
49553
50038
50328
50037
49078
51422
50141
49085
49335
50126
51577
50189
50239
50654
50383
51641
48847
50669
51262
49604
50532
50127
48990
49294
51650
48927
49851
50250
48725
47454
50106
49033
49645
50910
50614
48481
49044
48903
49627
49250
50674
47830
50391
49309
50657
49739
49819
49391
50333
49432
48689
50691
51874
49903
49848
49163
48187
50508
50397
50114
50508
50864
50336
49482
49383
50624
49274
50886
51047
50892
50013
50231
51650
49872
51011
47236
49636
51956
49435
49698
52118
50627
50336
50798
49660
48677
51804
48492
50223
49173
50313
49067
48851
51057
49601
49682
50646
49778
50359
50244
51487
50452
51267
49594
50659
49341
49417
50144
50780
50744
51203
50626
48582
48325
49292
50343
47912
51177
50378
49596
49873
49524
48173
49997
48009
50504
50651
48788
50762
50083
51831
50043
49469
49839
51919
49704
50034
50969
51231
51446
48798
48757
49584
50907
50130
49293
50184
49449
48636
51489
49828
48777
50348
49077
50250
51587
49803
49056
49198
49172
50061
52018
49101
47074
50745
50195
51576
50212
51569
49896
51025
48272
51343
50134
49148
49795
50461
49325
50415
49704
49078
49501
49390
49176
49688
52216
50651
50470
50471
49390
50539
49542
49343
50558
51509
48652
51647
50165
50814
49378
48358
49029
51611
50443
49553
50266
49968
48681
51071
51489
48575
48431
51947
50529
50641
50102
49343
50296
48855
50114
51124
49823
50205
49823
50928
50186
46651
52126
48046
50835
48075
49519
49744
49121
49629
50342
48177
48990
48666
49800
49900
51219
50523
49897
50676
50036
50641
49789
52058
50077
50731
49742
48879
50494
50854
49211
49237
50019
50649
51064
49709
49169
50443
49968
49560
48422
51055
50857
48419
51880
51013
49027
49190
50228
49774
49914
48507
51121
51187
47846
50406
49683
49927
50201
48592
51629
50525
50376
48203
48660
48901
51759
50400
50415
50068
48426
50613
49660
50797
51344
48971
50725
50599
50997
49361
48487
50271
51884
48701
49317
51006
50522
49985
50020
49086
49530
50105
51126
50748
51607
49941
50505
51523
49239
50081
49746
50567
48867
50045
48336
50022
49528
49838
50964
51925
51861
49556
51469
48876
50601
50455
49781
50994
49228
51523
49479
47653
49914
50086
51708
50516
50558
49255
52032
48869
49104
48945
49023
49957
49813
49740
50934
50621
48561
50591
50843
48150
50466
50789
48215
51355
49409
49047
49705
49576
51734
50796
50548
51504
51290
48653
50529
49385
49324
50086
49487
48618
48863
49666
49462
50711
51214
49365
49708
48580
48309
49911
49496
52094
48689
48736
48716
49457
50968
49174
51256
49543
49310
52674
49985
48758
49586
51240
48275
49834
51315
50146
48758
48781
49213
49451
50401
49967
52158
50749
48900
50526
51844
50503
50471
50016
50215
49507
50498
49098
48941
50271
50760
50923
49343
50256
50795
49893
52855
50554
49978
49804
51048
50681
49305
49980
51102
48748
50774
50031
50369
52264
52192
49980
49312
49348
50381
49434
49848
52024
50808
50761
51387
51622
50492
50805
49151
50981
49138
52062
50329
50203
47753
50852
50671
51414
49630
50356
49488
49699
50269
48720
50499
51782
49952
49906
50325
51460
48777
50814
51891
47499
49742
50799
48905
50297
51207
51172
49005
48864
49354
50232
51305
50654
49870
49615
49705
49938
49409
47812
51335
49695
48536
49024
50391
50309
50791
49352
48857
50530
51227
51030
51316
48950
50843
49099
50355
48653
49898
48860
51524
49549
50174
49182
49543
49764
48943
50809
49524
51085
50766
48846
51464
49700
50112
50893
49078
49088
48096
51756
50068
51039
48117
51210
48938
51018
52451
50813
50522
48851
50951
52070
49385
49875
51032
50969
50708
48899
50865
52343
49870
49305
49175
51770
50231
49481
50665
49672
50439
50613
49891
49855
51948
48534
50647
51138
51800
49480
50126
51043
51058
50195
48270
49868
48600
50578
50690
49467
51626
49119
50229
50953
52020
49683
50635
49697
51722
49658
50128
48841
51352
51519
50405
49129
49227
50677
50965
49755
50152
51568
49407
51126
51840
49524
50252
49105
50173
51299
50893
48983
48773
50852
49781
50004
49967
50299
50978
49646
50098
51758
49415
50053
49042
47985
48195
51264
50317
51109
50699
51871
49305
49200
49090
50801
50495
50387
50191
49430
49819
50296
49685
50509
50092
50743
48735
48716
50019
48598
49880
50248
47882
49173
48957
50377
49477
50891
48711
49037
48827
49750
49612
48387
50260
48615
50526
50339
49930
51636
49763
50073
50662
50554
48103
49222
50211
50421
50280
50186
50880
50327
49259
48519
49888
46931
48354
49591
51278
50413
49725
49555
51004
48608
49563
50017
50934
49772
48760
49789
51750
50829
50547
51114
51029
50969
51295
50442
49105
50935
51681
50001
50466
49690
49290
52311
48098
48972
48652
50339
51245
47742
49696
49577
49415
49617
48437
49539
50727
48404
49947
49137
51584
49712
49140
50570
50486
50507
49482
50582
49719
48748
50402
49128
50906
49427
49924
49423
50076
50343
48812
48807
49345
50509
49010
49442
49429
50432
50842
49362
49134
49734
49523
48151
51454
50522
51026
50700
50876
51733
49042
48632
50097
49224
51953
50615
48895
49273
48906
51139
53207
51400
50790
49465
49505
49819
47883
49110
50070
50965
51300
51306
50513
48797
50131
48757
49265
50853
49761
48782
49570
50198
50828
48725
49339
50896
49446
48590
48976
48599
49984
48685
51603
49733
50302
49960
51696
48676
51218
49238
48747
48366
48645
50210
50051
49991
48244
49833
49823
48814
50035
49746
51007
49115
50846
49303
50165
49093
50569
50130
50324
49143
51828
49315
50085
50206
49761
49572
48539
49097
48953
51226
51208
48030
49236
48659
48471
48545
49936
49452
51566
50383
49730
50146
53298
48869
51387
49899
50581
47945
49313
50590
49887
49612
50191
50100
48406
51249
49695
49715
51755
48207
49268
49999
48930
50782
49416
50955
49510
50934
47505
51315
48866
50949
47821
51423
49919
50047
51455
50965
50758
50237
51482
49720
49743
50479
47835
48677
50089
52211
50005
51188
50671
50359
51010
49715
50158
50276
50921
50443
49500
49231
50815
50801
52068
48260
52296
50565
48944
50539
50348
49321
48709
50267
51097
51783
50658
50814
50690
49855
48749
50187
49365
51132
50501
49955
51501
48195
49805
49135
48354
47959
49138
50946
50358
52130
50744
49542
51084
48751
49951
49757
49566
50865
51501
49616
49062
49904
49917
48670
49904
49001
49683
50020
51509
50522
49014
50835
48624
49828
49508
50274
50284
50986
51378
49483
48721
49501
48407
50464
50212
50374
51602
50927
50825
49561
49853
50923
49438
50100
47778
49912
50362
50871
51857
50214
47990
51480
47655
50143
47615
49825
50059
50180
49313
49891
50410
50734
48793
51039
51009
51222
49404
47250
50267
49339
50197
50987
50351
50602
50458
49071
51014
49689
49542
52119
51376
47491
52262
49867
51909
50539
49537
51410
50436
50609
48596
50143
50453
50065
49156
51144
49098
51346
50564
49273
49956
51190
50531
49926
47832
50937
50679
51434
49428
48585
50438
49662
48882
48729
49842
50197
50106
49733
51369
50478
49797
49723
48872
46925
49792
50646
49040
49247
50679
48572
49618
49053
49404
47637
50666
49442
49273
49860
50548
49090
49910
50524
49215
48467
50184
49070
51543
50745
51560
50029
49967
50136
51246
50037
50092
50072
50466
48663
50265
50085
50073
49302
50269
51270
50252
50453
50019
51074
50505
51513
50482
51797
51639
50612
50083
48824
49183
50829
48969
48954
49019
51130
49688
51326
50621
53072
49064
48352
52192
51574
49878
49598
49784
51105
48367
50088
52460
49722
49046
49858
49444
50139
50539
50985
52040
49488
51475
49353
50460
51161
51710
49544
49548
49839
50296
48834
50725
51569
50191
51038
50541
49422
50544
50904
49890
50890
51331
49396
50684
50575
49101
50158
52206
49016
50926
49804
48334
50250
50029
50687
49330
51038
51962
49374
48844
48412
50238
50081
50438
49336
50009
51657
49856
50151
48988
50445
46880
49124
51771
50426
50569
50219
49076
51254
51132
49033
50780
50561
46721
49486
49276
49360
50763
48971
51321
51556
49490
49689
49352
49440
50922
51862
48778
48619
51061
50208
48751
48475
49441
50651
50817
48757
50992
50416
48462
49091
53054
50389
49408
49402
50962
49933
50839
50463
49135
50054
50836
48553
51503
51434
49336
50488
51515
48350
49259
51481
49287
50816
49013
50426
49517
49943
49363
50915
48864
51767
49123
49539
49346
51788
52357
50170
50269
50107
51927
51893
50824
48658
49621
49235
51226
49372
48338
50413
49426
47996
49496
50327
50113
50391
51719
51568
49048
49260
48256
50191
49470
49549
50091
48146
49922
50113
50680
52491
49003
50209
49709
48574
50995
50126
50442
50324
50467
50176
49620
49379
49598
49349
51985
48599
49250
50319
50128
50174
49777
49937
49652
47414
50615
50542
49250
50651
51555
51357
51585
49740
51316
49630
51014
51256
51513
48593
50541
50291
50774
49806
50198
49427
50800
49655
50310
52242
49945
51186
49697
49474
51568
49880
49877
49597
50992
51579
50927
50665
50271
48228
49000
49546
50379
50466
50411
52100
47665
47800
50808
50787
50562
50451
50176
49139
49321
49709
50167
50444
49369
49912
49857
50046
50899
50091
50788
49615
49841
50350
49440
49249
51318
50908
51667
48974
49299
50690
49952
49867
49529
49991
49450
50179
49837
49734
49198
49221
48670
49140
50222
48814
50924
50185
48868
50336
50167
49295
49546
48962
50976
47779
50796
49296
49331
48859
50570
50467
50304
48296
48472
48491
51519
49613
49217
49205
50431
49322
48685
48086
48756
49511
49474
49216
51402
50260
50970
50123
50090
47822
50955
51642
50501
50445
51162
50467
52142
49746
51198
51197
48742
49037
47790
50103
50967
48877
50290
49849
49174
50706
49574
48779
50223
51488
49559
50401
49559
49714
51432
50488
49409
49039
48912
49957
50144
48029
50812
49096
51578
49451
49882
52302
49197
51103
49119
52400
50275
49481
48542
47932
50338
49757
51627
49760
51836
49671
49766
51552
48697
50024
50221
50037
49983
49703
50878
50327
49029
49579
50387
49041
47807
49244
49266
51514
49609
49804
47481
50204
47244
49554
50946
49043
48595
49116
50003
48802
50937
48918
50514
49977
48622
50159
49839
49003
49235
48071
49564
48979
50256
48279
49632
51070
47908
50408
49890
50213
49246
50366
49397
50921
49318
49222
50099
52361
49456
49846
51048
50596
50081
50885
51045
50693
48769
49849
48144
49407
50739
51219
50491
49697
49324
51049
49748
49241
51971
50089
50632
51594
52617
50384
49768
50465
50900
50523
51840
51639
49260
49446
49064
49650
51128
50156
49881
49142
50293
51631
50326
49644
50002
50700
51096
50461
49535
50519
50962
49412
51374
50211
49137
50838
50239
49703
49038
50608
50292
50922
50041
50485
50171
49755
49518
48534
50444
50609
49989
49063
49777
50388
50754
48505
49805
49981
50941
50461
49606
51325
49916
49281
50147
50553
49701
50388
49269
51596
50907
49363
49330
50515
47750
51120
51197
51061
49341
49135
49002
50177
49850
51062
49831
49802
51732
47154
49497
48843
50352
48371
50839
49687
50784
49859
50139
51119
50810
48974
50708
50203
50431
49338
48820
50060
50398
50125
50010
48674
49093
49921
48859
50635
50196
49627
50860
50169
49973
50899
50561
50290
49962
50717
48966
49913
50186
50004
50928
48902
49255
50126
49897
49390
50969
50368
50529
50604
49645
48992
48420
49938
50678
51200
50498
49153
49774
49919
49202
50848
50472
50472
49575
51210
50116
51657
50484
49214
49869
51698
51706
49942
52031
50971
50556
49357
49917
49673
51278
49934
51022
48414
50132
48754
49411
52344
48995
48977
50442
49365
51594
49772
50910
51164
50225
49846
49229
48879
53451
49060
50694
50744
48826
52348
50233
49525
49449
51048
51292
51215
49334
48406
49497
48877
50697
50392
50538
51068
51998
50289
50949
50555
50234
49504
50361
50157
49501
50783
50429
49992
50033
49246
49495
51480
50005
49176
49571
50460
49003
49569
49588
49923
52105
49906
50144
48428
50195
50123
51118
50292
49858
49860
49274
51188
51623
50325
49407
49548
51125
49340
48981
48731
50051
50592
51445
50002
50581
51661
49887
48954
50863
51094
48248
50450
51180
51658
48818
48992
48516
50027
48000
48543
49358
50012
51285
49037
48857
50689
48753
51636
48471
50385
49933
51307
49467
50337
50302
50356
48752
51875
48797
49766
51583
48726
50255
50627
50966
50992
48988
49226
48724
51182
51947
49842
49874
49734
49418
51388
48428
49773
50794
50137
50528
49824
49926
48152
49275
49062
51736
49120
49919
50584
50554
49278
51524
49384
51423
49386
50308
50827
47975
50639
47638
51386
49868
48784
49515
51239
50978
49420
51876
51073
50098
51950
48945
50261
51020
49941
49063
51993
49170
48994
51098
49714
51325
49078
50059
50398
49953
49656
49791
49536
51695
48884
50508
49336
50195
49207
50718
50283
51172
49843
50550
48680
49093
51287
51456
49804
48783
50363
50699
50302
49329
49092
51346
49951
49688
51025
50595
49690
49328
49780
48943
50488
49152
49495
50690
51318
48353
49174
48878
49748
51256
48316
50022
48717
49327
48615
50586
51902
50906
47959
52532
48237
49600
52354
50270
50610
49785
49984
49583
47887
49311
50602
49429
50043
48469
50973
49846
50047
50689
51523
51478
48840
49032
50657
51838
47711
50831
49089
51054
50421
49861
49031
51037
48477
48925
49662
50445
50242
50988
52346
48919
50240
50052
51103
49141
51517
48862
50185
50723
50332
50440
50572
48795
49349
49129
50714
49617
50378
50418
49133
50051
48449
49437
51557
49424
49923
48885
50893
50886
48494
49737
49730
50335
49634
49566
48783
49683
50614
49947
49882
51352
45956
50602
52476
49355
51039
50875
49124
50444
51640
48315
50207
51047
48674
50334
50626
50542
50813
52491
49864
49482
51098
49681
50593
49125
49844
51361
50606
51587
50920
50735
51078
48835
49400
49268
50359
50209
46641
51261
51090
51291
49521
49977
50352
50173
49821
50242
49269
50395
48899
51137
49705
49389
50531
50962
51675
50720
50304
50003
48715
49960
50431
48989
49742
48583
48655
50172
49299
49936
50071
48296
49262
50195
50295
50282
50358
49856
50157
51439
50965
50626
49796
49626
49832
48619
49282
50606
49572
50508
48758
49342
50386
50229
50029
49446
49206
50166
51032
50716
50418
49616
48213
49966
49713
50529
50171
49142
50171
50845
48670
50504
51386
49437
52301
49812
49532
51020
52089
52216
50456
49171
49792
50836
50766
50448
50776
50717
50802
51658
49963
49943
49628
48596
48007
50215
50659
49545
49569
49818
50773
50720
48867
50722
51239
48516
51353
49509
50772
49675
50636
47230
50238
49703
49365
53158
50146
49008
49919
51586
50494
50270
50298
50647
49385
49639
49137
50460
51498
48774
51123
50365
50773
49694
48276
48979
50734
49954
50625
49099
51353
48765
50972
48431
49981
50184
49411
48067
50124
50068
51249
51289
48723
49767
50401
50322
51062
52415
50499
50857
50422
48878
49624
50621
50220
50742
51138
51014
48368
49733
48877
48896
49252
48918
50146
52030
50839
49403
51463
50490
50917
49501
49497
49786
50710
49888
52038
49183
49087
49986
50767
52516
50789
50821
51319
50634
51701
50959
51943
50548
49868
50848
51867
50542
50572
50693
47961
49328
50909
49859
50112
50246
51544
49128
51446
47567
50488
49614
48645
49220
48968
49837
51918
49768
49457
50226
51431
49280
48855
49053
48765
50849
49943
50219
50996
48124
49277
49759
51035
49703
50251
49076
50788
49983
49981
49421
48965
51131
48902
48145
51132
51062
49808
49967
49774
50211
49553
50886
50551
49568
49024
49417
49720
51753
50284
50203
50040
51595
50373
51711
50879
49871
50135
50210
49659
48659
48519
49632
50450
49238
50778
49646
50666
49432
51693
49824
50020
49281
49891
50651
50719
48530
49762
50244
50229
48831
51951
52490
50747
51260
49826
49232
50125
50599
51001
49059
49799
49143
48641
50793
49937
50105
49372
49152
48044
50967
50338
47972
50858
51123
50516
48993
49518
50069
49446
49861
50000
50301
50924
49088
51564
47882
51163
52387
50026
49661
49739
49704
49725
49274
47857
48265
49926
49934
48703
50879
50927
49524
49916
48025
49948
51459
49679
50134
51222
50301
51521
51535
48251
50576
49987
47317
50357
51372
47740
50481
50634
49951
50971
51698
50978
50006
49461
49890
48317
48681
51225
50393
50581
49024
49576
49298
48991
49278
49095
50306
51272
51323
49634
49965
49144
49080
48197
50382
50152
48614
50226
51719
50024
48710
51040
50617
48413
49854
49684
50684
49650
50035
50247
50022
49910
49875
49774
49317
49163
51336
49743
50646
50617
50400
48795
49193
48443
51657
48934
48677
50625
50864
49446
50950
50338
48766
49768
51282
49813
50444
49849
51374
50878
50650
50513
51722
49520
47510
50698
50654
50719
51583
50603
49967
49673
49488
49338
48597
48895
50251
48741
49950
49516
49763
50256
50302
49394
49741
49386
51470
50379
50965
48757
50978
52524
50754
50291
50007
51598
50903
51399
50758
50658
49100
47901
50521
49715
49893
50164
51068
50513
50655
49656
50701
51717
48216
50053
51315
49166
51267
49557
51415
50802
48965
49416
49526
52238
51438
48462
50437
50428
50580
50115
50650
48427
50756
49877
50559
48860
49910
49782
49992
50921
49710
49323
51065
49635
50283
51340
49835
50849
49527
50637
50168
50198
47769
51494
50799
50796
50552
49526
49747
51402
51130
49836
49247
49898
49524
49974
51117
49260
48325
51168
49973
48970
48145
49541
49885
50074
49002
49259
49352
49592
50751
48901
50060
50813
51752
50560
49581
49878
53115
49997
48740
51612
50944
49390
48845
50358
49465
49815
47900
49872
51269
50084
49392
49963
48983
51248
51407
50500
48856
49783
49970
50495
52065
50506
50733
49972
50010
50716
49681
49366
48490
51442
50801
49078
49663
49138
48717
50849
49299
50478
48686
49448
49692
49866
50505
49863
50555
49650
50961
51413
49028
50085
49092
48975
49776
49797
51602
49036
51018
49428
50199
51614
49040
49834
49399
50447
49939
50105
49369
50485
49172
50733
49439
50304
50582
49394
49066
51548
48745
49492
49632
48749
52049
49593
49429
49507
49079
49813
50165
49460
48445
49693
51046
50442
50171
50893
50470
54000
50079
50825
49463
49115
49649
49082
50132
50936
51641
49578
50824
49769
50184
50104
49813
49758
50224
49877
50448
49506
50097
51199
49496
49237
50642
50516
49947
49945
50559
49407
49051
50228
49942
51561
48321
51556
49168
49433
49815
50032
48954
50208
49501
50458
50297
51068
51593
49538
49920
51765
48935
50039
50771
49595
51153
50200
50699
50271
51187
48525
49825
48360
51678
49008
48226
51038
49309
48715
49126
48534
47348
49376
51108
49805
49895
50648
50004
49953
47533
50636
50647
48228
49314
51012
49942
49795
48730
48113
49605
50390
49624
49106
50750
48754
49502
48294
50387
50119
50132
48454
48820
49515
50334
51559
49885
50415
49578
51728
49309
47846
50157
50458
50271
49289
49530
50615
49429
48642
49882
49690
50404
49189
51205
49497
49307
51040
49883
50809
48167
49826
50410
50645
49394
49295
51453
50262
48559
50782
50322
51280
48941
52085
48921
50270
50380
49929
51357
49277
49587
50532
48909
48506
49577
50459
50035
50400
49064
51416
50036
51175
50330
49150
49171
50013
49658
49575
50653
49981
50868
48970
49321
48789
50032
51313
50495
48242
48662
50698
52227
49262
48018
49656
49110
48796
49679
49603
49766
49251
51379
50107
52124
50120
49709
50593
51818
50716
49130
50194
50597
50734
49761
50607
50593
51266
49475
49378
49082
49083
51517
48412
50493
50918
50972
52310
50040
50605
50228
49495
50456
48847
49860
52574
50422
51357
49871
49089
50789
50663
50525
51342
49126
49909
48940
49119
49914
50234
48947
49329
50193
49226
49477
50723
49709
51005
48287
50300
47627
48888
50785
51162
48864
50376
51519
49365
49115
49829
48559
51792
49643
48387
49464
47652
48454
50649
48630
48977
51407
49698
51329
51803
51212
50764
48055
50275
49209
50810
49871
50051
49626
49895
49730
49381
51875
50812
49724
48929
50615
49109
49678
51117
50460
50859
50357
49896
48156
48901
51482
50259
49838
48417
49766
51943
49424
50442
52076
50829
50065
51286
51188
48820
50055
50924
48504
47743
52068
50085
49978
50217
50066
48875
49711
49046
49567
50642
51186
49316
49761
49243
50280
52186
51060
49630
49064
50094
49052
49651
50353
48182
52439
48776
47777
50892
49610
49841
49852
50676
50932
49599
50114
49542
51150
52124
50266
48008
48922
48620
49492
49047
50245
50310
49346
51761
49855
49793
49217
48796
48509
49578
50268
50970
48222
48108
50710
49250
51369
49397
49740
48794
51099
50327
51335
49958
49893
48819
50373
49652
51246
50565
51648
48048
49411
50272
48324
50132
49451
49892
50659
49785
49793
49420
47147
51675
50243
49537
50167
51352
49287
48319
49474
49864
50087
50712
49293
52041
48588
50892
49823
50418
52120
49498
50179
50047
49411
48546
49705
49749
51086
49367
49518
50215
49716
50184
49903
49360
50138
50404
50470
49304
50154
50639
49840
50498
50352
49657
48402
49848
50791
49913
51127
49612
49628
49228
48550
50563
50014
49688
48888
48647
49572
50700
51164
49926
50837
50708
50635
49056
48831
51423
49762
49052
49042
50379
48838
49901
50165
50815
50274
49673
49103
49011
50250
48913
49480
49397
50554
51247
48375
50914
49634
50452
49345
50388
50016
50219
51240
48894
50734
50681
48776
50638
51365
50176
48197
48555
47915
49576
50341
49938
49560
50983
49719
50441
51284
51055
49667
49401
49380
49129
48278
49879
52155
48817
48543
47733
50207
49190
50394
52073
50707
49406
50878
50280
49730
50793
48144
50052
50399
52085
50574
49371
49667
50746
50790
51391
49288
49437
49330
48821
52079
47803
51008
50000
50446
49316
49300
50650
51964
50449
50522
50275
49538
50056
50798
50263
49173
51675
49711
50123
49598
50195
50685
50154
50595
51282
50181
50082
51234
51223
51116
48674
50072
48835
48454
51937
49940
50326
48808
49447
51363
49113
49490
49513
48092
50432
51010
51118
50066
51268
51332
49583
49026
51336
51734
49573
50865
49652
50709
49928
50659
48549
49036
49869
51090
48435
51140
50138
50923
49717
51202
51016
50433
51290
50331
49992
49403
49939
49224
51342
51129
48920
51000
49047
47631
52022
49338
51813
49254
50493
50396
51124
48670
50585
50648
51343
49954
50307
49912
50218
50328
49162
48747
52288
50653
49615
50888
49278
48983
49450
48731
49586
48656
50746
49775
48222
48479
49033
50246
49700
51160
50194
49493
49987
50107
49822
50064
49652
52512
49202
51159
49075
51045
51139
50652
49711
49738
50493
48968
48810
51324
52128
49451
48345
50200
51535
48930
50131
50505
49358
51764
50120
50788
51279
50255
50644
48452
50345
48587
48401
50896
51325
50017
48457
50433
51362
49278
48537
50549
48576
50458
49333
50685
50385
48920
48542
51330
49394
49286
49270
49146
51028
50157
49106
50539
50373
50709
49175
49238
49697
49329
49882
49766
51309
51012
49493
49229
48562
50436
49607
48926
50666
50532
49291
49405
49991
49058
49761
50617
50799
50057
50138
49719
50013
51284
50964
48626
49970
48447
50151
50308
50044
48702
49703
50638
50912
49760
49052
48583
48018
50852
51142
48293
49734
50053
49498
48561
50629
50324
47995
51469
48375
50212
50200
52176
50984
52300
51147
48729
47401
49933
49629
49909
51492
49140
48600
49962
50359
49708
50541
51119
49545
51115
51683
51188
49732
49248
49810
50789
51418
50131
48980
49591
48878
51234
49508
48828
48967
50759
48953
51107
50095
49438
50005
49895
50025
49620
51901
49794
50295
49489
50985
48561
49050
50897
51542
49831
51238
50588
49837
50317
49649
50415
49035
50184
49919
48465
49753
49329
48536
49867
49316
51022
51126
48982
49963
49020
49721
49527
50422
50894
48781
50947
50599
49900
50917
50066
49256
50977
49447
48270
48833
48698
48262
49403
50912
50067
49732
48179
50360
50928
50027
51689
50009
50187
49394
49364
48328
50539
50290
49727
50325
52050
49675
50309
49247
49467
49932
50390
49814
51250
49839
51859
50617
50913
48808
47353
50954
48757
52138
51629
47559
50041
51368
49210
49881
49845
48316
49645
48281
50889
48412
49244
50723
50051
50987
50174
51730
48490
52492
51319
52650
50052
48756
49399
50015
50508
48498
50737
50726
48104
50961
49037
50559
48819
49495
49616
50938
49722
51557
51553
48945
49364
48551
51193
50221
49023
50162
50949
48592
49729
49606
50552
48797
49345
51788
48819
51189
51084
50595
48361
49056
50878
48476
49507
51689
51330
51221
49593
50101
49407
50646
50794
48961
53962
52353
50572
49093
50432
47491
50281
49359
50701
50871
49581
49732
47870
48243
50192
50654
49391
52056
52852
48797
51070
50972
51050
50941
50297
49396
51265
50328
49033
51356
50043
50136
51021
51168
50640
50937
50652
49472
50442
50456
50253
49463
49942
52240
49905
50044
50540
50400
52218
49990
49394
49485
48959
49957
50164
48850
49191
49533
51443
49897
49503
49266
49300
49150
49233
51444
47702
50348
49308
47894
49780
48722
49518
48359
50282
50561
50192
51330
49143
48665
49321
51285
52418
50727
49317
49169
49479
50623
50785
49954
50420
49526
49601
48974
50047
51518
51617
48388
50143
50394
49485
49799
49785
48953
48982
49745
48721
50206
50637
47954
49854
50062
48882
51310
48812
49765
50079
50061
49536
51174
50206
50107
50603
49763
48563
50352
49712
50809
50773
50765
49963
48014
49763
50583
50263
49523
51462
49302
48631
49851
51692
50301
50116
50126
50602
49232
50111
49357
51002
49906
51020
49654
49086
51827
48875
50128
50511
50698
48962
50424
51292
50474
47814
50465
52413
50740
48980
49752
50582
50057
48689
51003
50216
50034
50000
50515
49351
51083
50585
49033
47866
50105
50417
49151
49314
50637
49039
49702
50820
49495
49908
50717
49073
51349
48422
49631
49293
49787
48486
50423
49457
49271
50170
48033
50617
50076
50132
49479
48937
51024
51241
50579
49276
51556
49824
49322
49765
49973
51218
50561
51383
50791
47907
47759
51138
50352
50805
50145
50294
49828
50138
49571
49903
49920
49700
49842
50676
49069
50659
50251
50309
50599
50343
52400
49020
47860
49594
50190
50732
48784
52222
48556
50085
49617
49899
51248
48854
49625
49734
49592
47786
49930
49284
49123
50187
50558
49683
49796
49253
49798
49876
49881
49044
49649
49961
50465
50898
49132
52289
48268
50117
48444
52096
49979
49858
50762
49568
48762
50847
50047
50043
49289
50581
50502
53321
50064
50361
50769
48875
51154
50488
50785
52428
49182
49821
50897
51592
48464
50848
49729
49527
50438
48949
50535
49531
51845
50569
49813
48675
49782
48908
49474
50445
48233
51311
51087
49700
50060
48770
50921
50967
49799
50026
49906
51061
50701
49449
49240
49711
50840
50213
50090
48348
50817
51711
48317
49729
50203
48975
51427
50719
49014
49026
49660
48712
49612
51202
49814
48774
51141
50931
49165
49057
51265
50705
51094
50049
48859
50686
50536
49768
48457
47948
50313
49015
51541
50979
50326
48493
49459
48350
48646
52244
47771
50319
50475
49199
50871
49265
50765
50381
51027
51758
50528
50006
49700
50544
50374
50798
50811
50675
49702
50908
48618
48721
50719
50774
51060
49555
49869
51165
51219
49471
49787
49553
50618
49494
50815
48831
52014
50279
47817
51391
49300
51209
48839
50659
50050
51010
51559
49564
50519
50552
49587
49472
49463
47836
49827
51844
47676
49357
50777
49597
49118
50531
49800
50688
48610
51477
49910
51382
48636
51195
49030
48588
49266
50655
50364
51339
50467
50763
50391
48032
50475
49406
50543
48319
49612
49507
49303
48520
48739
49698
48986
49377
50120
49206
48188
51581
49263
48705
49028
50849
50050
49685
51007
50852
49919
49834
49143
49151
49298
51244
50588
50914
49437
50325
49423
50761
49559
48705
51367
50863
51660
50949
48947
50286
49671
49339
49749
50069
49809
48493
49343
50723
49250
50601
51495
49977
50429
50210
48905
49951
51320
49546
48846
50475
48979
49624
49805
50607
49525
50111
50240
49005
50493
50488
49621
50532
52758
51731
48903
49579
50581
50706
50423
52397
50232
50966
49255
48715
49549
50736
49845
50336
50006
51118
52044
51193
49594
50282
50218
49555
50753
48543
50089
50055
50051
48283
49942
49360
48557
49983
47864
49193
50107
48439
49706
47447
49522
49887
50683
51301
49171
48922
49295
50123
49893
51026
49678
48837
50223
48580
49144
50388
50677
50455
50076
49394
49738
50515
49911
50107
51313
49786
49188
51087
48126
50321
49006
48550
49098
49768
49460
51367
51093
49024
49698
49089
51823
50364
51018
52489
49458
49548
49838
50945
48687
50201
49414
51258
49242
50495
51328
51159
50271
49648
51566
47797
52136
51027
49700
48835
50616
49352
50398
50318
48491
49972
49851
50325
50448
49922
49745
51480
49541
49429
48150
50831
49113
49716
50428
49199
49624
51632
50146
51453
49118
50140
51571
48315
50005
50812
49666
49492
50832
49087
50603
48197
51217
52947
49752
49497
49932
50825
51054
49763
49495
51405
51101
50829
49213
48971
50149
50935
48067
51227
48959
50387
50521
50347
51007
49973
48469
51024
50432
50118
48921
49143
51520
50610
51607
47610
50139
49549
49462
48401
50394
49987
48832
50205
50718
48647
50373
50186
51681
49166
50730
49376
51136
50233
48951
47512
49876
50776
49913
50123
49160
51434
48450
49130
52003
49759
49449
47943
49749
48076
51193
49417
49170
49503
51151
50081
49343
49763
51778
49143
50158
49689
48378
51191
52530
50184
49607
49518
50630
48163
49638
48922
48801
51095
51055
50366
48994
48991
50834
50499
51115
50348
49696
49849
49899
50605
49678
50723
49193
47812
50348
49590
48914
51776
51104
51021
50459
49575
50140
49929
49147
51249
52420
49876
50708
50836
49814
49794
49336
52054
50766
48943
50716
49902
48690
49292
47899
49568
51351
49274
51882
48875
50866
49979
48889
49023
49220
49330
49626
51961
50160
51063
49909
50793
51197
51418
51160
49019
47521
51155
51367
49791
48321
51647
49800
49430
49378
50066
50798
49537
49123
50241
50555
49651
51177
50167
52368
49762
49820
51196
49933
50707
50320
50838
48931
50530
49093
50059
49168
49073
48634
49138
50120
50686
49628
48815
48651
48671
48595
50911
50385
49880
49903
49963
51778
49849
50491
50061
49606
49018
49671
51166
52090
50187
50762
48744
50355
49076
47731
49747
49911
50923
50829
51585
48347
50179
51225
49800
49938
51823
50354
49982
50071
51527
50765
51157
49935
50057
48375
50935
50073
49186
49962
48006
48795
47785
49710
50953
48552
49948
49779
50193
49935
48696
50837
50923
48849
50257
51469
50500
51363
50823
51357
50857
50683
50125
50084
50366
48734
49232
50378
50895
49579
49601
51186
49465
51898
49758
50438
49758
46862
48310
49085
49828
49471
50648
49479
49585
50617
50030
48350
49960
50676
50241
49452
51006
49081
52001
50668
49604
51195
50449
50851
49504
48985
50790
46532
49641
50827
50840
50787
48512
49593
50200
51634
50419
50295
50175
49659
49602
49083
50720
51034
49664
49150
48407
51581
49113
51401
50393
49688
50587
51497
49251
49230
50047
50007
49330
48795
48827
50263
47931
51131
50702
50039
50235
50582
49188
50351
51834
50265
49421
49004
50549
51226
49715
50870
51491
48188
49397
49646
51513
52237
50452
47265
49195
48635
50082
50056
47973
48463
49222
52118
49622
50832
49180
48437
51363
51496
50864
50739
51026
50398
50780
50357
49837
49032
50483
50973
50889
49023
48742
50307
48821
49517
49822
48317
49612
50023
49624
51676
49539
50979
48623
50006
50177
50342
49356
48982
51216
49950
49932
49778
49509
48944
50643
49950
51016
49001
48722
49722
51434
50740
50330
48439
50289
51526
49448
50947
51286
51749
49706
50310
47312
49105
50203
51383
49557
50043
50013
50319
50047
50271
49993
50124
48771
49705
50862
49694
51897
49739
51550
51187
50230
51298
49962
49038
50597
51858
50887
49656
51806
50200
50830
50963
50557
49495
51353
49764
50211
49520
51953
48866
50319
50479
48577
50138
48933
49000
50403
49985
51078
49244
51507
49997
50999
49724
50834
50152
50154
50880
49747
49658
50169
49300
49025
48372
50904
49741
49983
52162
49366
48910
51028
49932
50183
50566
49161
50536
50273
50567
52310
49704
49805
48311
49492
52073
50419
50879
49579
51041
50188
48911
49373
50162
49467
50552
48261
50024
51004
48060
49785
49858
50816
49536
49447
51194
49334
50946
50173
48094
50681
51040
50062
49523
49545
50280
51661
49797
51144
50208
46954
48571
48461
48469
50053
52100
50857
49079
50143
51517
48364
49849
49694
49341
49093
52178
50683
48364
50002
48995
49093
49929
50061
51159
48262
50538
50915
49131
50622
51334
48165
50885
50597
49718
51205
48005
49072
51621
50558
50305
47697
49880
47371
49783
49567
50654
50500
46878
49592
49806
50097
50299
50007
50592
51154
51457
50552
51789
48732
51129
52009
48557
49660
49364
50490
50764
48279
49287
50630
50586
49471
49973
50652
51108
51018
49463
50537
51022
50423
49814
49039
50640
51687
49090
49793
49473
49669
49102
51322
49745
49850
49510
49303
50888
52002
48688
50153
50807
48812
49109
49343
49890
51549
50134
49864
46755
50215
49400
50302
49170
48387
50706
51837
48890
50847
50251
50366
50006
50972
49787
50356
51438
50153
50567
49486
50853
50702
47829
51433
48280
52036
50773
50856
49152
49761
49268
48888
49319
49721
49433
49104
49786
50714
50614
49295
49730
50455
48630
49866
49604
49285
50897
49805
50682
51156
51839
50464
50987
46718
50639
49760
49779
50247
49283
51208
49404
50417
49732
50599
48889
51209
51350
49286
49230
50468
48775
49647
50605
47779
48705
50235
52094
50558
49581
50098
50632
49570
50419
49597
49425
49686
50300
50527
47684
48554
50136
50832
48978
50855
49740
51080
49126
50171
48553
48981
50810
50048
50304
49737
50240
50857
49667
49971
50911
49229
49981
50020
49688
50617
49423
50071
50660
48118
48115
50341
49203
50394
50984
50157
50028
49282
50377
50912
49970
49255
50424
50056
52287
50593
50576
51375
50693
49711
49235
48426
49899
51552
50300
49612
49058
49600
51024
50999
50324
49603
50493
49710
51758
49652
49569
51150
50018
50505
49718
50652
51062
49103
51162
50250
48343
47085
50225
48349
49713
50515
49776
50274
49957
50897
48407
49530
48401
51056
48570
50029
50178
48674
48661
50074
48881
49788
50674
51499
49044
50229
49185
48979
50427
50512
50422
49309
48411
49992
48338
48199
49723
49649
49674
51885
49968
48222
48267
51230
51010
51500
51160
49594
47648
50081
51036
50703
48448
50620
49937
49109
49591
48938
49848
48671
50035
49370
51519
50853
49697
51803
49311
51715
50129
51581
48883
50235
50738
49679
50433
49472
49658
49407
48876
49082
50949
50512
48281
48822
48314
49927
52122
51578
50830
48099
50615
49479
50343
47596
48926
49820
48720
50675
50726
48481
51036
47706
51143
51146
49503
48324
51542
49624
50866
48559
48203
47985
51018
50808
50818
50242
49174
48472
51720
50180
49395
51270
48603
51368
49990
49034
49066
50015
48684
50030
49530
49246
52305
48026
51193
49267
48667
49855
50086
49969
49853
49841
50837
51193
51279
48446
50890
51383
51362
50961
51154
48385
48634
50825
48404
50137
50047
49408
49711
49589
51178
50311
51225
48580
48594
49497
52048
50372
49039
50849
48707
50061
51395
51210
48516
50235
49557
49555
48196
49140
48948
49331
50203
48807
49981
50532
48935
50961
49749
49488
48966
51348
48377
50962
51964
49744
50235
50357
49941
49318
50977
50259
51626
48552
49847
49358
49773
50570
49983
50674
48933
50745
50503
49193
50210
49598
50100
50807
50341
51918
49058
50443
49751
50416
49209
49108
49497
51291
49252
48780
49660
49946
51003
49653
49975
49249
50697
50449
48583
47838
49472
51400
49248
50143
51529
49038
50040
51042
49193
50111
50266
50090
50182
50434
50737
50189
51801
49015
48804
48580
47310
50920
49047
50038
50929
51019
50213
49732
51206
47711
50874
50375
50476
50515
48375
48909
50746
49771
49165
49417
49561
49739
49379
50950
49673
49374
50648
51624
50671
49067
49627
50724
49772
49814
49985
50407
50327
50703
51510
49052
50729
50188
50082
51727
51785
50150
51505
49929
50379
49557
50437
52009
50433
50420
50305
50218
50609
49667
51166
50441
49055
48614
49177
49560
47869
50560
48216
49336
50594
49246
49640
52092
49509
52250
50130
49523
49548
50342
51450
50724
50872
49303
50059
49905
49424
49786
50464
50893
49189
48997
49896
50715
49895
49214
51564
49087
50206
51365
51010
50183
49283
49980
50881
48082
49790
48796
49756
51314
50158
48212
49612
50761
48647
50215
50004
50673
48316
51911
48535
49844
50534
48205
49961
49148
50693
50428
51485
50573
49430
49337
52299
50605
49866
50153
51009
50779
50039
50254
48815
49131
49853
48827
50898
49585
50406
48684
48740
50820
48722
49847
50006
51242
51338
48758
49690
48173
50421
49692
50604
49873
50956
49194
51358
49230
49947
50583
49468
49011
50512
51033
49976
48890
49658
48254
50150
48819
50244
50399
50143
50486
49487
49536
51482
49208
49496
50293
49676
48561
52589
50094
49469
50355
49159
50901
49154
50785
49983
50147
49759
49679
49942
52996
50544
49614
51709
50962
50172
50824
49766
48965
49715
49612
50232
48797
50304
48806
51205
49279
51197
51675
50381
51105
49574
49917
49726
50165
50023
49671
50784
50269
48381
50701
50636
48599
48461
49532
52082
50429
50559
49833
48813
48367
48197
50125
50119
50840
50848
48815
50345
51653
50200
48981
50956
51331
49191
50509
50200
49532
49848
50920
50038
52885
48382
48857
50050
51138
50366
50520
51299
48992
50392
48836
52085
50040
48891
50656
50971
51159
49216
51004
49332
51923
47945
49828
49940
49180
50627
48485
49910
49733
49686
51696
49512
50404
48682
49898
51859
50060
49510
49160
48425
50716
49523
52084
50067
50332
49613
50233
48528
50713
49544
49417
49550
50566
50227
48479
50005
49086
49258
49894
50323
50148
49064
50152
50527
50376
50485
48728
50487
49940
48714
49407
52550
48119
49278
50365
48649
49964
50523
49757
50771
49162
49624
50752
52620
49697
50865
48746
50815
49532
48544
50233
48807
50266
48437
49032
49656
50664
50675
48378
49293
50531
47909
50475
48585
51725
48144
49226
49472
49086
49570
51065
51105
50314
50939
51496
50566
50912
49536
50723
50051
51265
51553
49909
49797
49570
49267
51349
50337
49470
50406
51065
50026
53024
49558
50049
49489
49838
52031
50223
53285
49414
48664
49748
49207
49187
50766
50528
49707
52287
50609
48549
50063
49996
49308
50484
49856
50207
49007
48354
48781
49844
48322
48536
50421
50421
50595
49999
49771
49971
50058
50226
48874
49692
50491
49252
51168
49788
48959
51539
48263
50683
48658
49677
49333
50596
50134
49076
49747
49624
49660
48168
48069
49950
50538
50526
51991
50640
48683
50102
48028
50882
49644
50803
49799
50886
49957
51505
49872
50098
49636
48434
47701
49131
48850
49715
49922
49619
51766
50553
51252
51220
50313
52271
48064
51278
50156
49616
48687
48188
53368
50526
49509
50019
48910
48675
51848
49620
49437
51649
51571
48372
50431
51652
51741
50610
50884
50735
50367
51194
50757
49640
49132
49415
49577
52514
48975
49218
51207
50475
48950
50002
49090
50729
47996
49918
50188
51159
49468
51556
50564
49446
49978
49291
50968
49798
51014
50196
48940
50169
51557
51829
50747
50277
49526
50797
50698
50232
51774
49451
50282
50643
49338
50149
49656
49291
48636
49212
50464
50511
50477
48512
49762
49359
50634
49650
49524
49679
49021
48949
51859
49897
48137
49857
49313
49005
49440
50038
49912
48745
51991
49185
48446
49441
50903
48118
50067
51557
49577
50617
50412
49253
50351
49582
50865
48081
50156
48375
49120
49823
51629
50184
50597
50152
49199
50912
50492
50104
50364
49643
50284
48331
51049
48600
49440
50690
49334
48786
49544
50158
49007
50432
49433
49436
49938
49986
49113
50593
49818
50875
50702
51022
49230
48220
50436
49128
51859
49678
48510
50662
49035
51249
48980
50001
50027
51046
49320
50686
49929
49616
50588
49764
48614
49414
50204
51225
50307
48480
48558
47887
50048
49524
52072
49673
51081
48932
49547
50000
48494
51221
48835
50128
50042
50466
52587
51749
50162
46917
49181
48168
50482
48684
49723
50298
52168
49625
49765
49776
49011
50952
50272
48613
49788
49424
49622
47909
50135
51539
48348
47356
48308
50077
50053
47221
49570
50648
51698
51174
48954
50482
48811
48327
50499
47683
48472
49335
48846
47686
51149
49781
51223
49657
50103
50471
50323
50916
51593
52476
50011
50151
49094
49092
51946
48590
50247
49719
49811
49169
51060
50139
49214
50621
50279
49100
47956
49815
47318
50925
50457
50310
50674
51261
50713
49630
49400
50582
50145
49984
51506
49699
50723
50491
49184
49865
49666
48811
51412
48988
49750
50222
49331
51309
49779
48064
48317
51263
49878
49518
50100
48995
48892
49460
49270
51837
49883
48590
49652
51339
49161
51019
49785
48308
48182
48851
48440
51628
49421
50078
50318
50055
50115
51252
51009
51606
51210
50145
49588
51807
50070
52315
50228
49721
51117
49577
50020
48684
50195
50429
48738
50582
49504
49391
49001
49314
48887
50520
48927
51065
48974
48136
51604
48288
48495
49150
52391
50011
50219
48887
48850
50019
50640
51609
50271
51100
50631
49277
49349
49324
50453
49558
48995
50672
51261
49022
50090
47919
48941
48000
50310
50253
51216
49961
50176
47810
50651
50693
47907
51136
52074
49574
49816
49635
50564
49670
49354
51538
48274
50828
50312
49525
49086
49729
51167
50702
49985
49979
49373
48408
49767
50281
50722
49896
48831
50443
50370
49226
49954
48787
49903
50704
50900
49992
47167
48124
49459
48742
49767
50135
49289
49935
51295
50621
50963
49371
49774
50425
50414
47520
50410
50156
49445
49514
48655
48631
49901
50670
49035
50494
49306
50762
50182
49592
49700
50534
48962
50603
49550
50378
49685
49033
50006
49262
49489
49162
49781
49687
48450
50110
51298
50769
49987
49753
50292
50229
51156
50203
49305
49338
51199
48598
51681
48908
51150
48326
49712
50717
49420
50120
50628
50085
49454
51892
50712
49390
48507
51255
49443
50852
49370
50644
51171
50384
49695
49725
49164
50028
50297
51639
48658
49642
51255
49001
48777
48515
51894
50792
49869
49528
50393
48870
49736
50327
50050
49070
49216
49526
49349
50074
51429
50377
49237
50090
49024
50942
50752
50193
51095
49633
49768
49333
47887
49750
51470
51281
48675
50867
51436
49603
49401
50261
50187
51205
50927
49794
52146
48861
52518
49003
51327
50207
49819
47799
48850
50594
49090
49213
49532
49417
50604
49882
50201
48626
49207
49166
47508
48757
48395
50246
49443
49919
49165
49495
50305
50709
50291
49051
50421
50836
50114
49353
52759
48724
51050
49570
50347
49941
48599
51434
48930
51879
49662
51648
49210
50428
49944
48319
50623
51317
49493
48991
49980
49548
51276
48657
50844
50321
50392
49825
51894
50693
50861
50472
49395
48517
49371
50153
49581
49546
49280
49241
49632
48785
50215
51446
49807
49871
50751
50614
49166
50444
50194
48177
49428
51018
50965
49578
52115
51132
49480
50246
49749
48740
49803
49777
50023
50465
50137
50627
49467
49301
49432
50854
50136
48969
51443
51113
50556
48630
49258
49150
49239
47283
51502
49386
50249
50714
51290
50346
49476
49283
49660
50465
50279
49645
48563
49102
49663
49372
48836
48179
48402
49557
50227
50652
48910
50784
49333
50922
50130
51461
50252
49881
52790
49722
51848
50696
49184
48337
50013
48081
49534
51414
50135
49928
48503
48968
49349
49540
49622
51713
49703
48938
51636
50811
50078
50393
50444
49794
53240
50534
52241
48885
49065
50851
49784
48834
52353
50396
50564
49026
50074
49519
50059
49508
49714
53208
50072
51114
49027
50083
49671
49785
48470
49192
50141
49861
50465
47880
49695
48727
48964
50865
49178
49153
50213
48732
51113
51008
50010
48335
50794
50242
50672
50274
51121
50844
49761
48918
50402
48457
50203
48245
51279
48231
47482
48762
50449
49993
51434
49449
50100
50802
50369
49948
51713
50093
52285
49403
50724
49142
49167
48932
52072
49843
50024
49434
49042
49832
49841
49565
50522
49745
50869
50672
51361
49826
50083
51562
48950
52046
49645
50656
49228
51413
49314
50172
49565
48885
51000
51111
50598
50076
48984
50901
47636
50444
50433
49404
51726
49695
49893
52026
50044
49690
51980
49383
49835
48530
49045
48572
49169
48689
48613
48648
49873
49299
49313
49101
49534
49512
49034
49560
47658
51717
49923
50226
50720
51108
50312
50460
51405
48331
49620
49754
50154
50124
49017
50324
49040
48946
50454
51499
50405
50331
48841
50177
50248
50412
48000
50268
51629
49748
50345
49740
50483
50923
50379
49441
49650
48717
51632
48330
51344
49574
49143
49749
48814
49874
50483
50285
49255
49936
50112
49185
51092
48835
50210
49890
50924
50145
48850
49533
51372
48900
49952
48469
49921
51401
49825
50111
51470
49364
51507
51436
49179
50098
48968
49019
50184
49075
50250
50223
51870
52979
49683
50110
50193
49468
50487
50757
48926
51409
51225
49960
51693
49396
48475
48984
51343
48935
49453
49749
50022
49645
49464
48555
51640
51255
50163
49112
49420
50493
50645
51087
50008
48483
48710
50280
51538
50412
52429
49666
50909
49490
49738
48352
49251
48496
49736
50737
49669
51053
50400
49620
48033
49220
51123
48783
50981
49532
50032
49414
49867
50896
50817
48497
51446
50136
49084
49139
50200
50317
52477
49492
52939
49096
50693
49295
50416
51176
53142
50223
49728
49397
49743
50033
51418
48925
49393
47096
51148
51649
50814
49315
50398
50316
50386
48648
49809
49848
51185
50721
50568
51605
49324
49499
50692
50268
51258
51131
48025
50652
50301
49080
50571
49841
50848
51530
50844
50656
48136
49655
50385
50659
51746
49217
49373
51108
50709
49091
52110
50828
49601
48912
50873
50060
50757
50137
50846
50477
50473
49979
51405
50730
48869
47687
48525
49400
50276
49208
49671
50372
50806
51135
51628
50838
51446
49927
48989
50627
50306
48235
49838
47626
50336
49867
48451
51538
50766
49373
49790
50224
48911
50419
49183
52616
49344
49574
50541
51068
50068
51016
50223
50678
49552
50352
49508
50521
50896
48598
47853
50788
49958
50696
48766
52163
48960
48756
49568
48963
49453
48931
50228
50347
49059
49664
48971
51146
48510
50319
49814
49207
49720
50572
50694
51021
47838
49792
50844
51311
49766
50863
51369
48842
51174
49289
49181
51676
47645
50788
49709
48752
50801
50179
49111
51011
51069
51248
49135
49586
48638
51047
50523
50845
48380
51970
50349
50653
50284
50847
48215
50303
50056
48286
50276
50445
49904
50449
48792
49705
49878
48359
50371
50834
49706
49755
49889
50604
48766
49523
50618
51110
49701
49904
49439
50727
48364
48072
50086
50334
48972
50315
50226
48769
49651
50356
48086
48812
49394
52052
51691
50523
49822
49973
49789
50922
50709
49925
49635
49617
50769
50032
50998
50097
48838
48718
48970
51417
49849
48801
48162
49530
51014
49166
50041
49778
49389
50563
50035
50054
49423
49735
48917
50085
49651
50927
49584
49693
49383
50688
49954
49184
49402
50290
51023
49873
50014
51289
50738
51410
48732
48518
50596
52059
51102
49941
50511
49164
51216
51568
49517
48327
50042
49900
50230
49841
49223
48606
49157
50820
48944
50476
49418
52139
51559
49613
49690
50940
47820
49235
49220
50455
50635
49618
49011
52307
50260
50075
49518
48833
49059
51592
51191
48094
51038
50704
50303
50098
50872
50984
49963
51195
50815
48882
50452
50007
50829
50933
50052
50107
49333
49781
50907
46941
48301
51386
48427
49766
49111
49802
48837
49891
48452
50603
48730
51223
49736
49036
49268
49762
50128
49502
50111
49988
49779
52031
50914
49935
48464
49949
48440
50151
49049
48710
50411
51890
50064
48679
48874
49166
50004
50008
49359
50379
49286
50324
49237
50983
49034
51355
49839
48816
49893
47009
49079
50177
50100
49051
50449
49751
50369
50800
50353
51673
51106
49143
50994
50616
51267
48717
49712
48858
49197
48946
50311
48553
49425
50857
50474
48271
50302
50027
49335
48339
48586
51658
49898
50893
50416
50077
49720
49467
49078
49287
49085
50512
49458
50550
51426
50344
49530
50886
50447
50898
47499
49857
49529
48747
49865
48547
49887
49337
50371
47781
51612
49651
50481
48501
51353
49081
48609
48902
49239
49774
50085
51298
49514
50651
50849
50024
51190
50447
50333
49458
48861
49437
51751
48094
49198
50535
48697
50182
50766
49966
50207
49579
50372
48219
48621
50861
50832
49649
50179
48891
49867
50319
49588
50075
51250
48732
48099
50296
50621
49546
50262
48783
50953
49890
49290
51379
50397
48282
50796
48850
52288
49077
50006
50363
49754
49820
48686
50087
50721
50649
48733
49780
50419
48954
49296
50538
50851
50437
50342
50181
47365
50040
49070
49415
49653
48947
51181
49517
49885
51685
48971
50637
50441
48118
49685
49186
49934
50295
47708
50753
49188
51879
49415
49077
48039
48289
51451
49998
50739
49751
49743
50122
49890
49059
48918
49430
49774
51476
50518
50358
48553
50725
50135
49141
51415
49086
49804
49071
50189
49439
50276
49763
51197
49752
50436
50278
48841
48464
49135
49436
49664
49560
50418
49746
49271
48968
51962
51542
50315
49459
50605
49927
50386
49830
49823
49513
50064
49353
50070
49982
50782
49178
50141
50794
49116
49299
50276
49839
50636
49970
49465
50476
50367
47623
49763
49048
49070
48862
50502
50539
48870
51106
49695
49847
49664
49673
49324
47371
51983
50239
49188
50514
50763
49440
48936
50317
49813
50835
49514
51362
51228
48588
49491
50395
49198
49657
50043
51073
49110
49949
50561
50387
50924
48652
49980
51096
48100
51372
49606
52257
49052
50426
51349
51142
50608
50615
51141
49941
49770
50322
50114
48769
50360
48518
48929
50769
50221
51288
50468
49681
50001
48151
50191
49828
49836
52855
49336
49633
51181
51682
49845
48746
48740
48402
49120
47707
49774
50926
49789
48670
50189
48692
51533
50655
50873
49926
50302
50451
48398
48299
50577
50064
50404
50060
48651
49072
50513
50250
50130
51368
50985
50464
52166
49956
51047
50795
51225
51732
50180
49751
50753
48823
51331
50375
48946
51064
51365
50216
51597
49108
48920
50404
50818
50974
50373
51191
49158
51308
51078
50785
48665
49607
50578
50145
50974
51428
49505
49760
48762
49905
50185
49495
48587
50904
50016
48852
50889
49156
52554
50433
51208
50117
51191
50559
49491
51011
49871
52558
50728
49144
47176
50546
48620
50024
48723
49082
51464
48355
49966
48956
50697
49988
50433
50080
49708
49894
48033
50804
51153
51874
50387
49532
50255
51893
49684
49483
50637
50169
49376
49485
51240
49277
51109
50242
48097
50919
49407
48616
50193
50468
49479
50359
49119
50400
50316
50103
48204
52144
49123
50831
50104
49924
49389
50298
50212
50462
49689
50808
50419
51061
50131
51018
49620
49962
48643
48865
49321
50232
48553
48330
50730
48394
48512
50785
50869
51603
47691
49160
49559
48544
47908
49450
50556
49948
48660
50258
50418
49794
50270
51389
47843
51578
48745
50983
50625
51127
49606
49928
50847
50352
50631
51836
49601
51136
50710
49208
48342
50030
49740
49915
50694
50053
51718
50226
48768
48424
51390
50332
50239
50712
49437
49371
50492
50968
49976
50338
48416
49420
51240
50274
49321
48801
50122
49741
47969
49259
48695
49927
51738
50429
49028
50774
48380
50816
48569
50473
46860
48911
49135
50084
49987
50523
47947
50645
51462
48894
49346
48022
47783
48835
52551
51527
49709
50152
51486
50361
50851
48913
51112
48060
50574
50597
48749
50380
51131
51444
49472
48666
51587
49770
49578
51997
48407
49680
50370
49612
49882
49005
50782
50851
50460
49280
50538
49209
48779
50874
49852
50561
48583
52255
50217
49994
49990
50901
49624
49764
49453
51509
49318
51465
48668
49880
49840
50023
50576
49753
50419
48383
51184
50733
49042
49863
50140
51058
50793
51680
49423
51012
52305
50455
51849
48864
51749
48337
49935
50669
49090
49908
47499
48702
51048
49043
49559
49034
49844
50291
50081
49187
50596
50807
49044
47028
48772
49324
50629
51596
50801
49805
47798
49640
50283
49512
48471
50931
51088
49192
49731
50386
48747
50927
49709
50764
49857
49673
51013
48405
50800
49543
51721
51028
48275
52580
48595
49843
49693
48475
51223
50907
50514
49620
50579
49891
50403
50816
48562
50730
50474
49549
50327
50182
48875
50242
49657
51224
51291
51771
49664
50215
49435
51860
50901
50373
49920
50479
49708
48403
50986
49674
49785
50985
49648
52127
49845
48708
48562
48233
50425
49761
50701
53003
48710
50789
49970
50015
50743
49389
50810
49776
48869
50366
49037
50482
48627
49412
48279
49531
49794
49464
50655
50023
50114
50152
51256
49952
48973
50545
49990
51835
50642
49803
49475
50364
48796
49647
49820
50348
47777
49205
50694
49914
51345
50587
49955
50048
50818
48466
48878
51477
50003
49346
50886
51347
51342
50920
49811
49811
48879
49406
50766
49348
49583
52552
48845
48280
51082
49161
49745
49681
49162
51575
51018
48825
50623
50701
50334
50610
51265
52102
49338
50882
49254
47825
49002
48879
49609
51542
50029
49912
51392
52485
49907
51170
49853
49701
51048
50289
50822
51200
49775
51469
50235
49624
51729
49840
50303
51140
51547
51176
49503
50877
51221
49349
50331
48812
49740
50139
52637
47772
51022
49970
49690
50727
51323
50137
47753
50510
50196
51187
50374
49402
50839
49679
49212
50341
51197
49460
49422
50503
48582
47784
49336
50861
51164
49743
50352
50323
50294
49713
51396
50281
51458
50914
48627
52437
50842
50426
49560
50746
49294
48973
50107
49482
49933
49989
48937
48916
49002
49672
50494
48790
50862
49011
50721
50456
49649
49161
50606
50641
48789
49955
48870
50239
49333
49652
51681
48482
49047
50888
49069
48710
51766
48525
48648
49879
50410
50300
48556
49284
50030
49089
50949
49800
50929
51325
50392
51147
50500
48635
49405
50394
50557
52747
49948
50147
49748
50181
50309
49850
47482
50332
49493
48781
48949
50748
49990
51049
49056
50645
48943
49291
51738
48362
49260
50123
49921
48374
49557
50237
49774
50354
50464
50283
50664
50592
50373
51063
49447
49204
49406
49951
49400
50297
50877
48817
48551
49950
48955
48684
51463
49710
48745
49289
51110
49622
49269
49720
50326
50941
50344
49498
50086
49603
49686
50344
49428
48882
49429
49253
49857
50463
49500
48756
48408
50187
51126
50692
49548
49892
51628
49639
49953
51050
50518
50575
49418
49412
48404
50527
49657
48935
51730
52231
50440
47282
50709
49676
50090
49891
50439
49909
50740
49090
51128
51206
50274
50783
49284
50838
49009
49693
49140
49745
49975
51107
50213
50329
50854
48571
50990
51935
51116
49756
50266
51038
49240
49751
49111
51172
49262
49464
49493
49343
52560
50291
52275
50344
49858
50844
50302
48666
49322
48930
51344
51728
49589
49257
50161
50385
49210
51339
49957
51202
50735
50622
51421
47591
49934
49620
50509
51038
47685
49209
52773
51832
50919
50949
51782
49795
50459
50099
50789
48987
50122
49439
50000
49102
49834
50079
49802
51064
50989
50035
48684
48941
49848
51319
51160
48927
50917
50278
50741
50105
49592
48146
51075
51140
49977
49016
48746
47577
49377
49844
50782
49991
49837
50119
49794
49930
54238
51056
50244
49971
50128
48932
48657
49601
51333
50327
50173
50575
48732
50031
50382
49503
50386
48916
49851
49678
50676
49785
50513
51216
49000
48661
49048
50559
50656
50756
50280
48795
50889
48489
48991
49982
48939
50138
49861
48078
51967
48452
49479
50240
50083
49359
50888
49135
49322
48590
49987
48749
50836
47560
48804
50305
49606
50934
50270
49009
49859
49647
49267
49910
48246
50810
48747
51871
49071
50861
50415
50296
48961
51025
48910
50975
49796
50636
51340
50417
51113
51152
49804
51093
49473
49133
50206
50232
50692
48449
51471
50607
52012
49146
51571
50191
49883
50289
49294
51056
50260
48358
51004
49878
49002
48385
50083
50629
51060
49706
50797
48753
50488
48638
51648
49825
49992
49402
47869
48321
47958
50865
49408
50261
50259
49865
50275
49472
50255
51601
49613
51719
51048
51345
50966
49949
49807
49979
50884
48818
49717
51432
48771
49318
52769
49884
49045
50034
49898
49886
48808
50287
48334
48141
51092
48512
50119
49355
50736
50897
50500
50058
51856
49295
48652
51678
51482
48307
49949
51587
49847
49182
50126
50509
48750
49069
49310
50008
50704
49250
48022
49477
49633
49660
49830
49245
50040
51472
50177
51150
48777
50136
49921
50217
49886
49031
49077
49244
50470
49211
50163
50219
49402
49534
50347
49351
49678
49503
50250
50331
50179
50122
49965
49128
48454
50458
50435
50327
47860
49837
50026
48878
48594
50550
49724
48480
47523
49010
49673
47611
51247
49676
49958
48552
47941
49890
49292
50665
50991
49739
50180
50184
49187
50908
48924
50869
48815
50635
50337
48871
49646
50290
50445
50969
49501
51945
51972
50043
49280
50891
49672
48601
48939
51919
48736
50444
49924
50182
50684
49575
50648
49542
49536
49970
50467
50856
49778
48866
48356
50138
49979
51315
49369
52049
48668
50541
48956
51182
50203
50656
49936
50531
49713
47929
49598
50909
49705
50270
48686
51286
48099
51193
49535
49221
50897
48969
49883
52246
50418
48739
50878
49915
50740
50596
49347
50688
50235
50612
49719
49859
49864
50975
48943
48728
51393
50508
49838
50932
52177
48547
48633
49168
51143
51037
50850
48907
51723
49893
50822
48956
50397
50162
47686
49718
50898
50282
52172
49677
49013
51133
50570
50163
49000
48891
51925
52986
51337
49976
50647
48498
49523
51403
50225
50387
50632
51151
50556
49177
49798
49560
48364
49000
49757
48980
49277
48275
50820
49550
52015
52518
50414
49910
48220
50909
50439
49256
49907
51361
48487
49426
49391
50177
48922
48103
52040
49848
50895
50823
49016
52022
51109
50396
49090
49086
50327
50640
49232
51170
50213
48606
51296
49761
50682
51487
49622
49980
48456
49467
51037
48822
47960
50371
51028
47184
50257
50058
49998
49002
48651
51223
50813
50891
48190
49166
50049
50076
49854
48271
49007
49580
50304
48635
49810
51133
50824
50364
48925
51398
49898
51379
50711
49677
52179
49596
50484
51603
49912
50648
50480
48691
49911
50331
49151
49303
50995
49835
49805
51301
50156
51299
50087
51369
51206
51446
49045
50593
50504
50996
50603
49407
49106
49605
51412
52277
50235
49860
48159
49263
51178
50069
50964
49460
50925
49729
50199
51685
49221
49403
51052
50851
51497
49665
51276
49987
48125
48799
49083
49254
51137
49375
50523
48644
52653
49033
49416
52860
50351
50933
51200
50704
50376
49295
50911
47734
48173
51740
50343
48795
49626
51146
48904
50337
51871
50660
48710
50817
52030
49659
48398
47974
50381
50191
53659
49444
51409
50869
49361
49781
49784
49834
49890
50319
48812
51576
51085
51841
52153
49924
49738
50063
49954
50916
47792
49685
49087
49034
50106
52105
49632
50669
49835
51609
50825
49298
47747
48732
51167
49529
51101
48727
51257
50006
51018
49369
50108
50195
50247
50758
51883
50146
50261
49445
50523
48509
49751
50609
50065
51304
49791
49337
50906
51335
51800
49138
48520
49724
51101
51507
47815
50517
49161
50336
49286
48944
49618
51021
51375
49503
48539
50917
49926
49404
49381
49553
49645
51262
50195
51970
48501
50392
51666
50652
49042
50201
49516
48441
47753
50342
48709
50729
48224
49407
51734
49741
49475
49878
49119
50307
49649
48393
49849
52040
49356
49548
50185
50730
51246
49632
50770
50653
50302
49723
49610
50076
50932
49447
49720
49495
49413
47912
49544
48732
49958
51237
51043
48900
48824
50364
49316
50917
49282
50337
50383
50551
50442
49217
50135
49384
51092
51532
51241
51737
51134
47816
50055
49654
50632
49781
51127
48934
49285
51321
49861
50178
49770
49876
50024
50180
48726
51845
50243
48944
52293
49315
50123
49948
49674
49727
48443
51201
48216
50214
50569
52044
51517
50963
49286
51119
49871
49712
49920
51167
50733
49726
49149
50648
51271
49502
49130
49647
48205
51105
49497
49611
48612
49719
50710
50258
50839
52088
52789
47727
50218
49422
48904
49590
48998
50215
49828
50665
48929
50512
51301
50188
49414
49575
50446
51323
50135
49387
50457
49931
49425
49864
50577
48438
49683
50627
48394
50195
49925
48620
48793
50045
49227
49662
51482
50330
49830
50429
51068
47391
49939
50237
52583
50056
49730
51330
51201
51636
49880
52129
50500
51638
49599
50803
49580
49693
49625
49707
50982
49092
50444
49392
48891
48317
49679
48970
49507
49829
49711
50888
49234
50889
50016
48838
50353
49877
50494
49161
51819
51016
50781
50338
49356
51576
51594
49836
48696
47595
51962
51120
50282
48523
49495
51203
49368
50494
51635
49546
49753
49035
50747
50784
48660
50691
49498
49362
50279
50529
49813
49507
50005
50280
49992
51248
49058
50383
50568
49609
48993
49112
52612
49501
52690
51077
50782
50097
48621
50910
49869
50396
51394
50620
49956
49090
48649
50211
50532
50072
49908
52552
49633
49246
51755
51495
49190
50123
51132
49972
49404
48642
50937
50247
49520
51273
49699
50734
50330
48299
49600
50709
49878
48324
50020
50721
50769
50269
49880
51434
49951
48249
52088
50786
50485
49206
50144
49849
47757
48877
49496
49778
51140
49278
50021
49231
49425
48821
51077
47999
49561
50109
50369
52233
49061
49261
50144
50230
50582
48047
50788
51373
50534
49093
49976
50061
50721
49853
48611
49671
50544
50874
48636
51066
50485
49588
51267
50747
52122
49615
52440
49347
50042
50343
49701
49062
48455
49650
51012
50207
51086
50314
49046
50777
51436
50005
49507
49774
49209
50859
48855
50746
49754
50125
51341
49950
50660
50923
48555
51353
50939
49423
49829
49253
50004
50532
50460
49806
48205
50170
50566
51142
48379
49007
50386
48541
50295
51403
49918
50615
49395
50687
50957
51634
50330
51285
49744
51452
51248
50676
49266
50934
50168
51037
51567
49265
51875
47734
48735
50585
49415
50250
50104
50937
51011
51723
50880
48623
49719
49104
49669
53479
50364
49321
51268
50903
46846
50316
50149
48154
48964
51078
49965
50653
52566
49251
49731
48456
51584
52272
49805
50895
49413
48319
47645
50694
50222
49555
49503
49254
50417
51294
49815
49993
48913
50243
48979
49918
50022
49650
49094
50743
51398
50756
48662
50104
50046
50550
51312
52373
51818
49790
52061
51888
50730
49957
49448
50250
50292
49362
51624
48152
51310
50320
49193
49895
49686
48881
51235
50768
50529
48482
52573
51099
50831
50908
49862
50560
49924
51655
49977
49349
48959
48507
48129
49036
49955
50096
50606
49931
50514
51500
50499
50724
50384
50504
47907
49952
48968
50529
49125
49835
49832
49591
49149
49742
50296
51550
51559
50374
48229
51229
51391
49893
49571
50022
49431
47968
50327
49693
51944
50535
48655
50142
50345
47914
50100
49518
49219
51589
48758
50707
49070
48936
50617
50398
49888
51353
50732
49333
49180
51061
50001
50538
49801
47049
50698
49277
49591
50309
49541
47895
49344
49070
48941
50457
50662
49663
49218
50727
50501
48431
49641
48441
49912
52027
50547
49894
49637
50235
