49750
50088
49523
49138
49721
51461
50374
48805
50301
49409
51279
50350
52208
50599
51563
50853
49108
49876
50787
50316
49216
50677
51040
50729
50003
49725
50199
49391
48886
50154
50384
49560
51576
49159
49548
48952
49993
51234
51019
49529
50688
46420
51072
49334
49994
50390
50521
50429
49795
50862
50318
49203
49973
50854
51130
50616
51088
50071
49158
49063
48242
49109
50662
49416
49060
48641
50849
51343
49137
50061
47969
50387
49729
47417
49330
49599
51466
49895
49607
49739
52005
50238
49140
49795
50716
48490
50420
49891
52323
51076
49520
51411
48429
50043
51028
49997
51094
50351
47905
49588
50404
51413
50569
48551
50860
49072
52569
49839
49968
49349
49641
49670
51012
48898
50408
51170
49750
49765
49927
50265
51258
49001
49216
50941
50141
49328
50492
48996
49110
49194
49607
50400
49646
49495
48966
50557
48967
48443
50104
48792
49564
49811
48115
50749
51169
49631
52007
50458
53638
49754
52018
50264
50383
51703
48897
49133
49186
50493
50523
50941
51638
48852
50283
51218
50324
50568
49474
48137
49489
49017
50293
49582
48325
50692
48098
48283
49318
47999
49813
51520
50212
50429
49683
52008
51959
49641
50845
49910
50157
50542
51095
48347
50020
50493
50927
49066
51091
49466
49107
51059
50707
50306
51200
50420
48865
48687
49689
49798
52005
50282
49545
51173
49865
49480
51952
49000
49771
48818
48783
49853
50831
49468
50346
50407
51277
51058
51012
49551
51757
50461
51409
50707
49096
49606
50540
48978
50081
50802
52986
51229
48915
48579
50976
48693
49522
51359
50761
51927
50056
50022
51357
48966
49056
49459
50896
48420
50982
51481
49680
51071
50198
50099
50521
49801
49559
50453
50899
49698
50800
49139
49834
50376
50919
50985
49290
48860
48932
50801
49227
48996
49927
50122
48655
51231
49937
49419
50137
48320
48079
49274
50910
50776
50557
49645
48528
49816
49551
49686
49287
51942
50374
49353
50669
51031
51826
51113
48853
50647
49884
50279
50942
50108
50416
48726
49769
51008
48350
49867
50624
49961
50265
50768
49241
48060
51238
49368
48437
50924
50882
48757
50128
49956
48927
48748
50868
51149
48854
51391
49202
49802
50786
50482
50165
51776
49998
50257
51048
50263
48612
51080
50774
50155
51093
48394
51125
48446
51088
50496
51081
48811
49553
50948
50369
49067
50358
50340
50724
48239
49975
49551
50193
49784
52152
50595
49059
50217
50251
50250
48772
48199
50773
50213
50565
50374
50782
48970
49601
48207
48476
49064
51387
49979
50627
50652
49323
50782
50595
48005
50704
49821
49186
51901
50436
50299
48943
48942
51249
49263
48972
49871
51084
49190
51592
50209
49318
51024
49609
49901
49663
50222
49078
49096
50759
48817
50033
50977
48682
49138
50414
50282
49744
49612
50343
48522
51557
50117
52222
50016
50295
48581
50191
52045
49832
48656
49791
50016
51028
49008
47538
49431
48410
49468
49789
50250
49599
51683
50639
51034
50009
50538
49715
49980
49853
50255
49031
50548
49846
50776
50377
50544
51965
49752
50444
50643
49345
51228
49393
50580
51837
49484
49705
50452
50089
49455
49441
49453
50045
49155
49674
49537
49791
49497
50743
49688
48910
48467
49582
48181
48213
48948
49355
50757
51300
50250
48754
50823
49957
49218
49718
47992
50255
49436
50419
49400
50720
48131
52157
47986
48296
49959
51482
50538
50536
49714
50502
50902
49915
50171
48392
49857
50413
50362
49790
50419
49760
50328
49556
49338
47718
49933
51125
51642
50379
48666
49870
50356
49789
50127
49913
51031
48515
50272
50684
50542
48684
49674
50586
50859
48238
48928
49973
49374
49004
46995
51350
49435
50163
49641
50653
48360
51540
50352
49262
49459
48068
49818
49937
49020
49112
49935
52033
51081
50163
48466
49214
48079
49267
49466
50153
51064
50379
49086
50550
48516
49657
48049
48604
49921
49425
49707
48900
49190
50104
50132
49030
48813
49373
49867
50926
49874
50173
50095
50943
48044
51070
49789
50846
49603
51365
49687
51499
49615
49816
49679
48858
49729
49490
49963
48161
49815
49704
50502
49891
49724
52854
50581
48966
46292
51289
51057
49932
49399
50375
47969
50592
47832
47710
50342
49965
50193
50505
49168
50985
49086
52532
49041
51121
49971
48696
48674
50713
50670
50576
51196
49037
51140
51220
48769
49344
49541
49036
49503
49817
51241
49936
49248
48810
48428
49814
49757
49403
49008
50625
50757
49701
49683
49633
50151
49209
50134
50785
50408
50379
51379
49681
50451
50342
50453
48225
50413
48180
50504
50419
52034
49822
50696
48600
49354
49463
52651
50165
48820
49092
50550
50798
50722
51756
51452
49259
51380
50567
49295
50581
49640
49567
50102
50717
50182
50086
48541
48643
51092
50961
49698
50249
49102
49667
48900
49737
49900
50657
49698
50994
51651
51265
51027
47757
50836
51066
50485
48662
50061
49504
50230
51109
52331
49930
51106
50832
49286
49949
49512
49187
50011
50023
50482
48741
50568
48604
49457
48762
49708
48972
49679
49318
48860
51249
51169
50889
51122
49945
48775
51236
49435
50223
52007
49510
49925
50043
50588
49246
49730
50016
51176
49850
49858
51834
48771
50080
50350
49306
48895
51317
49522
50404
49445
50000
50533
48454
49049
49844
49784
50164
50038
47891
48528
51164
49686
49871
51663
50010
49690
51125
49199
49464
48721
50562
49011
48740
49334
53638
50139
47265
50818
50414
51138
49146
50944
49217
50573
49267
51522
49454
48879
49745
50716
47749
50441
50136
48912
49778
48984
47807
49017
49723
49105
48582
48880
51753
50698
49457
50168
49231
50360
50210
50967
50153
47959
49714
51631
49191
49779
51938
48087
49699
50817
50052
50348
51545
49194
49603
49928
52613
50128
50272
49484
49946
50407
50575
49103
48321
49691
49539
49430
49059
49036
50273
50866
51703
48346
49726
49609
49308
50279
49324
51848
49583
49327
49487
48782
49057
47572
50272
51804
48701
50769
49268
48166
50946
49068
51194
50716
49341
49073
51661
49190
49996
51757
50133
49603
49600
50315
51041
50571
50442
49491
50594
50835
50400
49978
50615
50338
49774
49299
50565
50379
50673
50900
50808
51000
52228
51691
49434
51422
50683
50760
49582
50761
49110
50371
48348
48756
50772
51143
48601
48715
49168
51513
50158
51058
51740
48935
50112
50194
48982
48344
50238
47682
48504
49844
50808
48751
49739
50899
49954
50055
50204
50519
51105
50093
51235
49623
48686
51585
50803
51300
49614
49503
51215
49295
50606
49492
49056
49491
50026
48376
50980
50496
51318
50534
50315
48919
50534
48299
51004
50653
49308
49906
50583
50131
50203
48343
47568
49994
50322
49833
50460
52056
50533
51340
50834
51441
48616
51131
48647
50421
48516
47414
49804
50847
49949
49850
50326
50141
50822
49469
48555
50583
49329
48976
49569
47943
48116
51483
49967
49152
50426
50766
51095
49023
50733
49577
50540
50541
48517
49616
49037
49693
51746
49874
49423
50543
49042
50083
51035
50971
49745
51668
48674
48518
51896
49363
49374
50537
48527
51149
49789
48693
48733
48788
49520
49692
49632
50729
50205
51489
49649
49295
50633
50134
50636
49930
50366
49604
51388
50809
50118
49976
49258
51300
49870
51134
49971
49071
48381
50223
51279
49957
51818
51607
51360
51977
50172
50909
49867
50306
51149
49805
50448
49747
49131
50547
50764
50540
49774
50823
49713
50293
50443
49935
51724
48751
50110
50311
50953
49049
49047
48408
48436
49224
49015
49913
49993
50181
49155
49344
49350
49526
48782
49517
48307
50108
50765
49653
51711
50808
49331
50434
50635
51130
50335
49991
49132
50685
48448
52645
47829
46957
49434
49469
48600
51649
49509
49291
50275
49388
49458
49929
47586
50221
48557
50270
49325
48365
50206
49513
50222
51097
50198
49873
49431
51147
48599
50860
50946
50984
50956
50022
50702
49834
49920
48537
50816
50131
50752
50888
51282
48526
49253
50270
50231
48312
50471
49688
50716
51182
49458
48834
49684
50817
49823
49657
50874
50617
49765
49782
50468
51390
51310
49648
50655
49446
50635
51932
49300
48991
48531
50618
48005
51053
51624
50842
51051
49883
51451
50279
48981
49398
50003
50286
50326
51050
50801
48799
50114
50815
49375
50594
50923
50073
49167
51280
50346
48061
50509
50563
51806
50969
50066
49819
51381
49411
49229
49805
48095
49380
49036
49629
50540
50298
48722
50566
50020
49882
50964
49551
48407
47918
50118
49038
49040
50679
49338
47906
52969
48830
48684
50094
50872
49533
52222
50893
49427
50242
48010
50053
50812
50048
51111
49769
50206
48173
49284
50411
49461
48830
50673
49780
48251
51211
50686
50674
50623
49820
49666
51578
50771
48192
50421
49051
49655
51395
49334
50403
48389
50166
50156
50846
49316
50294
50229
50201
50861
51456
50437
51534
50494
50571
51433
50765
49890
49629
50389
49729
50114
52161
51584
48017
49638
50329
49406
51076
51466
51596
50336
50736
50058
48901
50934
51386
49466
50159
50502
49095
50988
49252
51111
48787
49698
49426
52031
51599
51653
51737
48674
50034
51071
49395
49244
49075
50179
51017
49533
49015
50348
51050
48630
51432
48916
49968
50449
50422
49902
49200
49151
48959
49790
49021
49032
50066
51638
49992
50908
48467
51832
50652
52135
49793
48368
49466
49869
48496
46811
50437
50543
49115
50945
50570
50641
50099
49374
49363
49546
50340
48702
49808
49828
51665
51229
49940
49504
49574
49511
49952
49840
49964
50575
51292
48819
52270
50571
50218
48975
48483
49801
50433
48724
50837
49914
50026
48872
49524
49411
48148
49349
50111
49854
48604
50348
50205
49800
49949
51394
49684
50027
50224
49773
50337
48887
49099
49030
49205
49632
49335
48819
51402
50078
49551
49574
48779
50334
49857
50622
51187
50031
49945
48616
49994
52099
51205
50876
50172
50373
49973
50182
51095
48867
51139
50152
49943
48386
49517
51353
48733
51575
49665
48808
52861
50073
51008
52068
49527
48964
51042
51115
46628
50460
50499
48294
49899
51589
51172
50676
49662
49793
50210
50478
49124
49681
50863
51583
49357
48917
52203
50099
50260
48260
50241
50339
48665
49119
50183
51040
50530
48513
49873
49774
49889
49443
50638
52492
48101
51579
48321
51021
50032
50447
49519
50090
50832
49755
51994
51702
49116
50548
51184
52660
48836
48675
49622
50018
49250
50684
50632
51129
49959
49314
50315
49417
50325
50071
49492
49826
50582
49949
49731
48181
50060
48637
48860
51551
50537
48995
51382
50476
51396
50785
47449
50880
49184
50665
48805
49269
50921
50307
51888
50435
50788
52245
48634
50834
48847
48747
50376
50621
51022
52481
49099
49286
50532
51339
51299
50253
50623
50219
49590
49349
50310
49696
48597
48803
50451
50244
49885
49062
49517
48334
50102
48777
47653
50171
50566
51069
51894
51025
50768
49873
50497
50761
49543
49189
49461
50836
49587
49809
51609
49119
49280
49031
52001
49934
51342
50459
50931
49496
49095
50721
50215
50607
49649
51008
50124
48435
49664
50006
50812
49345
50141
50890
52066
50040
50923
50263
49671
49797
51853
48393
47913
50857
50162
51939
48084
51071
51091
50770
49853
50850
51679
50534
47769
50298
47840
48932
48642
51114
51076
50541
49545
49771
49389
48863
48722
51923
50516
51506
49464
51440
48885
50412
49742
50817
50939
50399
50934
50508
51247
50423
50425
49155
50389
48849
48882
49970
51504
47770
50124
51061
49109
50631
49606
50872
51076
49383
51603
50722
50670
50527
52362
49398
50073
50802
50140
51960
49298
49557
50525
49862
50664
49299
50832
50568
50495
51227
50303
50560
51534
50662
50217
48299
48151
50551
50381
51031
50320
51389
48512
51209
49189
52066
49676
51538
50227
50610
49600
50753
50391
50076
48911
48396
51571
49429
50324
51758
52239
51559
50943
49761
49896
51439
50212
51030
49853
47753
50752
50483
48513
48459
50770
50274
47994
49671
49897
50444
51241
50881
48024
50289
52658
50214
50419
50414
49697
48177
48954
49918
49722
49146
49864
51024
49573
49762
50040
50346
50537
51004
48340
50398
50927
50328
47861
49294
49545
48941
50529
49518
49714
50360
49705
51478
49771
48587
48589
52085
49376
48959
49265
50898
50274
50592
49315
50631
49169
50349
50918
50875
48957
50264
49886
49702
48767
50304
48856
48774
49909
50290
48868
50336
48895
50463
49547
49683
49861
49630
48842
48358
49543
49335
50391
49301
51602
50226
50202
49861
49921
49083
51162
48445
48608
51218
49288
49227
50373
49989
51234
52110
49178
49575
50160
49841
51762
50463
49136
49010
48786
49908
50663
50878
49508
51084
49370
49789
49887
49489
51523
49726
49717
49751
52043
50257
49610
49977
51102
50936
48707
50661
48181
52257
51601
49741
49697
48683
49364
50257
48189
48987
50367
50484
49753
50469
50668
49331
50847
51122
49879
50772
48788
48166
50761
50795
49197
50745
51703
51093
48531
47790
50138
50931
49556
50905
48535
50937
49610
49334
50298
51027
48255
48811
50039
51027
49828
49935
51078
51385
48488
48228
50491
50048
48997
49504
49562
49073
49077
50050
51095
51350
50587
48927
48488
49265
49699
48864
49243
49603
47706
51217
48940
50977
48739
52291
49813
51388
51049
49342
50698
51709
49101
52168
50998
49845
50036
49912
49968
50588
50321
48627
49335
49578
49387
50214
48472
49700
48903
49998
48703
50246
48745
49743
51378
50338
49663
50162
50368
49711
48828
49072
50470
50332
51202
50877
50253
49956
49469
50517
50374
50292
48576
49765
50484
49293
51708
50862
51008
49020
51339
51098
50664
50392
49510
51002
49293
52081
49462
49471
49449
50014
50773
49471
49018
50578
49406
50716
52770
50931
49576
50690
48588
51259
49958
48550
49776
50551
48902
50206
50098
50282
50148
51110
51225
49464
49296
50620
49705
51074
51409
47935
50628
50904
50117
49692
49997
49572
53480
48986
50395
50813
50939
50177
50700
50987
50903
51697
51214
50076
50481
50034
50706
49342
50178
50292
50382
50320
50039
49296
49491
51469
49950
50938
48720
49877
50308
51053
50437
49940
51523
49413
49984
49139
48089
50723
49460
51071
49161
48992
50522
48947
50661
49701
49193
48079
50444
52351
50267
50976
49305
48220
51723
49979
49408
50061
50992
50402
50237
50622
48045
51958
49146
48917
49671
48701
50392
49343
49578
48767
48930
50251
49649
48931
49812
49576
49431
47913
50339
49571
50365
48741
50465
49687
48141
48904
51161
50909
49393
50003
49916
49102
49900
50134
48167
50176
51119
50056
48847
50305
47965
49253
49414
51616
50095
50705
51126
51061
50353
50792
49243
48027
49572
48803
49470
50844
48961
49693
51034
48918
49949
48580
48368
51289
47106
50726
49401
50683
51303
50316
48513
49987
50597
50007
49943
50714
50879
50175
50380
50519
49918
52333
49438
48660
49666
50519
47537
49800
50730
48796
51116
47421
51434
51531
50084
52089
50341
51394
49278
50091
49199
50958
49782
49693
48552
49082
48703
50339
50266
50591
49209
49697
49606
49194
51053
49028
49659
51725
51099
49215
49355
49633
50201
50658
50798
51257
50547
48520
48277
51551
49178
48535
50982
49784
50258
49505
50644
49020
49698
50287
50873
49599
50214
51235
50370
51606
51096
49377
50845
49018
49909
48450
48952
49681
50836
49978
48826
48307
51540
51242
50657
50373
51034
50787
49374
49523
50252
51075
50803
51102
50612
51962
50220
48877
51637
50147
50752
51441
49923
49410
49718
50345
49596
49027
50151
51565
51465
49563
50282
48692
52045
49496
49622
50075
50383
49349
51673
51168
49263
48917
48464
48582
49098
50724
50031
51364
49750
52050
49386
49142
51253
50253
49365
50162
50738
50152
50225
49759
48425
50683
50999
52145
49871
51379
50527
48563
48562
50671
52032
48284
50053
49229
49386
49730
49602
49342
50557
50151
50277
49682
48726
50841
48098
48489
50681
49490
48911
52410
47618
49657
50650
49933
48777
49608
50372
50335
51443
48854
48997
51901
49226
51109
50915
49238
49000
51892
51669
50190
50954
49784
49346
48358
50762
48186
48640
51713
49569
50557
49555
49777
49646
50528
49846
48541
49700
49359
49899
51370
48856
49647
49790
50344
50508
50585
50204
50220
50689
48854
50695
51496
50603
49486
48231
50792
46913
48695
50465
49897
49337
49428
50637
50726
51514
49973
52166
49893
50408
47412
51739
48685
50111
49923
48729
51583
51060
49437
49968
47936
49550
49034
48963
50827
50656
48703
49645
48374
50293
49544
49902
51692
49337
49667
49803
49035
50310
50320
48739
50416
50472
49087
49737
49715
49990
48633
49121
50220
50407
51149
49188
50611
49910
52101
50109
49294
48994
50824
50871
51485
48801
52098
50909
50176
48970
50088
49636
49435
50160
49331
49008
51051
49335
50062
51584
49552
50165
50353
51423
49458
48675
49758
51124
49770
50392
50115
51314
49339
50275
49184
48943
49211
50534
49639
48566
50509
49678
49701
52546
50145
49221
47834
50975
49725
50657
49912
47883
50361
48366
48609
50506
47892
51356
49202
49852
50619
51533
48722
50755
48610
48775
49616
51216
49849
48905
50857
49614
48644
49242
52644
49232
49184
49013
49621
50068
49725
51079
50385
50134
49451
50066
48558
51055
50759
51104
51458
49096
51107
49705
48795
49427
48514
50912
48595
48099
51369
49153
49221
51924
49385
49472
49989
49753
51266
50797
51016
48656
48636
49003
50249
49009
50262
51026
50666
49259
49679
51562
49062
50067
51424
50058
49179
49882
48013
49182
49989
49327
52138
50870
50137
50616
51309
49122
49731
48477
49149
50521
50749
51151
48785
47431
48879
50795
50530
50178
51065
51804
51483
50514
49304
52698
49902
47764
48769
50668
51841
50117
49845
50144
51210
50193
49724
50546
49919
50415
50051
50237
49769
48903
49633
52099
49571
50042
48306
49626
50618
47687
49238
49348
50222
49328
51247
49933
49958
49533
50541
49947
50967
49952
49164
50580
49163
51849
49694
50430
49591
49378
49392
49202
50159
49260
50276
49441
51807
49586
50239
49817
49537
50843
49022
49426
51093
48172
49050
49578
51894
49594
48777
49456
49989
49573
49004
50300
51247
49548
49192
50068
50817
50976
49551
50001
49793
49721
49674
52100
50887
50226
50282
49392
50410
48244
51250
51329
50232
49009
50760
50550
48262
49800
48764
50836
48955
48507
50069
49580
50630
49377
49750
50152
50724
49802
48695
50019
50893
49953
49734
47835
48963
50662
49336
48292
50351
51838
49235
51013
49765
49297
50297
50266
50764
49500
50606
52229
52053
50649
49462
50684
50596
48792
48587
50979
48504
49646
49736
50176
49972
49542
49834
49963
49419
50669
51264
50954
48500
51449
50368
49854
49996
48896
47500
51107
50311
47753
49881
49630
48620
50569
49805
48956
48979
50258
49136
49520
50141
49806
50684
50145
50591
50127
50528
50814
50394
48220
51823
49774
52374
49994
49035
49885
49008
51321
50392
49671
51245
52161
48806
50313
49993
51448
49574
49882
49276
49234
49006
50274
50170
50604
50097
50447
49416
50064
47627
49125
49641
50931
51917
49658
50282
51053
51749
50016
48893
50644
49841
49359
48382
49488
49881
49476
50858
50897
50093
49523
50003
52076
51271
49433
49160
49277
49091
50296
49782
50550
49434
50330
50111
50939
51253
49821
49221
51011
51274
51770
50463
50403
49020
50040
52204
50850
48528
48637
50694
50100
48734
50578
49748
50300
50949
51380
48769
48535
49500
49633
49941
49205
49696
52110
49702
49275
47929
49153
49835
50247
50030
49310
50557
49347
50527
49962
50469
51105
49913
52983
50848
47844
49865
49348
48410
51250
49486
49565
50354
49428
49137
50608
49655
49167
48712
49387
49785
50523
50476
49139
50696
49655
51928
49797
48716
51228
50848
48214
51659
49565
48915
49583
50361
49916
49986
49259
51657
49118
49768
49123
48604
50570
52217
48425
50487
51118
49602
48127
49481
49278
50196
49526
50113
51688
49560
48724
49972
50796
50633
50345
49312
49298
49489
51485
51310
50943
48295
50517
49155
50522
49661
49527
49686
48511
50258
52299
51343
49382
49227
49493
49324
48469
50785
48655
50043
50618
49821
50477
48518
51492
50063
50342
49168
49781
51414
50247
49980
49933
50160
49206
50148
50257
49803
50175
50211
49520
49872
51906
50164
49941
50125
51831
47364
51252
48937
48517
48543
49722
50328
50821
50078
49429
49247
49869
50172
49615
48863
49526
49699
49477
49668
50079
50574
49936
49489
49886
51121
50305
50533
49054
49652
50403
50380
49777
50722
49195
48633
49666
49050
49606
49207
48557
49364
48916
50691
50005
49425
50603
52131
50203
49616
51008
49204
50833
51351
49749
49009
50416
49458
50598
49644
49444
50453
49331
50950
50560
49935
51861
50863
50130
49895
51038
48991
49686
50549
51505
49440
49219
51752
49961
48755
48492
48866
51524
52522
50922
49559
49360
49199
49059
50055
50153
49994
50072
48308
50373
49361
50408
50852
47984
50007
49500
48751
49747
50124
48632
50601
49772
51034
49903
51011
51157
49892
51470
49650
47652
49814
48840
49212
50039
49344
50160
49258
52747
49915
50841
49721
51311
49743
49547
49945
51160
49872
48614
49293
51583
48849
51418
47864
52385
51525
48748
48513
50598
50285
50125
50667
49416
49287
50158
47688
51927
49320
51068
50545
49510
49588
48100
50573
49501
48882
50696
51025
51290
47894
50180
49539
49561
49850
49102
49764
50983
48864
49931
51544
51319
51755
48589
50202
50208
49206
49269
50772
48827
48835
50158
50831
50524
48584
50992
52268
50322
49508
50078
50980
50557
48167
50159
49497
51289
51517
48982
50523
51176
49923
49374
48901
51478
49634
50766
49176
50751
49880
49219
49450
49773
49386
48988
49318
50761
50586
50443
49761
50777
52438
50514
49884
49002
49746
49763
48479
48580
49010
50455
52964
49558
49915
51573
47620
50406
50212
49635
50462
48959
50233
49168
51192
48792
51108
50266
50161
50833
49210
48615
50069
49575
50800
50717
50082
51755
50304
50167
48336
51687
48938
50077
50396
49492
49834
51705
48785
51417
48564
51520
49955
51652
49510
50706
48772
50536
50396
50983
48872
49943
50012
49886
49624
49838
48799
49349
51291
50853
51777
51499
49479
50747
52367
52438
50152
49188
49804
50478
49769
50211
51033
50238
51850
47922
49313
50574
51186
51755
51206
50288
50021
50400
49907
48881
51069
50414
50556
47444
49564
48637
50721
50447
49750
49770
48417
50853
51113
49249
49169
48782
49866
50707
48228
49981
49703
50421
49218
50901
50131
51098
48721
49531
48044
49952
50202
49404
50327
49636
52622
49648
50440
49853
50521
50669
50965
49671
50260
51376
51281
47363
50362
50517
49491
48986
50620
50311
50479
48784
52154
51526
50696
50380
48985
48040
50370
51471
49301
50557
47746
50826
51996
50929
49256
50671
52082
50746
48696
50383
48388
50095
48702
51495
49495
49860
50392
50473
51332
48404
49670
49231
49447
49632
50569
49205
49290
49456
49941
49628
50309
49797
50722
50272
51014
49572
50719
50040
49842
49113
49970
48594
51352
48131
49427
49978
52227
49993
48846
48354
48415
50074
48379
50106
50034
49016
50632
51580
49894
50625
49212
49649
49268
50272
50739
48732
51960
50699
47946
49861
48755
48958
51201
50062
50973
51286
49678
52173
49633
47908
51569
50610
49231
48954
50421
50051
49026
48602
48971
50281
48916
49834
50253
50548
51108
48574
49186
49372
50019
51737
50996
48996
48901
51661
51274
51310
49234
50932
48952
49738
48961
50777
49498
50175
49755
50220
50871
50065
50109
49512
49123
49666
48101
50411
47812
51088
50771
50585
48066
50322
48544
51125
48250
48196
49804
49888
49365
47961
50505
48546
50909
47910
49591
50160
49129
48736
50622
49684
50791
51137
48725
51202
49918
48142
50337
52675
50162
50991
49267
51080
49357
50067
49744
50171
51959
49983
50109
52035
49632
50744
50775
51532
48975
50117
51108
49289
47726
51503
50282
51716
52322
50791
48875
48503
50355
49450
49340
51403
50811
50988
51585
50742
49716
49635
51474
48295
50509
49434
50072
51259
48682
49803
50571
49863
48430
48893
51193
51088
51178
49837
50791
50265
50538
49234
50701
49590
51178
49812
50639
51395
50215
49530
50083
50784
49990
49643
50679
49936
49403
48042
51252
50026
49222
50184
48686
51584
49861
50646
49764
49380
48857
51029
49317
49477
51912
50233
48543
49908
50292
49629
50007
49817
49779
50193
50856
50414
50772
50689
49408
47793
50420
50502
50404
51164
50296
50191
51397
48931
51012
50511
50534
51084
49215
49678
50292
47888
50612
48317
50437
49968
50164
48692
49889
50897
50115
50753
50702
49784
49248
49977
48592
48550
49257
49945
50575
50032
49461
51464
50635
51642
51569
50504
49955
51649
49080
50491
49068
49392
49699
50461
50237
51763
49828
49500
52088
50543
51524
50771
49630
50062
51156
50230
50342
48746
50137
47652
48862
50415
49354
47628
49044
51020
47400
51562
49633
50081
50051
48516
49916
50232
49412
50588
50696
53059
49528
50585
52091
49988
49802
50307
50677
50180
50447
48893
50239
48617
49665
47469
49842
50990
49309
50282
49114
49676
48269
51433
51342
48787
48558
51235
51192
50231
50033
50940
50761
50461
49276
50197
49565
51682
49609
49810
46910
50554
49817
51141
51679
50337
49343
49394
50215
50282
48955
49374
50260
50143
48219
50456
49640
48965
49233
50370
50109
50301
50989
48973
51315
49749
48939
49625
50694
51307
49240
49525
49993
49118
49620
50824
50930
50453
49735
49458
48208
48609
48901
50954
51533
51019
50630
51392
48739
49085
51792
48849
50928
51240
48894
49907
49441
50907
50276
50118
49748
50584
50468
51422
49867
50132
50179
51012
51409
50623
50569
49408
49841
50155
50201
50713
48896
49248
48105
49559
51902
50835
50843
50838
50687
49491
50513
49086
47908
50426
49282
52150
50190
51389
49070
52408
48656
50603
52307
49195
47273
49289
50820
49652
49516
50696
51038
51665
49077
48208
49188
48767
52257
49377
50769
49000
48249
50283
50487
50088
50067
49677
49698
49335
50604
51973
49251
48405
50671
48725
49375
50517
51647
49431
50075
49656
49234
50437
50055
49870
51395
50127
50276
48802
50410
49851
49818
48828
49597
50361
50982
48686
48189
50750
52628
49996
50242
50428
48843
49332
49646
48045
50841
50789
51498
49490
49419
50541
50449
50386
48127
50680
50758
51429
50633
51098
50313
50531
50050
49760
51356
49661
50472
50662
50449
49054
48381
49171
49236
50790
49179
49093
51635
49130
50564
50534
48175
51071
49037
48215
49282
49179
50629
48775
50405
50617
48834
48511
49435
51281
49991
50512
51292
50521
49297
48902
49204
50574
48502
48828
50357
49197
49399
50108
48968
49645
48381
50464
49784
51086
49398
49325
50682
50314
50175
50464
50573
47693
50562
49924
48574
48220
50412
51082
49589
49944
50477
52119
51193
50869
48643
50550
49187
50431
50784
48992
49945
50770
48250
50464
50700
48435
50080
50957
49753
51282
50603
51011
51138
50216
50966
50921
49790
49306
49974
49837
48866
49726
49969
51122
51471
51350
51579
49657
49440
49986
51831
50567
52064
50800
50448
49264
49541
49959
49354
50767
50140
48921
51258
51262
48100
48348
48975
51924
49203
50692
50707
49182
49270
49670
49763
51101
50157
49843
51183
50550
48996
48181
49041
50124
50688
50254
46846
49521
50049
49920
49120
49966
49910
49429
49771
51374
49597
47524
47833
50641
50949
50023
50346
49256
51080
50106
50570
49652
51211
51787
49989
49133
49823
51034
50954
49887
51391
49410
51060
49590
50171
50375
49428
50628
49830
50166
51089
49498
49064
48903
50849
51102
51803
50259
50966
48632
49591
48621
51045
48752
48990
50828
51050
49447
49847
49662
50710
48860
50557
51543
51602
50852
50170
50428
50422
49577
48980
48663
49663
50125
50710
48792
48688
48569
48933
51958
50178
50993
50406
50078
48722
51217
49933
50489
50470
50360
51229
50287
48611
50085
52270
49081
47775
50956
49561
50557
50667
50829
49991
50163
50521
49971
50315
49987
48860
49754
50532
51125
49341
51044
50732
49298
48192
49825
52073
50004
50117
50825
50075
50028
49830
48982
50488
49229
48254
50479
52399
49600
49217
49049
50325
49611
48938
50574
50150
51912
48998
48535
48660
48667
48364
49488
49379
50141
50113
49849
50187
51562
48481
51064
51880
51262
48734
52131
50230
51527
50130
50626
49856
51727
49963
48968
50604
49670
50205
49568
49096
48336
49730
49058
50483
50642
50656
49243
51091
51653
49203
50421
50591
50176
50802
51364
49542
48564
50180
48174
50677
50426
50268
51555
49714
50677
50803
49703
51614
51652
50178
47795
49553
49347
48550
50744
48063
48774
50999
49671
50623
50631
50437
49627
49240
49198
52217
49236
50401
50565
49166
49527
48433
50118
51003
49415
50634
51378
52515
50708
48632
48538
49072
48671
51192
51469
48904
48990
49722
49300
49929
48923
49002
48685
50274
50175
49503
50057
50507
51287
49768
51458
50082
50478
49710
49712
49643
51248
47891
49682
49612
49135
50022
49287
50783
51677
48977
50341
50625
51085
51459
49408
49992
49922
50441
49741
48692
50445
50991
50180
49430
48505
51491
50224
50364
51362
49469
48774
48830
50252
48002
49684
48810
49968
51229
50738
50556
48586
49303
48895
49191
50384
48396
51058
49077
48758
47525
51826
50096
50362
49043
50853
49527
51091
50677
50136
50838
49410
47818
47852
49663
50781
49752
50881
49347
49951
50118
49899
49315
50620
49695
51214
51228
49213
48395
49315
50601
48696
48687
48663
49712
50822
50845
51232
49826
49251
49284
50075
49865
49000
48878
50104
50399
49922
50174
50069
50745
47879
49526
51457
48597
49709
49113
49719
49429
49983
48625
49761
50119
48998
48528
51448
48674
50499
48820
50371
49455
50124
50649
49162
49409
47520
50603
50585
50686
48795
50711
50628
48476
47638
50032
48384
52523
49986
50631
48193
49785
51119
48464
50200
50253
47772
49865
49705
49445
49728
50583
50101
49278
50716
50434
48948
50118
51628
49307
50943
50839
49108
49028
51153
51002
49529
50987
50502
50088
50485
49820
51144
51016
51288
48465
52687
48545
49819
49015
50279
51273
49825
50296
48961
47806
48889
49104
50109
50532
49449
48025
49790
50216
48105
50371
50277
50294
49551
50064
50381
49184
49267
50560
49558
49094
50269
52917
50023
49875
49917
50934
50390
50920
48969
50648
48607
52979
47591
48579
50425
49384
50087
49512
50265
51230
51775
50496
48637
49389
50941
49888
49567
49865
50180
49823
48813
50900
48508
47874
51410
47731
49989
50112
50670
51567
52093
51127
49656
50341
50997
50968
52403
50938
50847
51797
51244
50544
50014
49536
49839
48203
49397
50028
49983
49204
50578
48207
48895
49301
49858
49064
48769
50658
50364
49260
48656
51494
49882
50274
49634
50538
50290
49129
50513
49354
51617
49945
49445
49293
49159
51874
52258
50856
48398
49854
48067
50471
51861
48119
50543
48249
49897
49490
50505
50254
49637
51885
49454
51502
50473
48324
51221
51840
49616
51690
48237
48775
48710
49942
49774
49407
48915
49677
49516
50644
49334
49655
50726
49356
51251
48118
50108
51247
49776
50784
50075
50980
50767
48561
49601
48388
52558
49223
49537
50773
50311
49610
49476
49455
49429
50207
49929
51100
50642
50706
50367
48552
48697
49842
50822
50481
51004
49440
50007
51220
50330
49092
48810
48346
50044
51253
48575
49130
51597
49710
50773
50498
50184
49560
49753
49960
50167
51139
49159
49872
50216
48361
49674
50113
50077
49572
49796
50206
49357
51884
50590
50929
51093
50861
49170
50622
50289
52603
49468
51069
49925
50043
49708
50636
49510
50051
50591
47536
51389
49008
49552
50574
49782
52470
50039
51110
48913
50385
48926
50338
50132
49494
48615
49572
50844
50353
50024
49415
47992
50725
50269
50400
50935
49561
49474
50704
47988
50923
49835
48726
50589
50827
50130
51926
49837
51976
50565
48100
48475
49622
49450
50333
51162
49396
48027
48030
52620
49983
50950
48653
50394
50729
49770
50642
49575
50149
48486
49748
49896
49493
50551
49455
51049
50804
48405
50757
49388
50008
50730
50122
48491
50768
48676
49679
48190
49304
48942
48313
48638
50197
50393
50917
50693
50020
50754
50347
49525
49678
50728
48275
48400
51162
50304
51431
51159
49980
50557
48345
50687
49862
50052
50030
51215
49689
49826
50035
49774
49133
50093
50139
49070
50177
50770
49166
49953
48661
50245
49874
51894
49135
50569
49963
50389
49455
49229
51248
49026
50221
49001
50713
51488
49028
48750
48335
50725
49571
49349
50184
50526
50615
50860
49500
48972
49515
49976
49801
49574
50219
49109
51263
52222
50210
49687
52119
50565
50350
50559
50929
47495
49538
48840
51481
50356
47719
52422
50818
47652
49972
48717
49709
49927
50252
51789
49581
49323
48647
48849
50608
49814
47742
49326
53230
50603
49992
48775
50951
49747
50197
50483
50261
49158
49149
49938
50019
50623
49091
49389
50515
48635
50992
50435
51470
50274
50009
49150
48850
49455
50131
51267
51237
50169
50693
49457
50839
49463
50941
50863
49688
51096
48884
51979
49331
50934
50102
50449
49381
51105
48569
50875
48821
51067
50765
49345
49903
49774
49952
51720
48595
50147
51375
49542
51182
51530
49236
48410
49755
51865
49600
49708
49837
50759
51331
48186
49321
49581
50277
50059
50575
49022
48538
50547
49976
49988
48927
47964
51168
49426
48832
51190
50543
48183
48904
48917
51579
50830
48771
50463
50304
49365
49376
49369
49956
51433
49346
49824
50211
49840
49779
51838
47679
50137
49520
50492
48785
50204
49551
49418
49326
47307
50000
50552
51236
50661
50695
50748
50860
49987
50136
47914
48714
50513
48918
49341
49369
51160
49034
48906
49477
48479
50452
51329
51361
49521
51301
48838
50162
50662
50314
48712
49988
50426
50560
50313
49033
50808
50853
49111
50097
49755
49920
48162
48842
51082
50289
49131
50631
49424
49819
49676
50069
50199
50219
49860
51908
49666
50240
50981
49632
50022
50831
49575
48809
49312
49607
51280
49946
51494
49807
49421
49560
51309
49121
47945
50646
50843
48834
48572
49157
51807
51484
49654
50247
50660
52077
51226
49453
48260
50608
50469
48580
49632
48199
50420
50946
49213
50194
50260
49337
51349
52328
48838
51772
50754
49020
51118
48151
49978
49102
49381
51116
49471
49861
49780
49818
49965
49563
50601
49702
49958
49897
50688
49209
50855
49999
50308
49907
48808
48452
49113
50825
49228
50831
51539
49327
49370
49906
50048
50310
50580
50447
49492
49814
51661
49101
49757
48507
48366
50782
49396
49557
50330
50252
50965
50384
49676
49090
49446
49242
51626
48929
49283
50053
50946
49787
49591
49320
51153
48998
51364
51005
49670
53011
49197
50976
48538
47788
49929
49953
48208
49767
49328
47907
49995
48720
50827
50908
49741
49295
50169
48571
48856
50132
49212
50808
51727
49147
51334
48602
49741
49794
50396
48474
50646
50779
49974
50036
49900
49082
51101
50218
49064
49051
49640
49028
51194
47384
50508
51653
50097
49227
50612
50535
49701
50776
48091
48647
50725
50178
51217
50085
49245
50340
51118
50120
50457
49385
51349
50116
49355
50727
51059
49801
49061
50418
48882
48955
49160
50288
50270
50433
49726
48736
50588
50392
48499
48933
49652
50413
49766
48966
48440
50669
49016
49062
50537
51218
49048
48653
50168
49643
49358
51225
51210
50323
50856
51189
50829
50501
50914
49365
48107
49893
48622
50653
49093
50567
49097
51315
51757
49668
50369
50680
51252
51063
48796
48256
49951
49288
49733
51141
49891
49920
51289
51385
49462
49897
49008
49861
50278
50076
49353
49958
47939
49709
51259
50556
49750
50169
51774
49228
50315
50470
50006
48865
51304
49685
48277
51837
48668
48474
49767
50563
49305
50842
49527
50175
48234
50526
50857
48732
50461
49005
49781
50904
51243
51661
49298
50565
50759
50605
48133
50413
50213
49951
51254
50339
51040
48426
51613
49542
49872
49353
49733
50663
51226
48872
51194
50464
51156
48849
49856
50826
50644
50449
51057
50642
49562
49207
48781
49788
48974
49858
49947
50362
49544
48955
48724
51322
48549
49434
49182
48774
50235
51406
50309
49492
51534
50733
50304
50346
50927
49092
48841
50021
49864
49999
48355
49224
49077
48797
49980
49632
50786
51847
50907
51645
49908
50145
50483
48489
51506
51471
50688
50567
49170
50974
48710
51089
48782
49913
50562
49796
49807
50686
51707
49444
50349
48599
48315
50526
49527
48912
47637
52094
50964
50293
50249
49305
49419
50329
51701
49000
51196
50274
50167
50702
48878
48928
51129
50127
49227
52413
50074
48245
49655
51754
48432
50187
50845
49202
50374
50919
48057
48870
50484
51776
51269
50035
51846
49487
51156
49847
50319
50432
50267
49652
48843
49848
51364
51553
51028
50717
49564
51165
50261
48417
49261
49711
49449
49518
49653
49561
48600
49326
50614
49704
50407
51085
50760
51362
50529
49885
49743
49268
50634
49528
49968
48381
49300
51640
49469
49946
50685
49763
49079
50364
49440
49281
50250
48939
52070
50270
50120
51736
50548
48887
50980
50239
50984
50496
49674
50847
50864
50142
50030
49761
50520
51210
52558
51833
49804
49236
50466
49659
49647
49929
50137
48873
51527
51465
48160
48969
50498
49455
50560
49672
48810
48788
49962
51509
50617
49426
50977
49419
51686
49230
48012
50748
51392
48596
48834
51563
49471
50711
49504
50082
50999
47943
50969
49761
49846
50278
49354
50126
49602
49655
50085
48630
49586
49226
49030
49502
50378
47961
49568
48761
48814
51134
48267
51433
49679
50423
49077
51292
50639
52264
49292
49422
49570
51265
51172
48439
50648
48831
50197
50461
48929
50661
47285
49999
51500
49250
49694
49690
49332
49691
48723
50341
49673
48911
50035
49309
50658
48661
50526
50083
50451
50724
49472
51316
49607
50725
51377
51334
50574
49119
48945
51979
50536
48437
50725
50179
48670
50675
48799
49302
51639
50579
51877
48808
49454
51025
48628
48399
49728
47495
49984
50531
48947
48335
49479
48814
50256
49470
49628
50409
51768
49891
50494
49857
48724
49857
50290
48780
48385
47731
50832
50056
48929
50541
48046
47714
51198
49458
50671
50079
47780
49613
48633
48475
49604
48880
50395
51656
48901
48147
48986
50000
50685
49331
48475
49809
50301
52135
49357
52957
48290
49013
50838
50131
48756
49678
49353
49480
49512
49818
50082
48492
52155
49742
50460
49847
50576
49860
49435
48281
49896
49128
49427
49615
49452
50245
49671
49744
50246
51066
50789
49359
48775
49902
49956
49784
52692
50656
50111
50904
48458
50080
49498
48969
48872
49078
51196
49172
51080
50711
50426
49883
49781
50620
49770
48437
49882
50225
49661
51398
49193
48910
50592
49568
49607
51262
49800
48148
50715
50532
49672
50097
51550
49281
49892
48536
48580
50826
49122
49226
49656
52316
49365
49315
48745
51700
50163
50264
50403
49304
50647
52037
51192
49471
50167
47830
49619
50812
48162
49257
50085
48245
49889
50753
49941
48958
50349
50600
49362
50754
50264
51758
48917
49289
50631
49822
49309
49520
49183
49692
49813
48187
50420
50333
47386
49766
50872
51305
49376
49938
49850
50444
49481
51039
50232
48952
49024
48542
50846
51339
49670
49744
49552
49719
49361
49051
48478
51377
50100
51050
50649
52498
48285
49834
50515
49520
50017
47774
49789
50055
48717
48925
48447
49116
52401
49458
50734
49518
50209
50255
50016
49286
49159
49159
50672
48876
50753
49254
50795
51166
50011
49436
51084
49899
50041
49597
49282
49653
48622
48345
49355
47993
50288
50635
48891
47715
50789
50184
50120
50341
49026
49100
49309
49249
50332
50026
51264
48838
50794
49720
51017
50204
48392
50320
53141
48925
49828
48355
49162
51156
48580
48896
49257
50547
51795
50261
50952
49657
49266
49467
48998
49167
51486
49243
49278
49609
50396
48256
50293
49343
49255
49846
49755
50838
48613
50753
50565
52007
51373
49386
49432
51521
50066
51245
50483
48977
48977
50646
50365
48632
50700
48618
49685
47506
48998
49740
51542
49842
49342
51019
47891
49662
47312
49510
50078
50441
51190
50248
50317
51023
51239
48670
50958
49843
49524
50357
50390
49971
49045
51268
49734
50669
51203
48716
50459
48418
48876
49110
51599
50565
49335
50577
50880
51299
49931
48992
49587
50066
51296
50516
51219
50211
50969
49398
49322
49853
48754
50612
50763
50402
48592
48293
51164
50024
51790
48638
49828
49631
50975
50661
47815
50846
48383
49352
47310
49885
49091
48797
50931
48092
49700
48477
49047
49503
49281
49965
49498
48358
49822
48619
49491
51809
49134
48946
49932
50107
48776
50843
50136
52306
49995
50147
49755
50651
50258
50753
50821
51440
48945
51896
50098
50911
49796
50225
49019
47816
51632
49733
49989
49844
50280
50505
49632
50065
49091
51562
49621
50156
49620
50881
51614
50621
50368
51511
49931
50267
48895
50785
50093
48582
49047
50124
50662
50329
49578
49892
49917
50038
49107
48631
49885
49074
48937
47735
50615
50557
49285
48899
47819
49954
49108
50758
51002
49765
48711
50725
49146
50474
52059
49261
50087
52222
50199
51112
50922
50421
47894
49749
49724
49978
51165
49591
51142
50961
50159
50907
50331
50857
50786
49921
47956
49109
48632
50781
48019
51145
52310
50505
51932
48678
48827
51107
49709
49439
47981
49749
50517
49407
49878
51142
49653
50756
50039
49786
49803
50405
50057
51652
51017
50105
49983
49784
48705
49991
50405
52059
50314
49659
48412
50502
49686
49862
51559
48343
48660
49398
51994
50066
50464
49896
50958
49378
50096
51060
49520
49484
48316
49810
51355
48726
50838
50254
50467
49907
49922
49930
49354
50911
51625
50648
50055
48908
49864
50080
49977
52410
49661
50219
47643
50487
49088
49940
48898
50110
49778
49435
49958
47946
50778
51796
48641
50577
49578
50975
49321
49758
49299
48068
51030
50359
51056
48724
49713
50799
49486
50084
48606
50560
50555
49387
50982
49890
49895
49295
49464
50212
48836
49009
51599
50276
50103
49233
48068
50460
50389
49828
49460
49657
50675
50410
49626
49622
49913
49954
50808
48106
50461
48453
49586
49556
49040
52187
51565
50465
49633
50390
50645
49180
49983
50060
49733
48598
50374
51433
48871
50466
50633
51210
50640
51123
47726
49083
48616
49320
49687
51745
50246
50332
50142
51120
49683
50706
49930
50051
48241
49024
51001
50113
50014
51846
49603
50671
49894
49214
48943
49452
49501
48704
51103
49375
49584
47551
48450
49102
50251
49562
49388
49573
52294
51061
49815
49636
49249
50262
48672
50003
49305
50105
50108
49766
51929
49299
49546
50828
50668
50405
49392
50604
49875
49002
48986
50246
48527
50104
49403
49223
49682
48483
49292
50368
48816
51070
49380
48622
49889
48221
50657
49927
50516
48491
51480
50199
50251
50217
50288
50911
50235
52240
49552
51308
50624
49435
48611
49172
50895
48985
50558
52116
52020
49446
48980
49951
48487
49897
50321
48526
49081
51948
49384
50451
49179
51743
50203
49114
51930
50752
47983
50237
48673
51129
50855
50554
49659
49382
50139
48590
50182
50027
50210
50797
50841
50329
49849
50317
49882
48923
50521
49488
49376
52055
49295
51030
50410
48397
50116
49580
49616
49654
49542
47622
51462
50044
50084
50403
51237
50765
52392
49557
51037
49295
49123
50128
48031
51215
49678
50310
50559
50503
50575
50383
49387
50081
48691
48416
50893
51633
49731
50317
51567
49710
50744
51303
51465
50427
50015
51007
49286
52238
51003
50543
51520
50655
50240
51549
51858
51227
50293
50341
49864
50297
49706
50326
52072
51468
49101
51869
50034
51070
49309
49635
51283
49352
49719
49878
48960
50068
49381
50750
52477
50413
50150
50049
50780
52180
50736
51613
51253
50368
50144
49168
48039
49019
49591
49723
49994
50394
51444
49111
50822
50478
50964
49608
48797
48771
48349
50978
49820
48369
48901
51259
49439
48170
49905
49743
51584
49916
50819
49760
50536
49198
50179
51076
48341
49250
50686
50135
47695
49664
49627
49235
49438
48043
50221
49535
48809
50419
50102
50898
49966
48926
48649
48533
49343
49313
49431
50111
49861
48398
50256
49222
49183
51559
50697
50483
49919
51526
50603
50033
49048
50343
48517
51319
49814
51503
50709
49476
48840
50237
49543
48464
50674
50612
48962
49587
51215
49730
50313
51041
49661
49018
48373
49869
49757
50114
50773
50690
48766
50562
50957
49830
50631
48737
49571
50844
48859
51489
49828
50493
49340
50054
50590
50222
50291
50165
49474
50433
47372
48852
50344
48707
49907
50661
49648
49485
50923
48831
49159
49669
48567
48329
50243
49280
50925
50583
49599
49696
50151
49774
50684
49789
50144
50036
50657
49595
49922
51559
51062
49743
49024
50630
48779
48082
50761
49849
51594
48050
50835
48779
50675
48882
49557
49170
49582
50001
49152
50024
52706
49071
49204
49557
48842
49561
50094
49230
51959
50720
50732
50902
49928
50944
51389
49860
48766
51422
49451
50333
49380
47001
49892
47067
50481
50637
49908
49628
49788
49526
48828
49617
50085
50256
47453
51149
49074
49649
52406
46947
51569
49700
50212
51016
49988
49824
50317
49707
48397
49614
48081
51730
47859
49198
48556
49849
51092
49774
50925
49965
48583
49927
50338
49147
49627
51938
47698
50527
49878
50218
50236
50293
50762
49962
50536
48497
49638
51610
49553
50125
50556
49303
49022
51668
48572
50130
47778
49973
51541
49818
50976
50466
49337
50259
50614
48942
49005
51761
50840
51397
51242
49378
48591
49498
48369
49410
49263
50363
51266
49236
49259
50781
48971
52098
51064
50679
50382
48884
49482
50594
50695
49145
50434
48380
50649
48730
49444
49890
50650
50442
49194
49686
51887
50000
51170
49699
50792
49731
49689
51313
50770
50442
50171
50279
49339
50178
50566
50180
48932
49397
49966
46981
49060
49651
51589
49009
51079
49740
48484
49439
48957
51039
48905
49205
50976
50332
49379
49695
48775
50827
51547
49362
49413
49393
50812
49517
48328
48703
47919
51726
50801
49227
49453
49659
49447
50040
49126
49685
48306
49639
50156
49188
49134
49792
50862
51292
48782
50197
48816
50043
50105
49649
50487
49603
48580
50375
50231
49152
50845
50791
51357
50668
51719
50408
50725
49984
50066
51174
51058
50310
50729
48504
49380
50687
50032
50091
49804
50586
48930
50048
49102
50654
50625
50085
49514
51274
48811
48466
50497
49651
49442
50867
49469
48688
50327
51029
49307
50304
50635
52044
51500
49149
51178
49624
51601
48338
47179
50764
49405
48701
50370
49740
50369
49457
51432
50419
50601
49709
48843
51764
49696
51007
50329
48208
49616
51352
50724
49361
51099
51146
48917
51263
50003
49400
49574
49288
49620
49968
52590
51719
49788
50315
51633
48884
50376
49658
50873
50411
48881
50144
49968
49719
49667
50281
49456
48849
51612
50236
48561
51408
50826
51017
51458
49659
49077
50393
49318
51239
49337
50035
50202
49472
50615
51781
47493
50244
50189
48878
49503
49809
49108
50697
48983
50395
49493
50220
50410
51029
48452
51023
48912
49395
47788
49722
49135
49430
50423
51305
49479
51407
48739
49502
48046
50919
50786
50170
49909
50087
50067
50849
50034
50697
51855
48475
49200
48552
51281
50932
51787
50365
50496
51419
50305
48588
50190
50646
48545
49499
50765
47838
51031
49820
48487
50444
49483
49970
49733
50710
47563
50004
49655
49357
49325
48636
50498
50285
49832
51518
49146
50010
51801
49717
50560
50959
51988
49626
49248
49426
50216
50156
50835
49700
49524
51754
50897
48052
50579
49581
49184
49224
51041
51542
49154
49758
50895
50516
49256
48946
49432
50031
52195
50593
49518
50757
51036
49513
50950
51104
49203
51286
50271
48821
49607
50862
49960
50515
50631
50295
49749
48900
50642
49898
49168
49879
48478
51137
49683
50093
49689
49298
49131
50065
48630
49596
49886
50247
50673
48836
50417
50553
49662
50148
49966
50430
52370
49006
48800
49843
49850
48912
51127
50421
51137
48483
50470
50377
50963
48773
50334
48169
49567
49549
50627
49492
48765
50750
48189
48646
50986
51121
49180
48796
48849
48695
49968
49138
50439
51861
50103
50427
49788
50604
48464
49530
49838
48804
50514
48239
49864
48904
48790
50529
49723
50267
51059
48993
50862
50394
50317
48599
48099
49304
50783
49761
50524
48729
52180
49342
49681
50584
49964
51568
47822
48523
50511
48711
48413
50978
48471
49366
48369
50974
48507
48269
50313
49107
49132
49822
49034
50270
49491
48875
51726
50816
49973
48205
51751
52965
50296
49809
47770
49879
49817
49169
50249
48635
48995
49242
49696
47821
49721
49957
50526
50728
50660
47950
50342
50717
50124
50475
51675
50751
51228
50674
51421
49134
51275
49409
49785
48999
50600
49307
50881
48694
50106
48662
49962
50625
50207
50096
50201
49076
51657
49871
49891
49533
49053
52366
50659
50007
49859
49668
49916
48446
49719
51189
49715
49020
49963
50712
46898
50548
51239
50297
50070
50774
50215
49313
48782
47755
50131
49014
48024
49687
50576
49413
51194
50572
50600
51576
51344
48739
50492
50290
49387
49844
51471
48075
49031
51390
50199
50458
49901
49922
51530
49839
52186
50622
52128
49954
49415
49394
50956
51426
50850
50561
49391
50166
49503
50289
48339
49213
49841
49657
51079
52373
50786
49547
50217
50102
49480
51113
52536
49064
50048
49732
51980
49009
50966
49205
48617
47950
49724
50709
48497
49850
49329
49143
50013
50615
49338
48505
50185
49068
50877
51324
49275
49866
52379
48750
49889
48853
50958
49816
49289
52231
49598
50174
49380
49976
49541
51501
49869
48758
50059
51027
49654
49960
51103
50864
50769
50395
49901
50548
50702
49346
49993
50733
50027
50208
50108
49518
50136
48911
51360
50546
50655
51068
50959
49471
50488
48077
49501
47877
49404
48502
51080
50857
50485
51273
49776
50206
49882
51008
49968
50400
48694
48063
49641
49886
49077
50013
50907
50033
50107
50026
49983
47985
51899
49121
50639
49884
51001
51967
50258
49006
50897
49040
50752
49025
49314
48905
49961
49681
48950
49442
48819
49469
50690
49654
50654
50656
51563
49366
49242
50048
49332
49563
49846
51120
50418
50039
47863
49685
49804
48670
52148
50228
49679
50418
50604
48788
50322
48378
47143
51818
49665
50339
49900
49960
49297
49996
48682
48972
50759
49504
49748
51315
50177
49493
49395
50998
50505
49277
50074
49200
51316
49369
48428
52694
48343
49525
48819
51735
49819
50283
49981
51655
50656
50266
49561
48620
49621
49208
49194
49381
49613
49761
49805
50908
51013
49665
51175
48622
49906
49253
49683
51029
49907
48362
50332
50554
49980
50958
50623
50109
50950
50167
50148
48310
50921
50740
50321
49074
51237
51814
51386
49554
50276
47808
50749
49775
48175
50952
52042
49262
50345
48469
50120
49246
50423
50341
49676
49118
50089
49736
48750
50063
50417
48349
47692
49282
50695
50220
49857
49783
49108
51561
49928
51034
49227
48372
49953
51569
49280
49625
48680
49088
50635
50236
48464
50962
50407
47998
49868
48892
52366
49991
48736
51053
48977
50003
49950
50659
50654
49122
50995
49522
49205
50803
50149
50870
50898
49595
49935
50054
49356
51372
50872
50105
50076
50604
50691
49379
51997
51035
49319
50267
51095
50132
49988
50912
50098
49958
48306
48812
50669
50052
49795
50443
50765
50207
51342
52043
49311
49510
50204
50037
49395
49117
49394
52112
48674
50462
49890
51534
50392
50691
47966
50860
49120
49771
50296
49742
48620
49511
49174
50007
50076
51175
49600
49555
50634
48860
49923
50269
50772
49920
50079
49581
50061
50812
49995
48121
50566
50524
50418
48113
49755
48822
49447
48060
50989
48572
50224
49260
51177
49684
51349
50253
50371
50249
48418
50328
50698
50851
48938
49828
49653
48935
50037
51705
49218
49779
49537
48151
51337
49820
50117
49853
50985
49561
50537
47820
50195
50480
49697
52177
51085
51935
50292
49749
50610
49595
49015
50524
49084
48494
49101
50179
50794
49880
47223
50120
50004
50390
50493
49852
50566
50158
52247
49325
50635
51450
50043
50350
49571
49774
49948
50114
50703
50226
48881
49320
48272
49332
51050
52334
50337
48255
50481
51126
51375
51899
49722
49873
52258
48746
49452
48699
51218
50277
49040
49114
50336
49988
48643
50308
47554
51818
49823
48350
51203
49713
50725
50894
50229
49617
51518
49516
49496
50297
49102
49405
49068
51282
49551
51307
50202
51642
51501
50672
49469
50600
51175
51937
51715
50048
48685
50942
51777
50742
51518
49809
49066
50985
49624
50183
51044
49191
49354
48748
52602
48255
51334
49964
49535
48129
49466
49503
49741
49340
50286
48490
49035
50336
51121
50793
53027
50293
49239
49655
49561
50596
51875
49714
50387
48969
49174
51750
50230
49097
49475
49116
50099
49069
49040
51564
50888
50441
48138
49728
50752
50156
48837
50916
48711
49388
49717
48994
50535
48969
49233
50301
49883
51093
50104
52118
48588
48596
49324
49543
49021
48032
50432
48929
49053
49563
50331
49645
50022
49826
49196
49944
49468
49593
47701
49624
50290
49895
49639
49499
48878
48969
49361
51633
49511
51910
50496
50050
48609
47996
49655
50152
49610
51547
50094
49617
51096
50006
50051
50274
51887
50691
49969
50782
48580
50796
51370
50660
51016
50296
52225
48318
49752
50411
49205
51410
50198
51420
49346
50695
50922
50843
50830
50287
49963
50987
49085
50138
49885
50651
49274
49773
48753
50405
50496
51798
49653
50966
50115
50982
50479
48473
49544
48570
48153
50212
50245
49492
49923
48486
48412
49760
50206
48989
49966
47761
49995
49811
49291
49171
48225
50327
49612
49521
51115
49828
49515
50447
50788
51226
50341
47910
50848
51044
48660
50558
50524
51088
49013
49100
50259
49519
47566
48557
49290
50370
50487
50353
50967
48310
49421
49095
49242
49003
49789
51529
50374
50463
50290
49163
50321
50166
50198
47855
52513
48540
50711
47697
50833
50183
49203
49765
48031
51414
48966
50524
50038
50448
51735
48056
48309
49630
49318
50087
51217
48848
48883
49605
50833
50828
49129
49393
51194
50854
49466
48869
50185
50709
50065
49565
51186
49772
49611
51321
50838
49273
49190
49902
50050
50075
49777
50235
50444
50010
50241
50303
51104
49915
50188
49059
50010
50865
50823
47578
50421
50334
50384
48170
48783
50129
49080
50381
50525
48771
48898
50196
48697
50522
49429
49234
48368
50725
50448
50012
50368
49826
50539
48236
50282
49550
50806
50634
48680
50455
48741
49109
48721
50094
49841
50357
49475
49612
50372
49430
50188
50033
48493
49860
50840
50450
50368
48765
51298
50303
50621
49944
49889
50072
51123
50581
48641
49952
49516
51181
49233
49423
49901
51852
49688
48436
50743
52500
50027
49874
49377
50905
50196
48711
50835
50113
50900
48464
50553
50106
48716
48966
49620
49046
50487
49928
49385
50396
50248
49979
50144
47908
49167
50294
47799
50718
49207
51406
49723
48556
50258
50015
50111
50212
49979
50005
50696
50489
48914
50602
48485
49968
48559
49614
51393
50935
50240
49818
50777
49194
48451
50401
50321
49453
49123
50089
50076
48534
49430
49908
49426
50946
48789
50053
48166
50603
50101
50028
48737
49598
49688
49774
49701
51200
48749
50094
49999
49496
48535
49687
50708
50274
48876
48957
51248
50903
50215
50181
49107
51033
50473
48900
49742
51591
51080
49544
51281
48943
50127
49963
49446
52050
50346
50467
49426
48929
49702
52024
49796
49530
49808
50415
49955
51301
49488
50689
51511
51263
50783
50463
49779
48188
51134
49484
49193
50947
49697
48474
49369
49938
48330
50370
48801
48876
49081
49051
50294
52169
49763
50174
50472
49229
49659
51217
52195
49919
50802
50569
49678
49337
49619
50398
50974
49664
51915
49265
50318
49554
51319
49931
49762
48939
50424
48939
51523
50370
48323
50276
51919
49453
53251
49659
51623
51060
49793
50639
49583
50939
49669
48519
50082
49177
48477
50296
50845
50220
50943
49459
49901
50367
51006
50220
47055
48805
49698
50275
50091
49320
51116
50153
50531
50432
48811
51024
51351
49363
50581
50354
47548
49793
50864
48807
48898
47572
49796
47908
50481
48883
50134
48386
48192
48337
50049
50547
48145
49609
48993
51758
49605
49075
50980
50365
50915
48579
50257
51219
50060
48966
48494
50082
50597
50817
50449
49553
52166
49239
49623
50050
50104
50227
50548
51972
50574
50806
49525
48745
51371
50950
47556
49922
50684
51246
50813
50185
51996
50236
52326
49425
50290
47976
51485
49028
49690
49933
51474
50426
51851
49704
48758
49222
50459
49921
51678
51522
50515
49512
50081
48756
51117
50138
49597
48551
50944
50662
49485
49270
49620
49831
47031
48320
49802
49972
50821
50310
49101
48625
49689
48405
51083
49307
49532
49531
50713
50044
50223
49378
50223
50499
49481
50662
48176
51243
50778
50876
50406
50381
50757
49762
50688
50897
49633
49814
49434
51062
49548
48920
49172
49786
48677
49768
50126
49613
49476
48563
50265
50156
51385
49867
50329
48683
50243
49434
50010
49426
49285
51009
50362
49962
51159
50677
49010
49692
49688
49105
49906
50434
47477
49295
50903
49622
49878
50688
51392
48832
47691
49262
48449
50285
50402
50382
47632
50735
50229
51989
52392
52209
49083
49249
51550
51665
49183
51944
50202
48802
49032
51265
48579
49595
48041
48197
49648
50427
48453
48450
49232
50473
49572
48795
49760
50379
48818
51499
49822
50680
50679
50409
51187
49502
50807
52582
50540
51625
51795
49938
47646
48876
50677
48993
47977
51508
50066
49332
51027
50131
49729
50782
50225
49564
49601
50520
47640
47586
50589
50622
48896
51213
49419
49972
50360
50800
50326
49844
49762
50386
49484
50011
49987
50735
51582
49738
52638
50697
49881
50181
49031
50386
48748
49263
50160
49804
48879
48659
52715
50427
50565
49215
50104
50133
49902
50253
48970
49288
50897
47794
49501
48873
50612
51366
50132
50134
49721
50459
48259
51219
50559
51599
50130
48669
48504
49872
50767
48622
48125
49022
51545
49963
48208
49157
50239
51280
50011
48914
49567
50351
50841
51893
48595
49958
48472
50836
50789
49759
50141
50977
48513
50220
49460
49625
49664
50308
50134
50287
51584
48440
51049
47884
51456
50160
49985
50224
49356
50215
49033
52035
50351
50743
50014
49880
52189
50148
49428
51007
50733
50578
50289
50350
51275
49362
51319
51324
50456
50354
51742
47277
50744
49021
51902
51177
49569
50423
48479
48009
47795
49683
50651
51301
50572
48757
51506
50696
50070
47934
49975
50238
49507
51250
50097
49496
50047
50767
50828
50404
48540
49800
50444
50508
49926
50327
51160
50159
51278
50366
49470
51735
50157
50421
52527
49766
49004
50823
48947
49158
50009
49576
51380
50866
51197
49098
49664
50522
49427
50404
49668
49800
49342
49757
48478
48645
50522
49188
50153
48883
49294
51222
49368
49788
50548
50060
50952
51021
51158
50429
48814
50419
51029
50523
50825
50892
49029
50281
49515
48995
50217
51517
50611
51592
50651
48431
50169
51628
50818
49898
48669
51109
49905
47903
50042
49580
49961
50362
49073
50323
50527
49959
48163
49371
49564
50766
49258
49866
49913
49160
50945
50079
49965
50281
48979
49287
50899
49357
50254
49159
50319
50766
50418
50574
52062
51031
51674
50308
48611
51402
50192
50806
50293
50425
48673
48809
51132
51108
51063
48949
50435
49587
47819
49742
51592
50168
49646
50420
49008
50066
50031
48896
50102
48362
50218
50883
48327
51997
48782
50774
49877
49668
47067
49718
51063
50270
48427
49763
47932
50237
50527
49045
50952
50300
48435
50770
51061
50205
50820
49367
52614
48886
50375
49677
48704
49665
49559
48611
50430
49371
48624
49749
49542
48583
48768
50249
51474
49935
49451
50996
48639
50865
50429
48481
51891
51745
49757
49827
50263
51930
49185
48981
49797
51252
48988
50903
49212
50395
47346
49817
49536
51737
49672
50488
48726
51166
50999
50293
50012
49971
49300
51324
50534
52922
49195
50239
50838
49789
49313
50578
47952
51566
49591
49957
52849
49548
50267
49672
49243
50733
50344
49024
49853
50690
49138
50242
51768
49925
49702
50330
48777
50239
49487
50759
48091
48123
49424
50237
50821
48937
50145
49543
51298
49542
48972
51463
49962
50614
52507
50063
49361
50627
51048
50141
49373
48465
48852
51258
49705
51980
50534
49079
50339
50303
50662
48505
51133
50508
49577
51334
50602
50330
50029
48740
49249
51176
49409
49189
49657
51426
50317
52256
50394
49763
49465
48152
49098
50376
49351
50588
50449
49010
50398
50293
50298
48435
49924
50372
50464
50323
50869
50392
49103
49112
48677
49552
50281
50711
48946
47369
48117
51563
48360
50004
49852
49671
51019
49103
51370
52493
50089
50962
49601
48493
49374
49067
50098
48984
50175
49434
50482
47350
48806
49489
51280
49512
48597
51225
49792
51098
49813
50690
49874
48167
49742
49248
51706
50538
50832
48492
48850
49705
49070
50432
50602
49627
49819
50130
48819
50080
49708
50612
51758
47457
50598
49550
50554
49892
50139
48773
49431
51669
49145
49907
49571
49546
48683
50806
49029
49935
50796
49440
48630
50717
49302
50458
50631
50580
49929
50467
51284
49272
49576
49719
50825
49805
49310
50078
50931
50377
49957
50771
49183
50285
49872
51917
50129
48757
49452
51354
49863
49310
50247
49246
50235
50211
49425
49296
49099
49628
49350
49423
51108
48531
48396
48800
49987
50567
49969
49129
50634
51330
51000
51893
50967
49277
48406
49923
50312
51792
51149
49996
48807
50497
49042
48923
49903
49998
50572
49822
50054
50238
51084
50819
51451
50648
49901
47791
49523
50547
50055
49973
48084
50751
51682
49675
50588
47340
49891
49684
51679
50299
49333
50588
49106
48972
48989
49533
50857
50740
48640
50367
50464
51152
49936
51269
50191
49891
49255
51498
49291
48376
50009
48259
49640
49245
49341
49186
48916
49960
49028
49565
50156
50446
50553
50266
49704
48897
48508
49919
49497
50093
48496
50491
49763
49986
50435
48673
48791
51207
50452
50426
49302
48994
50719
49315
48622
51227
49701
51618
50548
50582
50655
49929
49290
49210
49915
50334
51468
50545
49319
50302
50875
51707
48502
50535
48269
48754
51142
51861
50035
50315
50698
50287
49510
49754
51041
48070
49042
50022
48213
49245
47763
51067
50921
50385
49261
48105
48019
50036
50044
51008
50548
48950
50109
52216
48855
49570
49058
50120
49216
50811
49711
49255
51701
48825
49874
50251
51240
50385
50927
49893
50020
47706
49700
50107
49761
49813
51969
49084
50840
48430
49023
50329
50478
48637
49521
51012
49881
51596
48623
50739
50813
49261
50042
47871
52033
51095
50564
49650
50904
49951
49377
50646
50456
51788
49098
49347
49774
49005
48979
48123
49781
49938
51206
49628
50637
50626
49393
50406
50575
49341
50824
50060
49052
49727
50151
48022
49631
50312
50091
50723
51131
50406
51227
50883
48942
50830
50478
47148
50932
51377
50844
51026
49396
50650
48683
48758
49209
48912
50117
50278
49672
50231
49170
50737
51470
49788
49828
47785
50022
51271
51203
49522
48872
49251
50629
50804
49807
49616
50739
49655
50460
49036
50911
50720
50338
48651
50582
50156
49653
49576
50185
51339
51023
51093
50419
51400
49184
48745
50116
51205
50028
49894
48788
49125
50091
50017
51261
51218
51964
50813
50417
49113
49999
49393
51995
49225
52059
50354
51675
48443
49043
49943
51462
51169
49345
48732
50192
49932
49340
50699
48845
51535
51229
50794
51448
49827
50127
50479
50463
49538
50256
50268
50199
48790
51534
49686
49496
50143
50487
49177
50192
50154
51442
49585
50061
49027
49520
49980
48940
50369
49444
52089
49966
50714
49392
50593
49754
49302
50919
49491
49925
49568
50965
49729
49520
49677
49782
49341
48943
51086
47769
48042
50092
50120
49786
49375
49519
48586
51404
49348
52543
50536
51183
50650
49387
50622
49346
50680
50269
48300
49556
51241
50041
50388
49847
49555
49235
50497
49700
48874
48258
49164
51387
47906
50041
49250
48490
49471
50948
51160
49282
48530
49898
51127
50864
53323
50049
49497
50064
49769
51476
50635
49833
51431
52322
48602
50342
50490
49819
49773
49442
49803
49605
50011
50445
50185
49724
50497
50221
50063
48879
49866
50981
49311
48623
49079
49867
51030
49156
49952
50061
50001
51059
49711
50129
49344
50200
50529
49723
49846
51118
50558
49659
50752
51505
50518
50502
48718
50289
48880
51331
49404
49383
51315
48827
50421
51105
49062
49564
49775
48539
51617
49384
49351
49520
50627
48917
49249
48189
50603
48298
48919
50560
49316
50471
49403
50396
50226
50639
50630
49769
48650
49527
50520
48544
49908
51788
51457
48956
51396
49551
50270
52123
50214
49714
50062
50902
51581
49399
50543
51236
47778
50846
49366
50743
49951
50038
50233
50727
49524
49027
48800
52151
50514
49815
50313
48845
49179
49929
48799
50982
49845
48923
50348
47613
51299
49044
