18064
63330
75430
72187
51272
40118
14407
60881
87465
48981
83846
69634
6796
38227
13632
77041
95406
30181
19904
97830
20037
40016
75081
39090
21948
91461
45673
41820
37951
84388
13387
26372
44323
9799
8286
15152
84166
69186
60197
82270
23059
43948
74309
16916
11351
41042
54866
73764
77469
38368
53688
95390
59453
94735
16749
75417
73150
61736
10164
28408
1259
23675
74404
51237
92802
68918
86855
61517
20858
9042
58750
46132
89452
32741
48277
62841
54193
91594
69593
97758
92615
39732
50514
70838
68305
47216
82767
41495
97678
90876
46054
83306
20419
96270
82639
69194
1141
2693
61758
87551
