50837
49861
50325
50669
49100
49817
49811
51102
49827
49678
48596
49022
49276
51484
49089
49080
50075
50359
48994
49958
48939
50207
49769
49986
49899
50623
49424
50176
50697
49796
48678
48875
47786
50846
50415
49195
51867
48486
50059
51250
48841
50620
48406
50676
49985
49477
50974
52575
50396
48975
49262
50351
49809
50710
49311
50861
50410
47890
49261
50020
49334
50402
49406
50795
48605
50506
48779
48275
51450
48870
50139
49935
49465
51616
49015
51394
50516
49166
51600
51910
51667
49995
49128
49211
50133
49862
50448
49515
50465
50936
51167
51401
50292
50808
49669
49232
48240
48968
49947
50472
51299
49764
51434
51443
48593
50465
48639
48858
49643
50346
50810
48048
51859
50228
50123
51030
50337
51468
50726
51162
48999
49877
49174
47608
50041
50574
49771
50957
51151
48918
48521
50056
50646
49390
50432
50608
51070
49481
48992
51475
50607
48914
49816
50508
49590
51118
48251
50018
47456
48946
51177
50663
49000
50499
48301
48386
48643
51382
49442
50962
48794
50651
50589
48616
49440
49761
50369
50133
49454
49507
48612
49577
50048
51787
49726
49809
49940
50666
48976
50606
48889
49185
50277
51697
50367
48502
50423
49282
50639
51310
50404
50930
50598
49624
50001
51540
48592
50739
49075
52020
49610
50238
50206
50881
51173
49622
50602
48452
50661
49622
51225
49963
49722
50582
50090
49936
49452
50887
48553
49108
51593
50395
50593
50495
49571
50051
48643
48675
49158
48254
49754
49358
48114
49307
49328
51599
50314
50461
49815
51318
49510
50067
51240
51170
47877
50169
48957
49667
48427
50172
49866
49975
53297
50779
50164
50803
49491
49232
50092
50790
52327
50839
49159
50097
49141
49631
51481
50700
50382
50290
50286
50640
50817
50661
48963
48457
48851
47650
49164
49567
49636
50205
51844
49123
50668
50630
50402
51340
48717
51387
51888
50081
48690
50355
50657
51027
47218
50096
49977
50131
48313
49032
51034
50594
51442
50191
49043
49820
49346
48866
50386
50207
49890
50681
50229
49765
49297
50329
49093
50088
52315
50374
50039
49908
49378
50939
49660
49396
50049
49772
51174
52082
49984
50062
50607
50466
50653
49104
52030
49746
48126
49789
50372
50660
51615
50857
49740
49480
48804
50353
48569
51285
50303
49201
49577
49086
50474
49380
49795
50518
52113
51051
48810
50288
50657
49686
47739
50803
48445
50248
50950
51915
50628
50058
50377
52072
50356
49646
48190
50693
51240
50941
50296
49623
51388
49442
50260
48542
50932
49989
48139
50442
51272
49528
50270
49954
48915
49853
49424
49178
50876
51203
48965
48995
50678
50696
49166
49760
49687
51193
50590
49445
51135
48983
49861
51682
49872
49047
48354
50074
48471
49094
50772
50776
49788
49637
50666
48068
49841
50326
49388
47508
49077
51101
49085
50641
49467
50417
50336
49516
51366
49092
50570
50840
49322
50226
52013
50028
51701
49593
48982
51111
50662
49747
49177
47649
49321
51268
50941
47977
50434
50540
51654
51313
48884
49164
50596
49258
51390
49296
49647
49615
49351
49204
51457
49724
51531
48857
49918
51048
50815
51215
47876
50695
50882
50807
50399
49616
51196
49403
52376
48727
49645
52680
50396
51030
49243
49071
49955
49876
51843
50854
49987
50928
51668
48808
50240
49853
49332
50097
50314
48258
48736
51574
49756
50506
49228
49714
49046
50984
48852
50984
51703
48337
52403
49957
49512
50041
50289
51467
50224
51189
49651
48761
50071
50169
51045
50204
50487
50747
50481
50992
50732
48806
49897
51129
48838
50170
51612
48925
50893
50082
50097
51291
49482
48786
48843
50705
50714
50446
49899
50938
47986
50226
50873
50862
52070
49394
48742
51048
50001
50699
50297
51772
49244
48736
49770
51246
49300
49208
48490
49985
51169
51299
49877
49642
50643
48912
47930
50775
51411
49805
48398
48629
50542
51357
49181
50109
49116
50974
51374
50345
49763
51313
50248
51121
51299
48521
48997
49683
49879
49796
51258
48980
50320
50501
49906
48109
50324
48966
51093
50758
48938
49854
50095
51014
49513
50004
49394
50160
49968
49830
49342
49303
49491
50415
50323
49690
49065
47788
51648
48446
49917
50320
50852
50672
50668
49206
49017
48279
50145
49534
49225
50348
51140
49431
50916
48279
51838
50755
49390
50422
50187
50386
50077
49813
49865
50671
50817
49308
50519
48042
49805
49692
51957
50858
49278
49184
48924
48632
52564
52325
49914
51220
48095
51524
49382
49481
49662
51332
49959
52245
50594
48529
50033
52653
50123
48193
52027
51037
50997
50930
50230
49735
51155
49858
47941
49750
50430
50814
49172
51985
49059
48114
51473
49524
52685
48244
48175
50934
51048
51069
49223
49869
48751
50023
50781
50146
51752
51114
49626
49521
49517
51280
49371
50251
50572
50421
51119
48461
50285
47896
50055
50288
49008
50815
49563
48864
51444
50772
49031
49018
50160
47572
48627
52102
50324
48418
47382
49241
51108
49984
51138
50356
50821
51356
49491
50927
50603
50610
51880
49317
49472
50239
48150
52820
50911
50144
49783
49508
49096
49697
51965
51861
50551
51008
51015
49717
50999
49751
47275
52039
51196
48368
49019
50432
50023
52346
49978
50033
49560
49593
50400
50529
48991
50306
51118
51269
50355
49269
50708
50254
50647
51624
52142
51706
49164
50167
51926
50401
50713
48980
51432
51111
50438
50432
47994
49826
50297
50310
49686
49381
48286
50789
51712
50429
48209
52672
51515
50218
49434
48861
50241
49216
50562
50617
50473
48024
48884
49114
50241
49462
50920
50136
50836
49136
49079
49427
50682
50129
51514
49860
49297
51221
49303
51991
50344
50483
50278
51167
49647
51313
49907
50190
49806
48641
50854
48483
50476
49600
51202
49303
50803
48660
49846
48937
50932
50235
50787
49456
51588
51255
50731
48600
51274
49391
50051
50958
50102
51827
52664
52538
49584
50499
50821
51438
49860
49171
47810
49088
48288
48567
50219
48825
49904
49041
49895
48750
50535
47839
50218
50581
49894
49010
51090
48720
49438
49325
50404
50415
49123
50285
50522
50706
48771
49791
49967
48512
51334
50530
50051
50025
50497
50139
50345
50070
51181
49384
51550
50130
50369
50082
52145
49840
49842
50713
51374
49042
50090
51205
50743
49334
49592
48386
51303
49732
51816
50132
50074
51881
50377
49132
49211
51126
49314
48780
51073
49568
48716
48346
49878
52209
50724
49552
51054
51206
51373
48192
49718
50070
51071
49787
49954
51412
48526
50323
48831
48899
50485
50134
