49576
49188
50067
49901
47639
48859
50848
49015
50093
49663
49226
48670
49726
49390
49216
49492
49243
50626
48719
50312
51244
48527
50859
49881
49169
48296
50421
49653
47374
50020
49103
49285
48979
49705
50995
48917
51112
48441
51343
49822
48046
51718
49739
51146
49846
49100
49561
48843
48884
51559
51215
50485
50397
49199
50338
50115
48618
48036
49282
49769
49837
49998
50459
52087
50188
48498
49964
48901
49781
50316
50289
50738
50412
49399
48616
49537
49110
48829
50111
51070
49943
49242
49071
51304
50474
47994
50338
49088
49174
50449
50174
50221
49755
49581
48811
49944
49890
49399
48709
49813
