57473
7731
81829
26836
90888
21470
34455
46584
28114
95423
10954
5502
13776
10875
50827
37626
33290
33816
26751
60216
79646
63384
59669
56976
76712
43608
97529
76486
70397
10148
38215
92609
55634
59003
16639
22006
73038
9430
86488
48464
81797
77884
17830
73996
96478
64641
34036
93812
97428
76706
52561
43339
27744
35937
8242
1028
99229
71454
78386
43177
40503
5409
82210
46220
1051
45183
50473
82671
24644
22484
11177
26510
2778
43393
13014
2846
25707
17909
53259
50478
90483
40721
85114
99319
72996
88405
17308
2044
90070
99907
93246
56100
17079
42049
55286
95444
72955
36249
33654
60935
86287
2268
25444
16314
38861
25927
85897
6630
81998
84003
86829
99308
74011
38646
31130
87850
72286
34481
97742
92296
16893
57392
26629
26919
5366
36252
51444
98901
20514
88829
1940
34424
76535
52710
9510
71972
66362
8980
58892
86062
95839
51942
9006
5543
85220
82832
85528
76854
31112
29645
36069
12040
76853
66295
60014
26141
56698
18843
35792
64040
50919
56931
87251
66024
9619
68483
4140
50535
24341
33724
87398
33295
51982
39625
81177
78334
58489
43708
16949
3285
78444
96266
59449
48594
81564
28304
76196
78337
11272
46448
36528
35889
56466
54842
82270
26203
6023
61930
4469
54186
9670
43621
3718
77652
40607
11600
27958
31124
86698
37815
15726
22573
75905
36447
33088
20741
2683
61311
16082
48579
52742
48683
33561
21744
96859
7645
2405
53937
6771
29105
59431
55776
47154
89519
90802
72505
29800
43007
38015
13261
57747
20415
67539
35500
23739
84704
12485
76493
34668
96727
63473
25579
95715
52838
23186
5002
86890
31223
50190
69471
86903
27924
48241
40531
42731
64298
37496
86040
91450
58600
97701
48343
28929
5074
20600
65433
68274
94764
16869
78043
69243
50829
49800
70027
50740
15154
94646
26347
50574
59511
57778
274
30987
41916
3341
92336
58418
2783
95440
61811
2227
57703
27891
88646
73968
33340
46797
96257
51076
71018
38662
5536
39693
58105
85100
7227
62175
39455
42094
94291
29610
51262
81126
35089
55979
81792
6732
18247
92131
84964
23148
61475
89219
91826
18856
26971
36112
28177
90401
27027
48786
12218
91052
89886
30668
65911
78042
40381
1659
90282
11165
53526
5109
30885
30362
97553
30451
31874
30843
60460
58817
11850
5329
37210
91414
88987
88319
4311
5121
7449
3387
1573
65544
38146
98229
20291
99852
32158
32258
55253
8334
36225
41760
46430
49195
28772
97380
38528
81916
22468
88359
66540
1746
21499
67330
85157
3690
42018
46241
70341
71484
25173
64970
42122
58998
99751
6981
73606
95001
55992
48675
286
91299
59033
78916
20837
36217
11422
62834
7264
33614
60614
64654
46766
67905
15818
76556
23900
5411
18179
9441
88338
31426
69860
72594
12878
50540
98841
38772
46435
60811
9625
90390
19781
75349
95244
59185
87658
9478
45259
54801
18974
70053
33415
97145
28650
62609
37945
52323
5988
17566
30583
39157
23144
64244
87346
5801
89011
44085
30971
41297
87271
52938
65111
39765
82095
27773
34068
1965
93542
35693
38233
64619
22445
75331
6683
42802
76336
12882
70056
11925
42277
74139
17344
65890
46361
35522
32832
74331
72001
54292
37374
33000
38688
44124
55192
53821
10988
46655
76529
11603
79227
74096
36399
71784
15952
46040
35915
5564
67909
7416
5935
25190
96966
44842
70648
11831
59795
99914
22092
68470
57280
94602
37617
54721
44662
39984
16282
92292
36006
23923
47017
8248
60588
41784
41504
90978
79397
3790
76672
34480
19872
47695
70810
57529
97710
66482
46362
51359
47450
91187
68085
69152
13529
14314
9366
40926
11807
39384
79927
39325
95315
13209
7761
13907
27641
6514
27549
36482
14106
6449
46264
94497
68658
92451
98648
62691
92256
45379
95172
10748
6274
33146
24490
51364
45457
45080
53060
66285
16140
42268
57573
5603
25993
20810
35193
65661
92692
7297
92317
4836
79945
57095
57275
10433
30130
66006
91169
32573
38285
35996
53338
93140
88995
76304
67462
63987
5001
89591
73845
81256
78880
16872
93482
37664
97468
85177
62790
91374
69285
51098
99201
58472
9491
46142
40420
41937
20832
99738
46116
5038
75047
37111
93395
63902
64705
47687
22505
37914
56860
86076
40250
34436
63865
55651
21924
35338
52079
5362
69520
48404
1802
48889
25196
6874
18321
13353
52754
88919
59020
13476
22932
88689
15620
12384
67077
60952
48018
11844
884
81340
35676
22682
48495
56649
36079
44515
90058
98899
80275
43169
19246
94225
34784
34637
64487
73861
25262
41919
11913
29262
41591
115
67012
92114
71571
61352
98519
29883
67829
85866
92783
27320
14376
70284
45682
15006
32846
19
17104
95203
32274
70981
4152
64760
91007
8162
96728
29547
4484
69709
25671
59528
66935
53755
10393
75434
26663
46812
5945
63280
27289
79900
56114
62503
27157
95326
83042
97575
28910
18527
9439
1697
32249
47781
63815
10251
47753
32687
72487
50040
95149
90986
76372
99847
31799
17853
8789
56885
50436
22583
11225
5908
30524
66932
38578
43885
76162
53579
67287
21818
82937
66001
75682
67135
29533
72860
33961
10299
86290
73618
75695
44842
19767
39101
588
61076
82722
81906
84611
27911
21381
78763
84271
34869
56627
94904
43844
10521
35625
80641
36468
81779
58808
26180
7581
92258
83761
660
36687
78726
46593
72389
8215
74565
733
13455
91785
73234
16803
6690
34492
13947
57383
42642
75427
62330
55709
35852
8819
67231
4048
27605
3784
51699
33889
41321
23749
41980
32098
57790
38881
16095
72609
64047
42756
42443
61012
55960
72713
33901
95197
39608
18381
20544
51276
98284
95721
25334
74890
13905
25967
96362
38846
9782
39445
85619
21147
79211
35313
52364
11669
33174
47956
46374
27421
97631
29404
3310
19119
37752
42242
18612
18828
85701
43375
77656
91613
72108
24309
98821
66961
83965
78790
36349
96244
93359
12356
95504
86592
39623
59530
35022
21243
53646
71393
40282
47027
37214
66813
41540
36318
9947
99542
47096
21737
96464
76248
68049
75074
85251
14984
95679
41026
81611
27700
16086
22498
37373
4624
30256
83148
51013
89597
70279
95513
37073
50216
62975
631
79341
61778
6564
88216
84603
32956
7302
516
88031
97110
44394
69212
65860
85848
56127
4739
21740
29453
24204
87969
44803
38813
13952
50733
22712
93670
8516
82729
2102
38981
63440
94385
85267
54737
90530
71235
58582
98171
91861
90471
