48545
51227
49561
50427
48678
50607
49963
51375
48195
50069
51110
49185
49675
49484
50499
50142
50220
48138
50959
47897
52182
51285
50406
49073
49846
50222
50644
50235
50533
50892
49417
50920
50180
50568
49361
48652
50037
50787
49902
48971
50147
50525
50313
50037
51617
49721
50975
49995
50496
51281
50489
48995
49491
50141
50152
49509
48933
49161
49683
51710
50616
49706
50079
50542
50284
49301
50218
51511
49468
50415
49349
50172
49656
50554
50198
50259
50875
51207
50136
50049
49473
46906
52052
50135
49573
50563
50313
49960
51277
50785
49231
51006
50890
51463
49440
50400
49485
49794
51482
50083
49498
50802
48905
50444
48930
49587
51698
49033
50591
49594
49385
48867
49632
50790
49733
50093
50558
49806
49922
49919
49778
49938
49085
52354
48870
48463
51079
49252
47901
48762
49647
52451
49490
48159
49998
50094
51365
50487
50535
50938
50309
51190
50575
49119
50540
49036
48714
49707
52041
48592
50816
49463
50884
48942
49820
49716
49833
50281
48796
49893
49425
48944
51552
48901
50311
50082
49064
48846
51607
51470
50154
50282
49872
50537
50390
51450
51835
47505
49142
49217
51720
50308
49590
50099
48736
50189
50224
51168
49541
49585
48228
49166
50768
49010
50125
51642
49325
51366
49701
50262
49142
49028
49762
51933
50438
48586
51641
50761
50017
49907
51732
49417
50010
48501
49958
48199
48538
49050
50014
51007
49930
49670
50520
48377
49052
49426
49536
50895
50563
48813
51028
50565
50371
49235
49031
48525
49483
50562
49130
49622
49013
49281
48979
49847
50686
49774
49525
48422
49692
48912
49167
50793
49839
50858
49295
50645
49729
50166
50552
50438
50719
49689
50856
48780
51812
50020
49858
48803
50256
50784
49430
50731
50969
51072
49917
50999
49510
47959
51940
50820
49832
49979
48932
49569
51365
50272
48216
50046
49417
51015
49947
50152
50558
50870
50063
49830
50079
50440
49784
50719
49297
50632
50680
51768
50008
49206
49174
49543
48026
49776
49960
50976
48723
48268
49981
50403
49815
48929
49713
51442
50464
50046
50621
50963
50386
49809
49903
51105
48952
50650
50331
50892
50005
49960
50272
50096
50588
50840
50030
50493
50539
49256
49037
51671
49550
48470
50783
49975
50489
48042
50788
49214
50561
52350
49049
48611
49364
48422
50878
49247
49877
50863
49768
49615
50921
49344
50808
50866
47490
50069
50433
52760
51110
49511
48819
50158
49474
50013
50166
51418
49243
50332
49806
49751
51402
49537
49339
52359
48454
50430
50084
48457
48840
50309
49804
49229
51119
50006
49316
49734
49917
49630
46195
48335
50343
49237
51200
49279
49451
49518
50514
50384
48495
50467
49722
50459
48621
51836
50155
49844
48957
49356
48361
50326
48032
49499
48387
51685
50203
51190
49639
49661
51723
48255
49039
49177
51622
50242
50848
48815
50880
47650
51171
49914
50223
49881
50151
50743
49973
49153
52089
49724
50795
51000
49816
50400
51664
51655
50025
48947
50385
50305
50625
52931
50383
49858
49061
50276
49541
49255
50311
48567
50647
51603
48152
50487
49502
50416
51095
49960
51122
51955
49193
50214
49510
49034
47925
49013
49472
48522
50802
49013
49581
51514
49452
48182
51493
48717
49489
51031
49309
50785
49886
49850
50674
50429
50207
49876
47451
50120
49709
50287
50449
48131
50766
49967
50394
49813
49907
47844
52754
48921
50367
50775
49078
50470
50021
49590
49102
50728
49264
48950
48150
50461
50783
50437
48049
50851
50781
49250
51580
49650
48658
48848
50173
49860
52536
50302
51262
49325
50971
50516
49083
49465
48577
49762
49152
49133
50415
51371
49667
49393
49994
49274
49385
49511
50076
49162
49750
50180
50166
48723
50500
47319
48748
48610
47840
50155
49813
48664
51240
49647
48573
51033
52382
48778
49421
51150
49401
48654
48180
49076
51313
48362
50212
49106
49470
50153
51015
50326
48308
50716
50105
50476
51273
48896
48391
50210
51419
50087
49549
50589
49949
50084
50718
50058
48253
51342
48903
49859
52142
50179
48111
48824
49790
50849
47985
50975
51406
49190
49888
50037
48949
48316
48330
49944
49212
50591
49106
50764
48596
48903
50935
48603
50125
49274
51133
50409
50590
49538
49442
49954
49825
50367
48784
49315
49668
50000
51379
47510
49345
49301
50058
49428
50263
48758
51316
51335
50263
51804
51731
50056
49380
51113
51376
49453
50279
48938
49333
50447
50017
49504
50960
49717
48508
50709
50931
50068
49208
49229
50005
48328
49942
50669
49155
48653
48393
51127
48877
49338
50612
51231
49155
49842
47579
50856
49379
50136
49386
50131
50045
49765
48434
49896
48580
51082
48802
51731
51080
50906
52293
50462
50627
50508
49845
50276
49427
49729
50830
50072
49407
49088
48897
49917
50477
49490
50206
50209
50029
49581
49514
50742
49763
51627
49562
49041
50695
50031
50359
49751
47855
49039
50606
50554
49746
48660
48514
50820
49996
51254
49642
48699
48895
49734
49491
49453
51440
48295
50449
48981
50282
49741
49995
49491
47358
48956
52446
50680
50151
52076
49917
51049
50160
50005
50047
49435
50836
50586
51194
49633
48905
49420
48342
48559
48756
50875
48895
49583
48716
49636
49353
48695
50875
48258
47876
48611
49848
48760
50345
51131
49122
49704
50489
51269
48340
51705
48761
49233
50181
50447
51865
51691
48974
49469
51226
53453
50281
49406
48884
49555
50992
48984
50361
49748
50290
50366
51390
48663
48969
51097
51096
50341
48590
49692
49338
50242
50748
50111
50426
48948
48583
49711
51312
51228
49480
46769
51925
50223
48710
49806
50750
49519
50233
49616
49852
50793
49441
49311
51465
49582
47936
48672
48192
51127
48873
51991
51170
48087
49569
50568
50562
49696
49347
49321
50916
51149
48965
50065
52149
50613
51261
49996
51473
52204
49014
48543
49120
47976
50950
49647
48038
49492
50317
49352
50242
50927
49766
47695
48009
50851
50079
50153
48764
50006
51407
49659
50583
50319
50949
50219
49253
51290
51085
50490
48994
50909
49358
49920
48113
52146
49400
52233
51342
50228
50279
49910
50424
50768
50438
50195
50166
50422
49369
51197
50957
48934
51002
48724
52166
52153
52055
48925
49954
48676
51746
50940
49918
51470
51027
52223
49647
51549
51100
50774
49822
49840
49187
49705
50063
49596
49706
50271
51624
49264
52416
51774
51382
48612
51070
51360
49284
50379
51808
51220
49396
50184
49497
47686
50769
51407
50819
49212
48458
50648
49492
50532
49628
50111
48610
48880
