50298
50101
49473
49219
48357
50076
49818
50850
51014
48479
51640
50665
49495
50367
51107
50085
49874
48965
50584
50152
49884
48996
49520
51372
48870
50103
50066
50925
50304
49278
51559
50745
50546
49490
49331
49428
50780
48727
49950
51700
52654
50241
49890
48833
47707
50582
49616
49564
49138
50149
49907
50815
50252
49118
50461
52021
51477
48425
49799
49068
49438
50243
51228
50547
50279
49751
50375
50191
48351
51150
49171
48841
49974
49880
49548
48745
49612
51332
49985
50903
50351
49524
49291
50320
50316
49641
48748
46705
49028
50072
50547
49552
50519
50378
49147
51009
51078
51728
50623
49326
50022
51527
50450
49775
49607
48479
49766
49551
49741
49422
51317
50286
51571
50048
48950
48944
51076
48993
51337
52358
49220
48157
50059
47664
52170
48467
50735
50544
49513
50989
50432
50758
49960
52242
51177
48752
51269
48530
49784
51398
50746
50094
50049
50590
50094
49819
47993
49198
51645
48216
49126
50816
50122
50724
50235
50389
51689
49489
49277
48581
49433
49883
48892
49364
48629
49684
46707
49997
49636
49979
50497
49788
48258
50499
51296
48416
50044
51427
50446
50340
49825
49305
48524
50051
50186
49831
49320
50812
50586
48760
48771
48404
49657
51028
50464
49148
49072
49276
51313
50243
50037
51013
51593
49108
52310
50904
50601
50610
50524
48437
50099
50961
51075
51240
50427
50784
49543
50606
51131
49081
48333
49606
49678
50649
49703
48232
50380
49624
52448
51769
49561
49307
49818
50353
49706
50582
50348
50161
48660
49646
50718
50437
49281
49119
47878
49668
48888
49130
50601
50919
50902
50496
50642
50584
49940
50704
50532
50163
49454
49683
52212
48935
50307
50558
48502
49308
50457
48941
48857
51168
50334
49684
50193
49892
50082
49869
50023
49228
49366
49598
49535
50551
51673
49919
51135
49447
51750
48188
50537
50363
48933
50245
50185
49885
48893
51327
51349
51256
49650
50488
50166
50426
49363
51187
49011
50585
48765
50589
50539
50679
52712
49096
48611
50513
50465
49966
49311
49720
50792
50313
48999
49904
49153
49370
49914
50067
49703
49140
50512
48434
48926
49874
50162
48608
51463
49830
50979
49801
50974
49389
48454
49273
50661
51723
49430
49166
50147
49950
50629
48692
49062
49256
51214
51781
50613
48755
50817
49413
48832
50992
49929
50834
48604
49326
50025
49289
50634
50930
49267
48976
50116
49686
50581
48721
49229
51311
49193
50466
48759
50368
49633
50928
51091
48883
49453
48932
51629
49895
48373
48628
49097
50418
50328
49291
49244
51288
48310
51734
51752
49090
48546
49032
49017
50640
50176
49462
48399
50658
49362
48321
47862
50134
49887
50171
49657
52259
49838
50306
51179
49085
48591
50347
48645
51373
49462
51155
49276
51015
51627
49761
49844
48622
49019
50907
50204
50249
49358
51616
51991
51108
48084
50719
50163
51088
51803
49277
49807
49273
49853
49065
49342
51880
51054
50716
51832
50885
49447
51438
52292
49375
49330
49491
49761
48437
49475
48277
50396
51208
49483
50353
50806
49960
49238
50516
48316
49116
49209
48919
48575
51024
49723
49414
50801
49536
50415
51311
49015
50173
49849
50614
50144
49441
51216
49065
51469
50457
49425
49347
50538
50360
49364
51852
49786
50639
48999
48717
49523
49819
50458
49652
49933
50307
49987
50455
49743
49260
50146
50702
50660
49646
51926
47752
50155
49361
50328
49863
50024
50244
51043
47778
50049
49936
49546
49546
49007
49712
49765
49977
51034
50626
50692
48620
48653
48714
50376
49747
48519
50995
49761
50901
49368
49998
48315
50347
51921
49929
50471
49991
48507
51670
51575
49105
50175
50230
48923
50853
49870
51102
49793
49599
49466
49923
50218
49754
50686
50720
48070
51202
49584
49446
49395
50978
51777
50751
47657
48663
49241
49794
49226
48227
49236
49539
51101
50137
49240
49113
49500
48981
47931
49521
51640
50128
48879
50352
50288
50122
49853
50045
49420
49842
49170
48537
49667
50212
49728
50217
49501
49967
48709
51704
48657
50469
49051
49674
50327
50501
50726
49113
51594
50317
48616
50071
47317
51587
48874
50326
49430
50720
50636
48356
50328
49286
50586
49304
47916
47018
49718
48431
50540
48821
49848
49529
50141
50604
50674
48892
49698
51979
49939
49239
50568
49447
48686
49628
49477
49179
49573
50649
48697
49471
50989
51547
48556
49027
50614
49715
48785
49919
49800
50392
51325
50599
50491
51060
50759
51776
50104
51454
48762
50303
51405
48586
50933
48374
50854
50762
50367
48848
51455
49261
49946
48243
51749
49841
51140
50539
49688
51271
48262
49675
49628
51085
50304
50863
51667
50690
51324
50664
50889
48635
50684
48721
50523
48427
49268
51275
49140
49034
50261
49918
51959
50158
48565
50633
50847
49886
50799
51055
49705
49445
48145
49301
49595
50481
50245
50287
49943
50065
49951
50134
51889
49654
52656
48583
50250
49577
49878
48735
50785
51366
49823
50844
51295
48681
51674
50168
50319
50904
50615
50547
48482
49200
50892
49080
49974
49478
54175
49713
50259
49635
48471
50600
50313
49687
49421
50585
50836
52354
51413
49519
49331
50498
48425
50728
50935
48681
51063
51608
51174
47863
51978
50082
50098
49368
49150
52526
52789
48587
50954
50197
49349
51249
51302
51005
50117
50339
52292
48165
50111
49085
50068
50110
47595
49392
49897
51719
51230
49072
48044
48856
50331
50324
50278
48534
48671
51395
49096
49281
47816
50535
49854
50122
51107
50834
49513
52696
49792
49395
50087
50508
50002
49908
49696
49908
48636
48767
50473
49662
51581
49629
49309
48296
51015
49671
49683
49317
50426
49772
51165
50376
50213
49086
48824
52355
50523
48647
48133
50422
48300
49488
50014
49284
51675
48939
49239
50312
49386
52018
48394
50678
48359
50683
49747
48785
47491
49451
51556
47550
49425
49836
50815
49417
50993
51601
51813
49914
48551
50710
50401
50361
48500
50144
50888
50994
48704
49817
47733
51162
50480
50904
50136
49920
50702
50577
50942
51183
48055
48958
50152
49209
49916
49078
50696
50123
49804
50440
49981
50575
48894
49830
48085
50851
50203
48812
49101
51040
49574
50752
48285
49874
51581
50636
50409
49362
51239
50021
48838
51905
50594
50186
49111
50190
49015
51362
50185
50705
49693
48577
50068
49784
51358
50854
49079
48836
50756
49825
49288
48782
50107
49631
51109
49756
49546
49982
51392
50546
49560
50477
49731
49706
50105
51369
50371
48539
49467
49973
48437
50168
49671
50684
