75372
96806
98558
2113
95757
21739
7641
7675
62319
71062
64687
26884
75688
15519
25100
59538
61626
48418
84652
10131
21519
69507
88165
75381
52279
66173
41935
54684
57035
51377
47429
54050
83429
55877
83475
60162
54085
46586
16891
86406
87479
78891
57435
12113
89099
13832
23908
22195
6566
72167
33556
26589
35379
83629
23469
90842
69036
30019
96700
48059
73810
32198
59112
9878
75006
22997
19358
9991
37463
90275
9332
15064
82625
28147
4951
45505
47318
99222
6624
18641
29386
20084
51479
3622
4709
78556
29107
35705
26613
564
81877
48350
30530
8200
77758
86365
11691
81434
27833
21670
