94726
30472
75008
81541
73282
49904
6225
7877
28642
70737
777
32089
87770
92672
54662
88559
58476
99356
16472
63827
21062
12430
13006
49705
9119
99573
49029
2006
71514
23513
52994
52982
41590
95674
16871
90364
74754
80651
31143
7906
93013
50935
58320
22639
66946
77544
19903
64040
71814
81903
27475
25635
75327
72403
95272
81558
51194
61701
70089
64315
55495
45918
56706
38756
47998
63761
43149
91681
98942
48478
81544
63645
5405
66217
10025
52646
34067
71438
67467
86205
52771
32565
6100
37048
49106
54456
59105
54436
30069
55281
23820
45656
91993
78327
90900
51621
34972
75084
89660
26815
18058
53089
92582
92325
53927
51263
37097
97394
60021
36433
9758
1063
32157
87939
80981
20550
79466
75069
41183
18805
75198
72440
64442
72778
40914
66614
3464
21422
7316
46232
97240
77159
11129
9567
93608
76146
88331
84291
36877
23853
93566
67306
84620
56595
92081
48667
36888
27078
77527
24495
84345
82256
10796
7071
2356
27389
1730
84693
45574
11841
88233
71780
86921
41374
12321
21612
19119
66344
40202
78270
8122
2717
2219
32890
99629
87902
53660
45865
50528
78571
4948
80669
3284
41499
90552
88046
88901
51553
61889
20728
13949
5838
34580
5435
83663
39902
5939
33703
27572
11298
38029
32156
49554
91
85452
64719
84274
83084
2091
69729
74004
95368
79993
83582
39507
10019
80385
61128
98186
45427
4668
79288
88454
5461
19700
30168
6060
86909
56059
42280
28664
56150
78244
76660
19516
87767
15016
16050
43234
23357
60601
80247
24289
36373
98257
83735
48465
26653
57709
42411
6008
52520
27214
69751
40458
1615
32607
816
30279
35480
55205
96111
7666
94852
55255
56797
44149
66631
35750
48573
9124
47295
18813
37900
80555
47823
12063
96747
21296
26236
50052
20883
39482
14450
76031
95508
70170
79152
84685
50498
8605
28380
62553
47597
50727
89994
93146
45246
56605
71713
28820
61230
74575
9968
98099
57124
18617
78438
6898
67634
22316
64923
84515
93494
70860
2565
45700
22439
27807
30970
32890
14893
17971
72351
39424
37423
85277
97814
54601
35359
94910
68906
47527
30882
99279
44341
45814
56676
82365
63722
17207
68119
21430
61999
67907
98741
57880
52126
44128
12790
33467
66960
34173
25066
4090
72160
93916
60035
74814
56752
88975
67594
45410
1694
851
41807
45763
84373
85574
32993
58090
20848
58965
23480
87714
13016
83530
43426
76620
38729
36240
26039
52510
71433
65060
99247
13689
95712
2217
63489
4692
9156
84169
16629
81870
78624
66080
54587
40469
96829
96320
98026
39401
18924
94108
56151
78446
5123
82077
83301
36833
80768
81468
64655
86022
51984
60831
18161
33578
55077
81622
22175
64236
72887
85406
7099
93960
40266
3687
3729
65139
18914
78843
18181
53623
45875
88696
10200
16289
63356
13554
25277
57006
33794
59313
44643
47909
27173
46938
40930
20464
71390
16641
85780
85574
21762
55087
71580
40708
1767
90535
44997
44245
51559
5792
1890
15673
38991
37015
88641
80679
95081
8859
33552
34638
53724
51666
52323
45632
28504
65048
86719
50742
8544
52902
7550
19597
93181
47676
85818
52105
57567
7496
91760
99607
86682
31679
71676
71757
35197
94935
92513
71748
17020
7053
90011
95190
87268
58358
89847
16203
35636
80121
97841
35162
26315
54803
19832
19629
70711
48597
79939
61821
53169
32723
73078
44853
89686
81356
92859
46421
47196
98287
56460
89297
42571
33433
35562
2928
75524
15414
87402
31060
89041
31385
33791
81721
54337
90653
30502
39385
90303
61971
89991
8858
11180
10088
59996
74780
18527
74225
9786
96893
3655
9322
59598
46056
73443
62052
3741
71825
4308
63355
49466
25266
58006
16306
26436
54063
87327
15843
28641
80426
90847
85122
98481
23596
6213
35910
26031
87311
85794
85870
62449
1053
3741
59157
37573
78742
73553
47857
60335
40511
51072
4915
94050
51340
69953
65373
96930
69152
57877
64543
1327
22423
38958
89148
22663
34830
54454
16338
68041
585
82510
13414
22728
84378
86310
3741
36119
33578
9710
86556
86559
13983
88653
53759
51124
11336
98400
65852
23617
5108
40518
5965
28174
21320
98174
58318
22098
69456
70442
94749
88431
63370
73566
93950
27409
31406
71434
17302
78943
51143
89059
35585
34034
41699
12631
72172
99265
46517
74812
15820
52484
96687
71102
18458
93939
81699
46120
17346
93224
22991
81025
72882
62924
58642
69456
68517
20014
54832
39290
52938
74320
41025
87682
18345
73402
8361
66228
59033
55384
76071
46861
45598
57213
11763
79842
57860
17595
41911
47541
39456
50340
20219
18270
53486
29539
40893
54736
49240
56923
58726
42992
10245
26479
66744
92169
91615
42156
63082
28622
66710
40861
40840
10815
49469
92076
53232
25018
46051
2288
64743
95343
5964
71837
65835
66224
54964
28770
92101
53790
70660
21037
54076
67672
44461
39663
94487
44320
10905
58709
25343
75367
30984
87703
45176
93246
38922
73243
33338
33193
27872
61653
14340
78492
56033
19677
6967
41255
44106
61491
67894
14901
96292
29173
17049
6070
73376
41271
8808
42272
61731
74661
73311
84464
32903
38839
60934
97721
91302
94546
56024
47959
68169
2821
81360
18080
50207
39117
62509
37141
94155
98252
86962
69573
5063
36578
16687
74734
30923
96947
86368
334
38786
10984
85107
17464
71144
47644
6334
39594
93543
91595
83617
84862
40597
89942
18895
63835
78492
41450
4151
19347
38238
59968
29276
35103
76529
21159
51885
96716
3513
67024
3218
16053
46205
54649
91965
81524
47182
45412
40733
98846
69768
36399
64734
81018
11253
90914
71931
92144
87251
46996
49021
91149
90846
9402
91755
81065
79144
59566
8300
65431
72226
33979
96207
9717
60694
92867
43582
40280
82153
63706
59782
61299
67083
37533
90269
33932
84533
4261
41658
8110
57485
44699
8504
74971
7588
16080
52544
44528
64815
53186
79361
9241
57046
41031
27157
70201
84138
13093
27971
90868
86548
86371
41469
26909
78719
45062
74438
46288
47391
45184
44644
8603
10710
41547
97605
39891
47243
29921
74668
31350
30469
88431
71801
12917
66599
19412
43634
63217
268
70212
51331
74450
56572
5569
23268
76275
74479
32807
91276
82572
78664
38037
75489
25614
72205
3238
75768
81766
37406
53009
72189
62209
993
26557
59356
2987
15931
1176
74450
34813
69313
76853
72042
3017
94589
21948
96311
80015
57277
71688
80318
3506
65
45892
65034
43477
97160
1206
71988
64482
32193
10735
41000
55911
60010
24429
51794
30870
31571
97406
78181
13445
84702
84742
31821
4165
78170
83207
91870
98376
76269
4465
59482
48336
32983
63553
88156
85472
36121
21612
25509
97194
13948
55203
4174
43651
49501
80265
5041
84022
61585
15756
99241
53425
84113
39398
70593
92738
92725
13548
47607
19875
33113
34077
81584
20445
16499
170
44997
85943
66807
70123
23634
59932
38418
69855
69797
88483
17197
1451
76401
41782
48144
55742
518
79467
13656
72236
92750
85182
85629
33809
39668
96416
73097
9021
78178
15816
42784
84198
33056
17403
38380
58678
85127
12910
24806
59287
57502
146
93962
51767
13763
9335
5694
79072
23682
86687
25991
64595
68064
99854
91528
575
2521
46505
33920
74149
33624
27869
33801
39761
77940
52575
42922
75784
48923
65294
35266
66694
88607
25996
69174
65947
65539
3782
35173
78344
57398
60933
74883
31548
26614
14044
86915
19188
56378
69273
5139
34839
10874
94953
33748
4527
95074
69980
3127
1463
91672
20295
29382
81233
18621
33706
31748
99839
68524
54721
16340
91046
74317
40336
29509
95064
18312
7190
9933
88855
92908
37262
12035
42384
51714
19831
58121
59725
91910
67372
78349
72898
23884
27237
87258
70085
38708
92750
34716
9742
88436
44739
30319
84121
36399
7154
32972
77712
38307
2588
61123
21913
80077
37147
52874
58897
90389
1795
73560
40923
31389
98246
68689
86472
47224
66559
75582
72816
35365
55119
63137
54905
34661
93289
51013
89065
2279
7074
14608
91551
79585
72372
93241
87215
26026
22113
17268
84468
89430
82551
93773
35695
15365
32682
45914
99213
93548
199
24676
58024
87390
10712
46268
94482
93050
94119
71853
42657
64350
65410
73461
94163
70548
56100
35875
54731
64333
52239
23681
33281
46878
61353
34933
96433
26519
8056
96481
31816
14742
15771
76634
34885
57594
93264
28539
82824
13977
44425
43143
27238
5968
29049
88398
39127
39548
33134
65856
75388
2920
34690
21041
4799
10033
66484
99104
12260
51484
50976
29614
25806
20258
86803
99104
60197
85337
20814
44705
31390
11142
7412
51811
48914
75648
8989
31447
83209
58078
97651
83385
20301
99637
72864
92047
23587
26796
72627
85069
87152
44168
67061
62473
68178
79982
21488
98131
53001
15435
15253
90966
35747
8662
41020
21034
88580
50413
24934
89903
2087
8624
29176
18083
21798
12978
66278
60381
8981
79892
43265
6875
65939
74326
84728
31018
30153
26106
34854
62091
59475
4037
52756
14330
616
3312
47629
9682
40549
42458
85738
16302
15276
51332
48757
12537
41390
45356
68351
37767
20367
53048
68418
14007
61995
13023
71912
68396
45
68639
87636
8618
76025
57835
96308
74110
87112
14327
64555
83221
29475
28392
96709
16680
51456
71337
4108
96390
82331
91728
10035
23239
65613
87744
44500
77703
22881
93415
96341
66568
90191
30684
18296
76671
42590
33115
73279
59476
58073
69679
17733
40398
88396
70677
84491
86915
56711
57422
38675
53630
28074
75089
99410
39692
7786
15955
79467
1018
5602
7006
48495
95118
42851
29380
66600
20666
12373
97411
58279
19082
57891
95010
74825
13342
38167
11315
42145
48167
82202
73879
32808
77981
46823
72183
36913
8042
40344
53916
90051
96821
49582
35100
7220
42785
96493
75760
83819
6457
94922
712
54207
97388
47410
33492
50310
36474
92782
16294
41965
38861
90603
46160
10181
90441
24199
46961
63214
96418
37156
77596
22453
79459
77061
32790
34727
6674
84615
41056
41695
90350
13954
87041
46310
97409
84809
26825
71742
66020
59656
86446
44785
92349
51712
35567
25780
54129
55068
36235
48997
57790
56427
77638
60365
13411
26986
80617
27951
77601
76504
17542
14920
96382
62253
50725
6835
99730
1394
4860
80139
72229
62861
28361
8762
90736
83275
89251
34811
9170
33232
94956
84774
1637
43119
90729
59568
6940
50804
38633
93372
90250
5243
61668
56043
94073
88870
97580
49845
59863
38552
42148
86709
17509
49760
77981
54351
1524
68187
46913
14330
79011
66221
76479
56666
93431
62181
67120
26390
87729
6105
10781
50597
19881
13853
90954
21040
87374
17064
94635
65887
67821
6329
822
55936
85660
80304
54796
58889
6837
59014
44067
78510
15596
82488
70969
26500
38366
6879
86265
96369
29937
28093
93251
25817
96336
88135
9072
6595
62293
73828
90392
61123
93463
90914
8199
44248
20445
59037
87608
27408
25948
626
50700
39920
21532
27210
11826
60881
6270
72036
99222
91148
9419
12516
34324
71643
77238
69447
99638
18208
74621
21963
82787
31372
5386
69504
70024
13692
11897
23497
35038
19436
89252
81455
28994
11632
98689
53884
70409
81891
70308
95696
37575
73758
31620
1345
36033
12120
68042
12779
47717
48086
51781
73826
95415
48083
31777
85071
33947
78541
19711
61500
73045
92484
15758
29973
46696
38307
40378
40624
25462
82045
136
79934
18434
98030
14941
11629
11345
82114
68538
7364
71222
94679
50833
35800
43011
42349
74477
30844
91482
37630
88853
20277
49154
30406
56539
14402
5329
24228
67124
72099
91803
53807
26392
57783
18444
82465
23867
10494
75084
77685
18821
4231
46502
71891
14080
11254
36009
38050
38128
21486
98514
84535
70108
25861
54245
31562
1891
68633
32889
89803
91022
71428
14152
21922
47400
60908
17545
96240
37595
33578
39243
63715
92931
83787
65344
22138
41582
87342
49621
62465
70341
96106
68272
60464
51157
69725
24998
75174
43837
93797
96379
74849
65173
74820
8946
34029
99286
3378
57585
65018
72474
54070
79990
73141
69512
68686
30159
71454
22962
98672
47217
10950
67020
81580
20691
24378
42563
70311
71388
52434
58031
3535
28835
2447
98791
68530
53021
95470
51151
9268
73632
83136
24260
88215
47592
82267
1123
50085
79652
84183
61557
18334
3658
84874
10376
50505
73876
4349
92881
96571
2923
84440
58375
32483
3629
74893
49402
49772
15716
50655
57012
16949
44683
42691
62196
55962
20070
62630
48847
87757
73586
46840
3725
68829
76331
25343
33180
99633
94194
10967
22549
23361
75574
67033
16469
12524
12535
96804
69881
14140
59415
82111
65197
18409
66370
35438
35194
73772
40039
6304
99215
46245
75945
80554
65496
45229
81479
55656
67074
94124
54137
8825
85672
82112
2605
6507
48447
12606
64021
15356
26677
87898
82390
67659
79285
39056
70810
82617
30542
11129
74459
15587
6961
40460
33223
75562
21660
50636
62084
78173
51374
35338
93940
89743
85119
90996
84593
86414
84900
17119
18674
32144
72232
4343
10777
23982
46324
44680
99038
4111
54093
42467
26188
46241
61432
98679
29098
61625
88288
86584
56549
16823
36309
77458
64034
4826
17003
16202
24015
56574
39440
33701
15884
67139
12619
43122
5533
58596
15330
42842
97854
92094
92748
99134
34998
97191
43985
11497
59533
70870
87739
89722
38673
22903
73479
49061
99734
19434
6731
56940
7246
18704
74143
16178
19224
66750
6134
64553
7884
94814
77492
31144
12631
86582
54015
33836
39114
50429
24154
38108
83386
72181
69212
99439
1152
33189
50560
40031
21167
93637
98443
45365
27615
26983
92146
68648
60747
99799
73887
60455
42323
11661
77402
57772
16442
9332
76826
88475
63996
91923
70430
86031
18174
72910
63919
22394
26232
96911
2621
5946
99406
59324
19790
66431
71871
47285
89225
64516
99119
75519
65214
30359
14115
63013
76474
38178
60170
36803
13730
49267
9819
65268
44646
29835
40883
34146
49237
3609
32987
9447
42828
31785
65067
51049
46358
76497
59741
44888
77644
22956
48713
84081
19489
83105
83272
93747
23548
47166
23909
70663
59496
72040
52551
74891
71034
57413
24617
35079
33253
1630
5232
59712
15138
18807
76991
16983
40838
62074
31903
95568
29051
7359
79225
75077
92719
70283
80277
58469
638
19195
83360
48698
50927
27942
95502
20709
96878
10596
12600
2816
88357
9000
91173
46068
56460
48517
9408
42213
14108
79364
85427
27869
3314
24490
15996
6266
54513
71829
17860
60995
31276
93103
69579
57697
34473
82539
74879
59491
29412
54926
86780
60277
61669
18157
30984
78747
30723
7980
49716
69002
93285
70798
29277
21881
43061
81829
15814
21945
5561
87824
63498
84320
40399
37482
47672
45341
62753
93857
68892
58772
53964
54635
22239
94604
92634
69787
55134
33886
70634
25957
64778
6276
23512
31690
54965
96845
93354
27289
24132
56146
8664
2774
86563
4021
46345
36397
13128
98688
70200
84426
29100
36879
74643
7694
93384
53805
224
83904
37251
26351
9028
36363
21621
7191
54461
34597
59960
54380
36760
95524
76345
54524
79095
59555
26687
4406
62197
70949
39422
12194
92116
17940
19786
31306
42477
4596
31111
33265
46961
49233
68312
68305
75542
95677
21596
52715
54170
77388
1975
64172
26410
88515
94768
42494
22230
45497
88197
94395
21808
69452
83258
11521
7717
93240
37062
93118
14407
504
25599
89282
56332
46443
24249
25739
1630
53132
10582
80294
30037
63640
13979
10970
54530
2386
22025
39594
50087
42837
79340
92018
6150
89663
77155
66921
67010
137
46297
52952
16581
75358
10104
33913
14902
77123
41263
41871
86463
47435
25490
62711
16028
50758
99442
70478
49769
48826
23690
68189
28820
95646
10465
28580
80951
13974
23968
68516
12947
29064
60748
54133
74229
4780
58509
87003
71632
41157
84585
22595
1536
78945
74579
42023
99216
38491
52704
13709
77634
22228
45721
40758
32781
46723
39410
21704
37427
25794
31740
30073
71037
43973
99025
80288
80151
38197
14489
45521
72602
68457
79247
68816
73261
79611
23890
12305
81627
95904
18924
93088
81718
61636
63075
92083
19311
75702
95295
44024
44871
85770
1050
74087
71730
1112
35055
74562
73721
9482
18387
23132
26037
12252
29510
18427
87228
68597
51917
94776
53093
66740
96271
2794
39906
49122
65471
22540
48230
67757
32726
69637
73214
39063
48755
18910
20658
68335
95457
36555
75149
64804
78636
59462
34516
58670
60397
50817
1028
19081
13437
90157
59398
18687
62645
55992
85263
24001
52435
73379
62373
25283
48356
144
5821
99017
7500
57750
74641
54024
67906
72592
17037
87636
24979
64515
27503
99142
22661
32872
82098
73825
36142
27027
87656
5638
11673
20526
37691
92813
78831
14816
69083
88116
72251
53670
43120
31920
15114
66223
39426
30449
58393
17470
39494
31236
97143
18220
95539
35888
98900
33612
71388
93409
87996
73383
93632
19708
39320
60863
12609
67023
67745
81601
70209
39762
13026
66182
35708
45337
78122
46384
95830
20023
87175
71085
28963
34865
23798
45418
64210
37995
12139
93531
82892
7980
96874
54144
57490
25411
19897
80836
59121
23429
9406
16225
88708
86661
60555
19732
21121
63684
41685
84152
94495
95052
56302
14708
59733
28731
29292
75341
50511
8378
38330
72335
4287
94259
48483
40743
68535
95592
33333
13118
88276
88162
67034
57967
70019
7562
56950
52854
33103
39573
9731
21124
32543
66882
6148
18109
4284
25508
7873
92520
43676
70222
4270
33154
32055
67404
45123
88517
93324
66825
16909
44375
52664
2613
25534
59420
60232
86477
84513
98992
72687
24016
7617
17042
95369
62874
83944
79706
24087
12502
84032
96624
48604
34370
61203
58917
97424
32532
84741
91585
56285
57690
15334
63869
97094
47370
3958
29323
16217
22573
65254
87650
38535
19812
95575
35128
18179
73566
28337
88918
72018
54710
3469
44185
76356
21604
95742
15079
3717
95405
15024
47985
62020
66427
1587
12791
28490
12037
4584
50983
50904
22416
57077
39870
99161
82626
89565
54664
95677
41083
14682
7915
42622
45590
55790
93697
12130
64497
20883
94975
50316
57759
52582
86123
5385
46795
80515
39093
86784
24709
74981
94844
45760
14752
31599
74021
80886
97212
85896
58550
73196
90599
13384
45654
80415
63055
46225
46256
22821
72649
42626
37192
45016
11820
98027
6401
94548
43895
61124
88482
93229
17011
86621
49798
66966
28225
94107
31327
60221
2723
2830
23714
51450
13334
60951
51874
42047
70388
82399
46152
98540
82149
86383
59271
14153
19922
14708
92316
88254
56424
91203
7419
26427
49077
60420
51787
9755
66918
7182
32009
527
26139
88517
68223
65015
446
18324
28292
61680
82142
26184
94157
17158
76432
28818
72110
48633
95258
78991
61266
45984
86913
31347
23130
49587
84593
77551
48628
67654
17907
70253
88493
67563
75697
86432
19428
11065
76244
56971
91480
84514
82457
13205
24181
52354
21176
33948
8935
95384
53272
4549
83277
72178
83155
25731
7679
84572
94930
72935
80527
70118
8178
27279
88531
3551
29831
13863
72056
12299
55287
53402
65477
22662
16830
69187
91503
97246
67487
71225
31204
36754
64114
995
97974
51178
56708
86429
96521
47422
48949
74954
99516
56131
30390
58287
37124
68297
82326
84563
30284
82296
94480
81799
18391
87867
23852
79668
15864
68217
10860
30560
17692
22214
56812
24471
72885
39265
21263
15221
20848
47954
50139
22472
27518
5754
6737
8387
55960
97220
8529
15636
65445
14533
89666
2560
82579
7027
80371
25475
60378
62558
30110
33944
33571
98289
99668
44831
87328
17418
76943
60855
43378
38403
57963
58128
95514
83478
30685
4163
97750
47436
44355
76094
63084
26884
96073
53385
58752
16858
13272
73211
52990
97637
23915
82211
56790
55926
25617
47083
70961
22876
30116
52625
75332
33447
23015
87152
89594
33636
3175
10499
71767
3054
56345
32268
51586
41311
2623
17892
67771
52270
71865
78630
33314
73872
37460
51598
37742
73287
8799
15259
6496
71608
90529
1812
11055
45496
91862
77894
10566
94225
73738
47379
91063
73779
64172
59512
32818
39218
99416
45762
4783
15511
70196
24351
42880
92118
99556
64002
93768
62424
51498
40343
66187
27002
50669
75134
96158
83631
20154
2532
48484
85732
93632
709
66004
73257
81680
93857
12292
24798
41501
48808
94704
37451
2704
88052
36060
95463
71325
95144
94691
74394
93787
22127
15967
75262
3643
74746
23189
26814
62070
23616
61209
41060
79612
54732
20948
29529
48825
39299
94954
26251
37552
86975
86512
6245
85202
27495
97862
89396
66712
79380
66996
90417
72384
45593
22103
99848
20969
33716
14477
27939
41106
79345
97981
34663
10757
21574
60868
46290
10098
9299
5097
73617
33867
27210
90710
30807
33812
31240
29444
88514
21804
23667
18415
16536
45481
72905
85186
25678
53367
50990
41733
55938
62383
99757
75637
39217
4700
68844
25192
7520
88731
47500
4054
30266
64915
39805
27153
98407
92141
3352
34763
44779
50168
40397
77182
68831
52346
43494
87463
98717
64278
4202
97795
37928
15520
61219
75839
72181
30368
47092
63733
656
98438
88456
54769
99739
90388
52121
20490
58438
46692
94861
53449
75305
81906
19216
94337
63205
78434
91942
83763
67028
62710
59778
64402
67026
70988
65903
43803
33258
59368
83808
32174
52650
8786
35145
36405
92517
10928
1222
41771
12920
85732
20763
28531
28860
60315
28161
90974
33382
5601
1232
80691
93877
39223
85558
1006
70525
68270
74073
18060
94497
51679
744
19848
11704
22489
6271
6954
18547
97878
38896
46668
82730
38644
40586
7222
94255
56719
86534
45662
23795
68660
80697
12163
57248
51577
62998
92360
42017
13421
22954
56440
22021
29467
60015
85981
53717
9383
13701
23834
68309
88143
530
49902
67897
61346
54468
55048
47219
54103
21796
31832
4742
7718
91055
96105
94888
62088
27590
81593
83481
53274
8449
40993
26827
49325
44049
16893
71797
93342
90967
35931
49578
52728
23350
220
598
96810
73413
71940
49191
48659
38952
94540
37330
71444
56584
86078
15191
71300
13400
78986
82354
52558
85259
12226
46941
46825
75155
61554
49880
18519
62780
32838
27302
44714
4894
58580
59826
52072
79460
69629
28003
81441
40142
16358
96541
36429
33320
5461
42600
5827
18439
23843
44059
40929
88547
29743
70110
39345
7268
32915
54801
6244
27903
62061
9278
89828
8889
55335
85923
16202
85199
99204
6670
71468
45653
99754
77723
70906
88263
8938
74620
33595
37408
30115
91305
48649
62582
95853
59846
82072
29832
73697
58134
60894
79607
80613
38451
65787
61763
69867
15683
44248
20605
22574
76958
5075
29219
54896
12944
18058
80986
94903
5268
64271
54741
25364
20656
58812
44386
89489
37294
77179
40401
6184
73472
36301
70438
79564
63893
53132
29758
89219
87395
52359
31932
94607
34893
74318
20436
97212
55025
92507
68957
34002
27125
58303
20194
30045
53756
52451
89984
53132
22497
94919
67303
10310
17581
74468
69558
68293
11643
87405
85385
2116
99288
51899
88863
58983
74869
83942
21039
77678
11206
61459
3777
57207
56749
84656
22541
88612
95484
6182
84933
17658
58204
23978
99898
42792
63981
10707
39323
38497
73498
93090
51839
78064
22641
64313
62330
63819
93568
47572
22420
15288
36631
96782
62935
77778
46891
65319
30773
37031
6610
9173
27743
59370
53760
99458
64911
40257
94535
45480
82093
26252
35231
85015
53600
74604
29760
31267
25183
39903
69809
22299
84618
36839
92238
34908
94048
39196
45326
20035
55157
37626
8292
63113
40756
2663
55505
73258
95926
74245
29934
27889
25989
71406
6735
13021
33702
10064
16814
69912
12847
15965
12590
35173
18583
56181
88150
86848
68495
17161
87590
79455
61500
51329
69521
9679
89725
65642
77347
43410
65513
13889
14849
62108
94922
64575
18443
67507
3361
46057
23978
62924
39935
49402
26370
64767
79950
89755
23744
18193
35038
12931
2899
45623
62572
56144
62792
29068
70985
38312
47844
32520
43251
62557
25315
71617
56256
74187
43045
69732
40465
36041
21426
49027
33351
99494
47387
14814
16298
44232
14623
52490
55886
44178
67516
64075
62896
46583
7426
83244
39873
45704
89517
17277
45310
6053
93498
77573
77782
94502
52808
38543
38550
54001
5942
13060
83119
10999
7262
76396
14446
1185
85642
22672
48880
31035
77599
50507
22962
86452
17075
41341
7302
52896
1582
105
32414
5242
42534
54272
99317
78222
61005
93858
23234
23734
10289
35360
33420
34684
83713
36784
6286
53483
92071
99883
69243
98192
93270
7536
18125
69272
58435
88529
43535
75633
11670
10974
42623
14962
73069
35321
11080
23589
11537
73393
8669
98629
45050
7638
89362
98173
1948
51805
36850
58701
52066
63675
35073
76848
79826
39219
76648
11673
86324
13524
65662
37182
37871
6277
87552
51936
28245
11614
52744
1773
75592
8311
92339
43809
53652
6767
59370
55731
83435
21495
43301
20355
85005
20218
62493
40015
57247
76246
46378
91923
93603
95017
10254
46002
52641
98825
30901
64524
33780
96502
96686
57767
33381
87467
25359
64394
26460
64399
19372
10474
13716
74218
50518
20292
6468
26310
97152
92384
40966
62109
24463
64944
6898
11250
18061
80975
21610
26199
71856
66275
53658
88747
15917
80778
11702
69738
85391
51286
59953
68079
98872
83425
36512
22210
96052
46184
6775
16995
88018
90848
28720
90684
50673
26555
66211
6772
67930
36108
12115
58712
26464
96779
40181
55141
59384
62291
17467
9645
87882
75259
12090
84557
25065
22582
94082
79665
2928
70132
69687
59711
91691
86796
26395
63454
58412
28352
62798
88621
16876
35574
92121
92135
33685
69994
31474
37277
11670
34143
43865
95949
29652
65645
89440
10836
64414
14654
78533
32136
64521
97914
32481
10511
27093
92226
97571
33896
57103
49355
26076
58722
17548
39340
5280
50310
50505
60523
44345
24124
82836
96820
36761
54263
23925
5909
69591
94705
6249
32764
52796
87747
79466
16690
40406
66422
81442
36897
19805
89959
6314
53192
81332
48222
49403
44387
23543
6432
59795
29953
27959
85692
77861
75732
59864
68049
14587
63067
78450
83768
96273
45570
59273
19498
11208
68742
9558
204
6498
48097
52989
89687
49293
64954
3063
12072
7290
34270
11312
97846
59347
17342
62579
45742
19066
66003
72893
43666
56742
71744
94331
84976
85144
91140
8651
79994
33693
10981
58639
16373
75631
31630
77360
14794
82094
21454
40899
81153
28305
20482
92277
35597
2462
10097
19684
87683
34290
23746
67709
99573
52330
976
9067
17583
76743
32188
25888
50473
88449
43730
65900
82859
46563
87311
69593
18175
16722
19426
69686
19628
36841
11438
38509
33208
16134
36411
39328
50355
31886
20504
30199
3873
5653
72366
94882
82124
1967
75912
35114
30813
24349
44551
30011
9128
32166
87993
33875
24795
39345
21618
91838
39971
83032
98328
76216
25235
70647
91143
7008
58057
57744
68907
23763
87946
83259
92407
9173
34093
64965
95759
38062
44207
4055
13377
50483
10939
11452
61173
80508
47387
65604
19445
598
28104
34912
89617
49754
86960
98224
88529
75357
31651
70670
22242
30594
26536
54619
49593
20569
25777
42815
97395
4681
40622
54414
14985
16355
45394
80872
44093
88034
73996
22549
63546
41962
16531
50872
9003
20623
71821
9219
28189
86051
83014
19596
79749
6808
88745
18851
70652
61178
17519
47111
88684
61662
91737
63601
67474
59544
12653
88047
71667
90450
72581
95216
32677
49875
66215
56981
67512
46691
91695
55180
99631
91633
59095
83849
89804
76413
28494
36576
30671
53815
35542
41837
29003
38377
33328
12024
54863
69100
18414
90457
70402
87251
85605
33681
27623
55038
6793
38166
86069
98885
99190
8594
46374
99053
47939
53608
58866
7576
10633
1508
28912
78613
40709
65227
68415
62789
92601
89278
26526
14074
83826
27717
58066
31641
48268
87107
46970
75676
26098
49209
37451
45944
94262
58699
8937
45021
78187
52493
98809
46641
71786
29546
18252
50652
62884
3020
30719
1881
88883
21708
70219
27463
37897
42830
71177
28648
2054
93382
55267
58158
20543
86257
181
41225
45129
38498
15997
10975
48949
61482
44461
26682
22080
28305
23898
90090
54309
63184
58782
79434
74665
95286
59673
95899
31037
278
93312
74963
16165
87842
61736
59826
26332
30543
89769
80550
76589
57619
61421
26553
11026
36867
75007
76337
6684
67354
58360
51797
24535
66290
69507
84134
58152
33035
86823
14516
23920
78924
11708
80883
67309
14147
21318
62883
32265
20154
15541
25546
67612
70840
96210
7513
95253
14909
70298
97590
86915
20371
44431
59159
59307
96855
55763
16655
55573
99894
85768
71400
48438
24099
76062
90227
14159
22055
45704
27811
13685
38788
55890
10924
61669
90483
25955
21269
48852
71714
98813
144
83002
5694
31360
61919
60391
57079
50770
77673
95505
50818
58402
28864
75967
95991
69743
73004
77040
84868
98816
53379
70267
11507
14452
44541
27519
48153
14887
76840
82100
51316
34069
97356
33766
5384
26585
62890
19010
30593
61837
4833
20085
64463
37195
77069
10954
81157
16105
52201
91469
60276
77811
12455
48310
11928
42115
60269
12629
65218
86668
41798
73217
45985
82941
83295
34545
7331
70153
34972
97089
42176
7600
4920
97599
15328
79591
90254
35989
41452
70227
90064
666
22493
31046
73001
69330
10370
17238
23714
13622
17559
28713
91233
44440
90617
87557
2611
93092
17065
91121
88087
45428
59069
72655
25390
24874
47691
37807
47722
64357
80815
59221
94520
49605
50335
51583
92843
82217
5047
30281
9904
29336
65445
88529
22020
61528
2079
34024
49071
23821
96197
29047
94992
71007
78849
59546
13726
36024
56890
13274
38200
33393
7466
66229
83953
69952
13588
26282
46948
993
32573
31064
68605
22889
7725
48897
15812
79134
99648
30815
84220
4389
68913
64766
25369
96159
15160
21084
12472
4318
54904
26111
93899
24604
78873
95664
44138
13398
76873
85898
12741
19007
8356
16027
60577
89753
56354
7351
70200
95507
2279
52384
22035
7772
31438
11091
48491
78156
95081
98638
97794
82136
78412
23195
43393
68368
72852
5562
37819
2121
82312
17822
57420
23256
23208
25439
86071
25024
8602
43478
96037
48859
67828
18082
60237
20384
54194
70885
36160
3113
3780
68174
32103
95843
15018
12990
48379
39388
59094
31255
80320
74098
26278
8964
99857
71297
82799
60698
39878
29360
40821
2508
57878
59431
9056
4976
88669
96375
18272
83555
36177
8429
54329
54762
86958
34310
28876
70993
29081
62614
99959
47882
39896
63277
33321
1777
46193
35251
1033
44106
87280
40129
2028
40908
10626
66843
67199
171
35621
11692
79606
40902
47012
35525
35444
13075
19287
62358
96219
58046
51915
13634
25129
57401
16934
52281
11742
22617
1752
5116
76142
1932
4640
33580
96434
84050
82829
69113
9976
84747
89676
90756
91117
87737
95551
23889
56958
9325
39892
92986
71246
16220
8617
16511
64388
96532
10337
64226
49350
89633
21637
24395
80527
12192
38514
43129
70304
94103
61767
12469
49277
75564
63335
12070
47803
6453
64082
85886
89126
28037
27002
57175
18532
90278
65458
32355
2094
82726
53561
82957
67630
32875
10993
23026
62424
63789
18367
72108
39655
56623
42538
5077
96759
99252
76067
3504
43037
54642
81013
97771
64829
31366
77864
10390
68373
18086
85036
84450
80333
89423
28223
89556
72011
719
14991
68464
75116
1923
28550
36840
24822
14831
43960
13855
27887
24318
43426
36917
98378
74162
90179
55537
58546
8405
4209
32648
99616
94857
14289
90332
73353
4437
53750
24730
61982
82677
73286
49509
41275
7081
44600
63498
33414
19828
50928
50415
20079
77699
24692
98446
16991
94215
55792
49785
51293
34772
22587
80869
16787
47048
42857
92202
19998
40129
53371
34607
39867
76701
36616
38833
54891
8632
17477
3263
95496
27999
86432
32964
23820
74592
4748
340
38341
34066
10969
73813
56926
97040
8736
75911
76014
71617
99442
10153
70771
75793
6615
43157
95715
51551
49262
34977
51106
60584
3199
62483
9296
87713
28967
57867
53721
27839
87853
15969
39466
58580
82837
7312
32125
36232
39924
39212
94356
31347
11773
51351
98729
60322
12503
21012
35136
38887
58284
29381
44034
32004
87261
30369
40911
47407
91753
70633
82939
89260
41118
77586
7025
61960
75837
36179
5768
67361
21893
31660
91045
4615
77774
35745
27174
26870
33091
67553
91215
2607
88873
3368
57696
98181
22069
46178
68653
28048
10989
99694
32949
9767
95543
46931
40786
90599
47493
7564
95161
98041
26641
63028
41618
31680
17647
93626
38711
29231
40884
26134
109
68494
21727
46937
15335
92655
91225
78420
33861
14800
3714
46713
43678
54185
98358
22180
66909
65687
86744
74920
30971
53593
12973
46188
2837
63879
41133
7395
30110
66406
12748
93014
67666
25466
73205
53019
3170
79568
22406
14456
49797
75124
64958
39248
3465
79587
66538
65534
11189
56750
77428
6292
32039
54627
92742
7224
655
791
72562
37295
74567
25800
899
28818
6898
86976
61811
42849
76245
81313
90423
90052
78045
17831
98150
16026
23055
20316
72286
9989
83947
66186
92049
16585
94693
10923
45149
56977
85969
23128
6127
5565
80838
6705
53852
5535
89465
70515
42688
26986
31018
46989
30935
57315
82815
48930
54685
67103
28924
62667
55596
83991
4079
39427
25865
1100
26482
66510
60400
46254
32650
67560
20679
50706
27197
73265
24635
80197
16059
6250
84703
12422
72146
202
3278
4127
1807
69399
73251
18340
57108
50811
25050
64088
84421
53437
18137
64850
30843
3156
64360
83639
79222
88376
10042
22300
78436
31423
57
63777
87224
72330
94891
84668
73532
60045
5274
17739
62977
85112
24634
54868
49014
90410
88982
7137
84561
21649
4340
14477
84380
24215
64386
40240
79083
69046
72292
20540
34151
33914
64251
55053
35387
76226
13334
41856
19756
83867
37315
21660
85619
78977
33570
35939
43058
26918
85767
75454
88856
94935
10791
74931
93738
45039
74162
36866
3759
57222
38846
57940
32476
83400
58210
96051
90727
51514
69800
52751
68571
6971
55301
28077
74601
97193
44631
26463
80551
30612
85551
20570
30360
35456
91468
6673
40287
47688
24226
4737
68387
66932
93771
14366
50031
85577
82374
37427
16472
92453
19688
42889
67765
56253
96016
57545
30016
15892
76805
73074
20573
48441
82473
78192
75522
74855
82886
3301
27988
84788
51685
90228
26333
61010
8112
19813
62097
55037
4460
73504
31937
64199
72447
918
13517
46358
21792
20980
48547
43333
61567
73034
23151
75809
43506
78644
29781
8746
98028
6979
53173
43162
71859
69403
67749
95681
86492
34156
24771
14308
2098
26085
58452
54018
52022
44889
57760
5647
56903
41730
37158
48086
43558
11414
8417
57064
1861
90393
58922
76020
36836
34270
16650
68236
90315
42297
92601
22415
25326
16908
16890
10316
63534
95384
44097
87936
82430
54442
36837
43279
55100
49957
12743
97816
65985
28262
71146
57620
29258
27748
57116
19998
43893
29480
6411
97007
12775
89022
74533
92232
89794
32822
8657
36603
74110
70294
67271
74504
77297
34867
5800
52352
4154
81714
43048
22070
20901
59567
46252
94815
50154
82385
89082
53811
48288
1543
69751
30333
21864
16914
19351
20221
1573
64878
23645
76084
34961
12941
97351
20495
88332
41254
832
92899
46689
91730
2497
77666
67126
24838
3418
64079
12811
13470
40392
97035
87562
86280
90142
62099
80825
35693
60808
4544
3303
27018
80467
71318
21563
97039
96241
32197
84688
22289
16066
26831
77361
23597
45432
3745
65623
11105
16553
30274
61557
24521
12420
74595
10083
49779
2366
4443
81427
90934
3762
67841
16343
28909
50264
60761
71268
34758
93647
41573
30993
95925
54557
3615
20725
46020
48736
88896
49314
95087
8049
71728
61963
95672
65584
83724
53965
32543
24576
94745
46542
10138
25059
18547
7334
93696
48540
73248
9170
47067
97016
95204
79147
10884
94129
43238
87056
24093
16247
35439
86417
83028
55368
68410
52659
88588
89014
14072
80738
24590
26873
55047
46822
17586
21649
89039
95157
55203
76373
10493
61314
12454
66035
26176
77742
14243
48890
64451
44480
87427
15026
59518
4051
24913
98649
74027
9337
8967
6143
56314
49390
23422
31811
54155
54920
63386
6239
15223
11892
61420
81237
52682
63102
13534
30898
7317
86445
1754
17753
220
76753
69380
79729
77619
33914
47496
36149
99673
4027
91512
45158
38366
55689
37569
11164
55461
47862
63866
10099
53721
56782
61553
90020
22346
39306
37943
41859
72214
37635
18064
11263
23938
27901
20200
48976
92439
3814
58034
38154
34816
51520
64330
11977
64303
34142
41495
18437
65372
93570
38592
55430
21349
18815
42569
76440
2605
445
35386
944
9159
14638
43933
89454
89232
80426
85394
5484
75871
12272
57121
13755
17816
74336
89981
68689
4263
78753
15773
46820
48987
40484
63999
46362
46428
53450
35387
89798
65166
70156
90803
68058
44224
72041
70192
89619
1400
48034
51935
67201
68222
27614
81752
41280
29788
55375
10680
26597
20562
75068
56383
94526
69496
56961
27795
81785
23739
21475
5552
49910
46263
91756
99385
33902
66682
798
75814
96149
68057
58850
15085
70512
1250
38848
13143
75839
39503
31110
20298
24009
84096
70148
39383
77178
14354
31495
88285
78432
6179
15185
21145
42808
51722
17239
69196
68427
15974
33203
81308
1282
5152
39546
98714
70430
96834
40671
37178
14424
44964
27537
60313
85789
92780
21428
27768
93304
2139
92398
17961
94079
87004
3177
4357
22715
19001
61946
13157
48816
30324
93907
94311
19252
69878
53692
90210
19710
36285
72417
6933
83590
6269
22286
27066
63602
19996
81515
9049
22461
49821
55013
34781
9578
50349
88334
43989
71981
83057
31724
4154
21823
7250
82356
23735
93319
18716
26379
22504
97823
74861
63066
3519
29864
70069
49530
84616
44954
50349
4403
81911
77334
5150
80572
53016
4146
35540
49704
62825
48090
82639
58133
34710
38398
79979
23928
53099
85887
5454
30675
47535
55536
41420
18926
17312
83593
58373
55868
10022
76569
69405
77765
49256
21934
53388
26346
95178
75339
60348
69845
78249
8937
45724
29760
22845
37492
83518
78497
11999
11439
52540
97286
69523
49868
45187
23290
40812
45889
3834
13507
67580
8694
74642
35894
89995
99504
1847
18361
82495
98673
26240
17288
93160
3628
13996
23180
71665
74409
17933
90928
41381
20236
88999
13943
34721
94631
30010
47163
61701
21308
16679
86506
24014
87634
34314
76182
75449
97725
54618
17770
85376
64472
30548
8152
45364
37214
349
35194
2985
20392
90542
72658
18334
59872
63090
18059
68916
96520
34999
50663
8442
65018
57921
39917
94343
99303
83754
54198
86143
48635
78335
69491
3217
99888
29366
13532
58844
98531
26796
1523
15862
82847
85665
32586
90880
65189
73747
37850
19442
44854
3876
29742
13569
81796
57253
90799
16114
34571
25584
71344
58658
32372
29622
43731
11003
15761
43649
55584
81327
54363
85695
7177
5784
17866
81374
37745
19510
47799
39879
34843
3927
95565
54049
12479
40538
69990
30985
54878
82633
89727
15315
73896
34127
70251
66742
8630
63097
83521
5685
55148
72241
31621
83431
10328
85355
85242
40203
75499
32705
68256
68021
55582
29758
65108
26483
56780
45208
29158
25852
46410
70023
37666
96708
24301
97053
59301
52916
88981
29230
11339
14443
8796
43969
69687
40602
10282
23712
17187
32239
61076
47556
44212
89424
72349
87335
42419
80610
21694
97957
106
939
87015
71974
52760
60841
21840
34224
12016
96838
75371
81217
10360
8679
17691
68063
52184
20277
79552
97859
42681
30675
63063
81954
6903
62316
20875
11551
99021
73762
90073
42684
23774
38082
33297
78446
48139
26857
89480
24786
6776
27602
69004
10494
78711
26452
67028
32264
82443
31020
16762
83097
2350
35171
17801
51136
18307
174
46670
98687
45666
42722
66654
85979
9178
89644
47199
5298
73953
96844
40670
54180
46
56762
87132
54665
76975
72046
84033
85041
48631
41906
23083
34584
91618
16033
6551
56431
68013
62787
46656
42121
30168
90261
53984
70892
61759
11268
37228
9766
41114
78485
47744
86466
49148
80671
98467
87172
8916
76801
36287
84584
49376
6494
54069
96220
98612
30818
10088
16260
93137
39685
20377
73967
17633
79156
56165
67036
1481
93684
65649
96483
35814
78775
42025
38038
63653
6319
10659
96985
70252
73382
8963
23346
66233
33741
38486
61169
60594
24666
81360
5832
88359
35837
58744
92194
38810
26490
71403
36530
56658
7116
42125
44033
83454
28839
60150
71564
33280
40579
82292
93724
27577
89216
37800
64135
34964
66788
70838
96184
47866
60475
65949
58950
4533
36805
29258
82116
48162
90993
45945
27037
49591
79883
71533
13329
85838
88555
17515
36742
59929
13977
38472
72962
18166
3461
13776
8971
87389
52386
1854
44742
93193
61614
66308
77740
62607
94490
57327
46949
48470
59559
88065
90591
56919
51951
95458
95031
17833
43484
59974
511
79299
80878
3
11781
85455
85187
54069
91537
73191
57230
41400
57100
64065
61042
19528
88040
69554
36483
20129
62479
42728
38246
55964
41125
80274
33308
4512
95718
55560
76356
25296
82740
8252
26217
87412
89500
46444
8768
43380
28427
95339
17134
40382
20120
72196
90151
17218
99746
37778
91672
11094
10987
60542
37670
58882
92170
93225
84371
19074
38458
14805
97147
51054
26467
21864
83775
71414
40678
64672
80292
77036
32166
27469
26473
55546
22355
44883
3837
90433
3301
33376
96729
92570
47417
41841
22638
39536
9371
47442
55056
33966
6368
29846
51854
71766
72439
81669
63544
88137
33919
39975
49983
78337
36654
97006
66908
77732
31675
60871
53327
31676
75576
40648
1530
49836
79770
78556
71336
48889
42145
2145
69029
71574
37850
51706
47136
38024
8800
31717
95327
66410
64220
62460
51891
70171
83425
18276
13650
56087
71119
96912
95576
89429
38037
16721
74111
39881
21315
44896
91300
6580
76816
11104
25099
7726
88140
71400
20681
46390
29032
48174
61708
53242
54631
58787
75192
16734
73235
916
67508
42068
81586
48253
39141
98125
3857
18499
15273
52597
97054
35772
79551
19231
86663
40381
85072
21397
390
18994
72580
67467
63908
16458
20897
6850
69266
53997
35570
83102
51287
3116
78247
72266
39876
23359
51437
96872
74189
69942
59100
77727
97208
90556
87244
3782
446
98367
21135
78620
52569
81773
56905
9052
64199
40874
67605
97502
27644
31194
27012
60582
80191
15873
86733
51319
23986
97664
98379
35196
34401
54986
3332
58286
19732
30584
91
22452
77721
29528
27607
25629
54016
23641
41407
47034
77576
34646
43228
3910
38257
82669
3407
29280
92974
57003
79873
29651
32909
7720
10885
62037
30836
41451
58247
88732
61200
75285
43552
60586
218
21103
42647
61914
78829
99803
6882
71769
87472
93058
6741
2903
30638
40607
52728
79692
43209
90278
83040
89385
11846
60539
91815
37723
88655
7073
82907
26351
67042
45425
23331
48668
84402
20890
28851
69583
64383
46715
92264
88396
76514
90065
5747
2801
85960
24668
38675
22717
35557
6168
75511
38833
59525
95896
31113
81904
95680
90825
10550
40831
87392
16638
77305
47809
52391
19212
958
69663
90995
96674
62922
51547
56376
98538
7867
65336
57446
59472
56508
10187
10357
86846
1193
60587
16724
92578
21942
22597
94137
68414
47730
47647
83468
87137
86640
46440
74331
49368
21945
41600
39610
1926
98795
29323
76049
46299
1216
79755
24906
90176
84641
65882
99299
39927
83549
37773
67313
81294
52927
99761
78480
79303
81350
80178
98904
91162
39460
71237
20310
96034
67376
8929
73775
11713
51978
31322
22632
36804
95192
64419
35664
17198
83554
30729
23168
3935
70064
55250
79819
34268
79365
24838
94844
76090
16644
75839
67387
8893
29269
53814
50722
56043
93210
35921
25045
81932
47017
27266
57342
61484
60606
48448
35508
48127
24900
21592
18316
50129
26795
18023
81981
38971
1536
58468
32552
95278
39661
77445
60848
79274
95007
58134
3680
92245
70785
39958
25275
9073
70186
72099
65002
37641
41820
11819
46148
95066
45034
96562
10646
37292
72386
36352
28395
45985
95125
76345
75471
19806
40222
33945
92911
2135
29207
66522
9542
6030
22909
87213
63338
3473
69487
47958
15576
94464
50732
90221
30964
32735
95850
30844
80554
26307
85982
97983
40197
58029
60449
52511
7643
38200
91079
85587
65099
401
75546
18091
24088
83340
90820
81603
27968
18783
59052
49028
25471
60442
43085
77507
72417
59384
76515
63128
44365
52499
73927
212
31892
7797
70723
71289
54311
48420
91690
83547
3370
55836
21295
56759
89082
13974
25544
30028
24464
69946
90696
52887
29947
28144
41733
37928
17861
31194
28322
32493
6602
83403
99559
25513
84603
67276
46842
23735
82661
43815
89345
11766
2334
90848
56333
86550
65500
24738
88656
94113
12013
240
86725
61986
18667
68907
469
32488
43502
16183
13509
84081
2067
23609
71801
27443
5867
61214
6971
98874
26048
49693
50458
9555
87122
14486
19427
96004
32009
17615
3456
86866
42817
46467
84138
84745
58860
96244
40152
17527
44918
70322
34148
45835
70495
51364
52118
91377
55901
12241
53370
12218
23488
52214
51103
3791
26275
12692
2605
80430
31170
4496
71688
42043
19873
33536
39371
84322
42805
36677
88671
32764
23251
87111
58177
21858
65268
41100
85854
5486
32281
95431
22341
21327
86073
90274
81331
7427
32501
83734
40953
52699
67671
21257
25634
4266
37689
48639
55818
88378
88199
37212
12864
8977
47071
76616
68496
43106
83615
45089
48817
80077
39210
91327
46095
83068
80547
25269
58704
97433
58231
38913
35859
86198
3949
45033
41582
7374
59802
54964
39493
39394
61158
6342
58579
39522
91921
53092
49061
78180
27557
94392
93447
79546
3126
68901
51074
58501
46915
30551
25962
27470
9677
2970
29077
46334
35807
95774
9677
37956
68934
43837
69272
82754
74447
89893
65062
45027
98276
28906
26475
72509
36056
37076
51095
35546
75262
11362
79128
31844
3448
86488
6115
96836
90023
79452
82112
61272
29329
53194
61002
5421
75295
61626
44207
15645
64968
75501
77902
35776
68558
5601
73442
75395
87496
52096
91468
71241
84607
95210
47174
26391
75277
55053
79805
8215
89842
23405
70299
94658
42028
97731
48836
59488
69442
79020
64148
34892
40341
26257
21261
18531
14527
43399
28714
18040
89830
97726
9
77713
44190
73063
23315
87841
2845
78058
58412
19955
7569
22229
883
50529
66000
12595
52050
95398
15702
78830
98242
16979
39840
86530
91299
7378
98441
11699
37459
51930
89701
54525
85271
83651
43995
15296
26592
18220
9584
54285
16533
99867
30352
56518
65700
59865
29898
33984
97174
28807
64979
26617
77819
95478
66825
82817
4661
45456
79758
63330
28539
80945
99776
62483
33011
94940
44548
92826
16720
73672
19688
41488
88712
55246
2232
7366
42662
32195
27252
27079
51265
40866
97121
85417
85253
7713
22513
81705
71093
83097
33932
81222
19146
11973
51777
7647
49052
92993
25972
17679
95378
50535
43592
30014
98226
71509
31118
25935
56560
69705
18479
10606
40928
36069
28595
27681
96359
40954
73221
77366
10095
27240
32842
28829
27977
62976
19896
49181
92262
73921
57314
8791
22521
9318
1312
80087
77815
49023
72576
35782
48358
64838
165
19956
9969
42215
36658
62438
76430
68627
71383
67888
39599
72618
86394
9622
58086
4413
51552
29976
63508
90012
4111
91975
25682
67471
28307
25507
31226
50833
10536
34786
43347
67490
96831
2174
32491
59802
34942
14081
49201
95245
44289
13872
42792
25689
79918
12569
37438
64780
90809
33121
24115
14395
74620
94799
47985
14748
85875
61892
20976
51741
26694
25437
98338
8593
22748
62377
25512
24157
39851
2299
39528
90826
3130
89739
95899
37200
91172
77525
44655
10488
18258
16439
24107
23580
61860
3853
31376
39857
16607
76259
58322
92851
28832
11712
14757
6102
11084
58292
61620
78233
17593
60536
43525
66629
22066
54006
78432
65105
99101
39988
20465
19804
22528
85354
33183
38474
51211
9426
60485
33394
18814
23457
6202
64151
67957
73339
22052
45347
23426
84955
39418
50993
23572
29579
27490
70818
8110
18907
20210
45995
25775
90310
18716
13148
16190
87912
71575
15587
32499
61357
93628
14288
74926
80063
39641
44231
81852
7549
72894
33704
70112
77126
1221
78770
14202
36076
43508
76438
48893
88766
48709
23250
60750
29831
39621
98613
46961
17518
69931
90963
71717
39837
16841
72450
32607
71960
7820
60342
43877
50524
49679
47146
96290
81760
66796
40974
49928
10078
7415
11819
69266
97337
92932
58457
90644
35611
41044
99532
5892
93991
68708
32941
96612
24259
90220
96620
44014
52003
14953
22315
91087
67487
82149
77386
65167
97898
70624
79887
67428
6919
20584
19359
41978
28199
31406
77116
79825
270
57548
81611
63707
12018
5044
20655
6731
99974
16892
32606
59255
80162
62291
98131
41973
34030
93494
36128
85585
85324
27963
60272
17405
52361
9650
44968
7286
37654
57395
9804
13814
87459
18830
66913
7963
49664
31462
94304
85061
20008
83902
13781
77779
9351
45663
36469
25499
74755
81588
22120
23351
69868
50080
64911
25484
51145
46492
78702
97651
96836
20618
90252
57974
63320
53546
2835
84205
36982
58645
46580
16866
56813
73629
62772
68226
55302
9274
49095
57558
9762
52428
8635
28153
1497
39580
60343
92721
11303
88913
29983
9531
87729
21591
13245
11371
58374
32999
25504
3930
19470
86446
89061
30063
88873
73976
29599
59041
42129
48882
51983
89404
77368
91133
28757
8798
45458
52643
61414
40750
85026
57217
85898
22091
38340
94152
35078
10717
12000
80922
27136
33794
95864
93649
84820
7696
62370
90003
31860
88935
48524
87195
7952
95894
51086
96354
54731
2113
70284
88275
63516
93148
81381
17554
13895
66747
11483
73448
50995
85198
16615
52749
86531
81986
37743
14579
77101
81933
33044
53988
78675
50599
16920
74378
91816
2729
2341
77214
67451
3817
48903
29338
33057
138
63922
85477
6125
36771
16074
4877
91441
78083
20868
61686
15127
67880
12161
82536
42672
24326
88743
78467
3784
21896
36183
4870
45317
58698
28874
73493
6350
31572
39317
82748
61295
74860
85203
76722
77310
61856
31303
32198
94075
73743
34881
27923
8656
40571
380
20492
70045
67684
1019
47967
56811
6474
44921
3849
14441
73585
63803
65237
85323
83627
98192
86059
6285
20384
63154
21263
51998
24604
48412
53769
56860
93460
40518
28633
66304
4825
43458
92559
82798
65445
57065
36751
96016
28361
54436
90761
4848
28482
37975
36261
14551
57436
31690
32728
73912
23339
16205
96621
45826
69136
36017
30435
1944
74492
81418
14179
35911
82285
49145
93478
40256
75086
32880
95638
27385
36115
34650
89607
41912
71284
10780
90904
74953
29967
52279
97861
79140
64558
1272
90801
42495
18097
70706
61992
40611
1886
79731
20344
91023
29156
7244
13071
65883
13566
44213
27037
12787
67767
72012
95017
32468
98040
99932
3224
37039
73802
90802
51930
38281
83119
39902
54089
37042
54049
58007
96653
41110
2191
60562
94865
77890
3598
85765
79343
89942
73113
88381
71104
24777
40339
75727
72283
74190
38231
75964
95285
97810
49880
66882
52713
16153
53149
35898
88102
94180
26640
20645
48055
90378
54456
30740
90512
59335
97137
96895
85844
65757
16054
63766
88866
644
26718
4763
95116
32314
56386
9214
3600
94180
22789
27514
54370
4091
93045
69528
11846
37894
64961
87156
63390
41973
46718
83741
18597
8132
6869
92894
66303
52990
17802
31089
20675
40576
85073
84893
96125
67143
99633
21572
91947
12281
37094
74215
55810
69163
92433
71074
74084
8307
75454
87140
61026
33487
9661
77055
82670
55851
2400
58132
64593
30768
95701
81013
76941
48475
88436
29860
91297
83525
76205
13472
71890
88197
91598
62075
6005
90252
48322
71759
81700
31011
27797
68707
11664
2334
51086
57493
34275
11641
5903
45134
99103
98953
92651
19116
45772
77719
84094
39903
64199
12525
68151
34379
17143
50109
90845
91216
61912
99283
36073
45633
81631
62686
94809
50468
22696
74885
90251
50737
43908
25343
5649
35950
23545
25207
14574
72337
10088
60088
41899
68884
32979
298
31875
93721
89490
37084
97671
785
20950
96385
43034
31423
79352
97459
75627
27715
94984
66570
73088
36323
23449
38849
79191
97865
6726
67500
39167
29483
21361
60260
26709
57934
40124
42445
18491
72381
90666
80925
91324
68800
9975
48018
79127
92125
2147
81241
6435
98515
82164
35683
30013
10374
85895
12466
65722
75673
84922
31889
25587
78772
93571
79998
1738
9046
45715
58872
82569
70440
97143
88613
48686
45917
35352
63644
85565
21451
33171
75990
76701
61444
27868
86908
19588
34307
77419
84543
61803
1772
59855
31246
94615
69391
39867
76832
20687
32307
11349
46013
12079
77899
90273
96067
46003
63381
56200
73249
54680
91976
82886
78831
98036
62378
65960
44515
7190
5176
81790
89353
46822
76880
53622
76893
41506
90406
68979
86614
36235
74146
24297
90432
1862
11866
24830
40122
26821
50872
78370
89093
46321
29428
44041
58367
81706
67679
11082
11009
45273
17120
97456
69846
74404
40414
85321
16593
74999
29830
65030
43937
24369
34997
11346
201
88719
27754
60016
80297
36062
26813
28082
42281
97636
86679
57832
56466
5824
30391
25150
82811
11066
58669
29967
41268
4533
38238
18604
93459
76476
71895
8323
15283
30103
95786
37579
80064
59712
52649
20457
73949
83589
32787
57539
19350
3963
36737
45078
29957
25427
3057
74198
30330
6096
70323
90432
97426
83578
67697
55356
25067
92487
91877
99152
51492
96880
93273
53255
51646
56954
39832
42333
95386
63682
45561
33576
7196
36294
35878
10221
86856
75025
74508
8888
64530
26296
14919
48742
48110
77031
85096
83593
96050
39607
50718
78262
99169
30906
91531
86278
33517
26634
89410
62908
59035
60182
71944
57929
85969
44120
49319
87761
35836
68330
78047
74607
99781
65877
43636
18089
21131
53110
25863
955
83805
83656
50442
32893
31549
67188
4762
47767
48965
81716
76280
26034
3536
55198
41104
79947
91545
77553
20157
15177
14764
72577
97216
60730
25816
77272
5448
90685
48693
88735
44336
49609
29033
14702
6175
30901
98165
48190
25872
42678
80242
82037
8384
38745
42769
74347
54210
30653
87860
90156
27168
30275
96571
9209
23913
34892
50955
70962
46372
34502
30131
78580
89761
9392
54985
8421
55742
86966
78533
73391
85447
74068
27183
78413
39201
15075
83105
7026
36201
76891
23837
87670
12068
18736
1683
32089
20397
56491
73357
67143
29066
21032
54339
76593
50219
55819
67624
68398
57042
29897
69442
6593
47158
35188
10665
72916
30207
10749
93214
16854
63977
95009
11129
30150
96607
91071
81995
80949
39259
72555
45970
44042
37032
74763
89002
78768
89936
68574
42656
3194
99673
26273
87464
62906
29994
26453
23462
71116
75938
15514
23027
98665
62707
94114
33879
89522
66386
49048
70817
17615
63460
43487
65414
30447
34348
7470
53883
42140
16529
9629
42852
61029
70049
38375
10631
5042
57940
92681
83532
14166
19679
75235
42653
28746
73929
3770
13379
73759
12087
16475
50028
53594
34934
5882
17050
82363
71563
39894
75805
38789
93952
15634
13416
67338
85213
4653
21390
41817
50373
13609
21066
62791
31287
55289
67104
31042
99840
81983
12989
63565
14187
19759
23395
95763
97203
77367
89375
46021
76777
68635
4481
77524
56571
23164
41897
54972
16358
72714
66748
41791
56981
54029
91852
1412
16410
68601
8310
83874
73661
42170
22156
28911
3034
36062
49814
4815
93361
2421
41068
18386
22894
29931
25540
75818
1612
55598
10981
44375
16135
97385
11768
36517
46691
98637
8699
74240
21866
24919
10056
69412
8513
96688
62707
7185
78234
55069
50400
61985
7409
70995
74384
31196
29912
12307
86378
38237
39987
2554
77865
34509
28522
75345
26701
51757
62167
23655
16469
13520
91691
72911
83923
10347
72304
47979
25419
10974
64541
1609
58468
5408
72587
69243
74677
61451
86150
58823
11066
77923
26542
10308
91010
95148
749
5456
86454
5867
29398
79956
75636
37060
41436
95518
28321
16694
64340
80461
4456
67845
79151
22511
70316
73734
30105
98887
16854
97273
20822
21946
70981
37582
80069
31068
75087
30001
45697
50282
97408
58463
70322
35347
23338
13111
87313
2633
10578
49002
65869
98114
74920
50546
60602
7825
2388
49511
4426
59838
52655
11814
10802
18840
2357
35348
20676
56051
73631
4818
7837
29407
43550
25517
36962
12556
56825
11687
10212
91929
90875
19404
44232
63498
7722
63182
15098
96509
41418
19363
37769
84115
35739
31244
68868
22009
55177
50125
56619
11924
62478
21168
91723
96023
85202
51380
41557
4382
89558
81036
61272
3178
60460
98844
79274
39319
43962
62728
903
52096
1375
52580
76799
64017
56160
799
11625
65939
24290
32614
29853
77817
68157
98630
52958
41173
7612
69082
56196
37918
23832
68876
17950
9015
27821
65224
30795
64413
70455
45045
81109
98384
61972
38915
4646
66917
65420
1640
66126
8436
10666
69809
87723
13559
55805
56028
12617
81700
3574
7386
18452
87969
47118
37117
54680
50057
51912
99202
40526
50851
78237
67448
34992
69001
79860
28578
72210
43840
96302
74478
2251
2238
77906
2752
61910
36932
72240
91245
64470
78125
32641
84210
32504
58183
80650
23234
40038
28132
8671
53384
76190
51340
35464
39618
43160
14745
35684
22010
84541
79047
81553
78568
17369
39026
43833
48918
64957
93028
12703
51611
64614
77034
78621
56671
17406
72500
90937
48060
62378
75275
89157
46307
21325
19431
46768
27839
5047
48546
18836
64402
37642
59218
14224
53620
7434
35607
11961
34491
23442
58859
78121
17142
34806
83525
83719
37831
37662
7114
54151
160
35477
78093
73233
47565
33388
31537
73537
99168
75310
85870
31963
31124
62575
28309
66058
57910
33011
42992
4279
23890
21568
3394
15830
92462
85785
21881
41140
48479
2300
40096
97571
67999
35924
21655
20539
79815
15844
21144
10571
69850
48517
53569
96037
65193
84565
99431
14174
17220
9554
81473
18026
46667
72183
66424
55583
67584
91863
2109
80134
25079
48589
24703
51885
54059
91743
9958
43155
5194
81825
3312
79077
75643
37410
52300
95610
83382
79295
51150
15213
25974
10587
45384
11539
78949
68975
26279
90777
92366
22377
46702
58637
60163
19118
55183
21853
6265
28707
83953
97604
86716
9989
64746
42046
5463
98312
38507
30416
48096
97125
71983
65696
18143
77897
28408
48148
45135
68181
58659
74838
10093
43838
17523
28580
63321
42561
57546
76899
30823
87816
22311
4153
34793
58259
71843
20381
50681
47725
94086
20285
88715
76480
47481
56125
58767
60114
86747
51317
70809
35115
36255
53706
60618
38412
36271
14922
37867
1635
6598
55804
82235
19475
51044
82905
88136
80306
67104
42701
89848
11109
20289
56695
35806
51985
47920
68035
31109
35643
16475
32351
4346
4277
46164
28374
3001
25210
33481
98187
46130
23294
56550
74438
19788
74928
79444
68552
703
18800
66803
39
16057
91362
1270
78365
40070
21229
54656
25144
19613
93180
97716
56937
35082
23214
92094
76842
67326
10957
12285
32136
87070
70862
36984
12941
88416
93049
14629
87087
2682
12389
82586
27785
23346
6684
36185
77767
98002
24155
44702
40627
25615
85577
98979
32785
26313
15197
38797
95315
97849
51808
16283
84480
38787
78947
94865
14514
31002
89257
22828
24325
35840
95400
16519
84265
48096
45928
97573
38261
44691
20770
22001
6314
62033
27101
34192
59292
4971
233
99231
64876
71029
65670
47880
87494
6425
26945
21985
16318
36806
69346
40878
67247
4504
1961
5422
68880
9501
3563
85958
94343
33515
30869
77280
21594
49279
76574
80884
61502
30964
24310
40694
30836
32769
37342
19485
67024
71778
37242
27325
99983
16494
15586
68696
54157
70478
53846
70945
78980
66611
32789
60228
61023
38403
38430
34893
37688
64024
12889
11585
83016
62284
37365
80388
85847
12062
14209
81943
51460
38129
48793
68177
46364
13369
79254
97816
93189
92897
24233
69434
20503
27201
4399
83916
35167
87278
93446
73360
60368
24794
99656
15321
64760
64443
42509
26243
79418
31035
19442
39546
69571
93283
79326
76292
79781
64128
30088
23374
80672
61505
84729
77116
18083
9663
80658
14061
62968
53598
32851
11176
99358
81473
65661
89795
68446
25655
36978
45340
92891
59137
67203
34261
93517
94679
56457
49615
56279
62147
3430
41661
17794
98331
21388
46287
4312
98462
3867
5384
13144
71110
6642
71519
2107
8086
68369
99862
22941
54895
55954
84541
63652
74959
62977
56770
55031
60540
25113
20454
26176
19423
97636
21221
84021
48248
99521
51936
12971
61041
79963
59167
72197
1988
66542
93663
65162
25151
19069
51442
82720
69987
34641
4980
82507
70554
40138
28724
13776
39525
28304
74779
47477
170
52301
44583
44591
97304
34608
16242
77596
1597
44613
51457
67546
62075
27326
8017
39287
17732
52949
87881
54526
96836
37847
60274
2843
58068
55752
99425
92975
1784
53517
55103
70907
87011
44991
26240
68201
64612
38816
13986
95092
57940
54263
97786
22897
62001
54433
22592
15373
90642
70297
19447
73509
77102
60037
54375
2704
21417
93145
95080
24858
1504
95069
59617
77145
90379
62618
17432
72806
1658
69739
541
25607
80229
38839
35154
28870
45549
19610
38252
23893
64
87367
73933
48873
11897
47675
38600
94028
24541
67669
45517
84912
7398
9462
33483
5654
23131
90897
77303
84609
68602
21173
37745
63334
45092
59624
99721
46803
38923
11165
59235
82183
77687
20552
57388
43080
11613
39172
70164
70700
78671
94921
93879
90972
57196
81644
92232
46067
5658
66056
96211
94334
80368
77657
57125
43557
3681
92490
95548
17622
15945
56824
81891
2313
34235
27889
11928
95553
79904
2017
85331
31513
65581
96933
89249
45906
13563
71215
88740
22390
95732
39879
96258
1131
286
21802
38284
52795
34908
7911
13307
40843
44491
77138
86852
49486
57124
26631
4049
91013
47779
71075
27218
6609
43423
88724
90223
56799
29448
22769
25309
36180
88506
88095
18872
34615
29703
37907
53626
19719
67485
40068
68421
94002
65094
83843
95351
27339
6970
86588
49649
73379
93509
79860
2348
34121
10394
48760
26965
1475
87193
72287
45820
52858
73546
96975
22844
13797
23015
26837
86101
36445
91989
93101
90627
77916
11318
51167
45960
19733
11498
68228
45623
86304
6418
69203
96222
96038
56318
92598
99380
19779
11242
43221
26980
99282
92798
64990
29776
73627
71106
87565
95034
1454
80372
2677
72872
95167
61486
50288
30809
27381
30035
32472
8328
27891
18369
4446
75721
98507
76995
54678
46083
32367
17781
75649
23084
93491
71140
75138
31496
49144
63289
95734
42543
39570
3251
98003
7824
80986
37940
57646
64521
68886
16
90840
29485
76925
71013
40675
3724
89445
99315
3697
29063
82167
94534
49956
28969
13544
10844
61284
90920
32673
48235
3584
72786
45135
82486
83176
84101
20424
23113
52691
14422
95038
56826
20961
14255
8116
95110
18655
91905
40296
28401
88891
38640
44618
21598
61533
25305
31681
12767
80926
73979
94672
67755
22241
60907
45937
88835
77736
21469
5756
74029
45570
57191
53331
55087
89067
42563
87403
84734
8281
32371
31679
113
36388
33676
44782
49897
76632
13460
10837
63073
89138
64
8949
16941
60651
4334
91869
99409
11610
68548
32844
1394
28352
50561
50706
62972
93640
55843
66489
30161
78310
17898
48112
85603
41335
54065
75838
35920
71293
98929
4533
35678
62925
44211
36663
57656
62789
37669
20646
40091
87274
11733
19691
41476
4670
67784
39620
71660
73715
32248
18762
30233
82089
8013
6607
47595
44741
65285
98616
33269
40031
34371
87710
37908
67210
96027
44323
64364
25588
99075
33692
19129
21858
26403
76611
68930
90959
50870
41129
40583
1562
5716
85222
49375
41643
83882
39743
33557
49711
27700
56569
65204
90346
69565
39855
6905
99132
34573
14375
88777
29980
24177
13498
29608
38564
77235
75027
16297
58323
61911
5572
97524
66510
26291
21584
82893
71273
61080
90904
82807
43672
13134
21396
51531
79035
4788
27349
5710
4279
10247
74748
42569
80093
72591
29711
65592
63713
82616
77421
31491
61185
87825
40253
40892
21088
71628
13789
53301
87097
33991
69610
98814
37563
78531
54578
46311
47794
72908
10398
86024
48315
6757
26274
98829
80682
98086
52601
84311
15101
36861
92997
1166
28352
23792
73409
55316
23792
98437
