89626
97288
60692
20480
48158
16254
19481
4061
14985
19701
2328
82523
85416
41578
9063
58388
52357
4659
61274
19265
71224
75703
7662
84284
46394
52267
5284
48547
96144
37614
95108
48154
10918
95300
12975
43425
72109
77975
10678
62769
66011
12701
23434
87072
58564
30116
81007
65070
47636
78131
95387
51951
19908
17588
82844
68636
34420
62964
22446
97203
49778
8910
96237
6548
90478
89438
69665
97903
42853
78168
50835
61109
59746
52939
12942
7591
74683
58837
11032
71925
53870
91906
88826
57414
68851
66758
1947
77139
25619
1763
67565
10190
56541
71501
40632
4226
97916
72443
27292
56384
59542
93768
58949
58481
85531
58599
32195
85284
77019
13368
6146
55168
87108
88494
10600
10934
57257
4520
55557
27348
31997
31358
87260
51251
34480
77356
79037
60277
72279
7276
18328
88370
566
93129
77505
73122
35528
5311
13614
68524
19989
10252
99818
28507
89653
12347
433
22822
43669
54785
98227
82327
3618
19155
20601
11490
90140
12517
66088
46902
79255
19760
68014
47241
59048
88684
15917
26081
33379
41730
42367
29872
4187
2548
12752
64008
18470
89863
85890
73819
20624
4704
52440
28107
70925
40577
30432
41212
94182
77036
99525
36991
16628
86694
90311
14037
59829
98212
27044
58572
11233
45385
3418
54095
84460
68541
55082
35298
89050
95650
70516
64907
39551
7355
84966
60854
20889
13891
68841
62283
2713
95940
69604
88190
33656
41845
3341
33868
33124
21073
66717
19670
43332
9704
68036
78518
33665
67136
32674
65191
7343
1412
45236
57095
41533
17688
6850
39239
2429
16751
8785
11871
52160
12463
45238
30294
39625
23457
67342
37850
4601
73892
43860
70629
11689
33425
12942
87847
49900
31851
67299
97927
93369
76059
9008
99639
27062
62326
26083
83253
99880
47426
40539
10575
17367
48782
18603
13140
3415
40828
66416
86372
52305
40576
16659
57097
444
29225
49637
82417
53520
55024
53805
62274
11110
17550
74927
81603
45690
88428
99686
71092
99293
70339
70783
48935
25189
40775
74102
83363
96554
23138
76472
56922
55062
44886
38440
40762
74872
81790
12408
27465
70374
8038
92034
97853
18127
85047
14496
22741
96660
31845
8075
71903
64899
72755
99362
92882
56302
6912
94421
56475
51381
6009
35678
67812
74979
58688
82234
61908
63769
74031
16893
23148
52564
19926
77150
55482
53620
97000
824
74451
76916
30275
40952
6697
27282
31906
75244
24191
95030
86637
33926
6642
48104
18409
29012
94324
50091
85806
52759
3572
45932
37468
91722
76900
60010
93300
19572
19308
91268
49950
40799
79595
80368
5853
34737
62736
47236
51916
7287
62133
29533
18129
61686
78825
21594
59418
51394
93518
22610
62538
65895
54589
98387
82400
68851
77016
24940
93023
84346
95855
85237
37829
71889
81414
86539
81506
88413
6734
98639
82201
71797
34700
94857
4280
44493
84977
56575
57878
39091
67044
74475
19215
23735
22242
72818
47381
39003
80284
75903
50851
1632
34386
59174
95050
31995
95842
35641
22335
18479
36072
62670
1188
96886
98246
80784
24912
51858
74630
73631
90357
7033
36884
22663
77603
77718
95875
80040
56293
46901
61055
84266
36802
31053
99995
52460
31393
44018
97585
24875
3883
23804
73445
53688
53855
28701
97692
73784
37614
17775
36913
40673
7180
51256
21719
67129
7367
30678
51163
52735
10881
3625
93854
4539
36709
88287
71384
77112
75037
68362
19539
99385
72678
49013
20269
8617
10405
6200
9617
91058
58305
96371
65215
82652
14668
56386
2286
66391
63027
74261
30758
37488
2089
65036
42767
49318
11613
46418
79711
63466
56181
10803
45362
6773
97475
55962
45723
21109
88073
32155
15163
29729
667
12073
39477
25521
92557
74112
27114
69326
31088
83718
442
74464
67095
25677
54653
13440
42244
62117
41626
81948
51229
31979
17471
34246
42300
43349
90250
65993
25396
69575
26063
436
37156
82812
88381
67475
2120
58914
50927
90974
14202
62843
68657
57185
59719
82109
90334
60102
83579
29141
2652
65539
10183
28974
19654
18300
94704
6295
24613
44205
45123
54131
48790
34563
53138
68667
19101
96064
65766
85992
41175
6350
28104
58095
16028
67630
46188
81402
75116
97258
99264
28035
49610
43315
55297
6923
84901
95033
99762
70407
85071
7395
76765
30860
97272
9140
15966
80679
12184
58740
36193
77893
42683
31443
12862
15206
66975
88464
76223
9585
79287
3283
85654
6865
32942
56779
60760
51784
83947
53126
66904
58816
75551
64987
78024
50257
12127
22197
79973
52564
50924
4292
89883
417
28170
70727
35174
48748
33367
33617
51898
81277
48741
53236
96773
16801
62861
3567
41740
32345
64063
98468
34730
26964
83254
19751
98554
61673
83199
64099
2245
47608
18033
87438
81162
88102
65796
27570
66735
19049
24770
23349
79325
81687
84059
21734
7846
40606
83121
72065
88284
85568
33974
4311
62338
45792
94790
26179
99599
81192
28149
92697
31349
51398
54510
16786
7112
97420
27219
81133
28563
73612
44960
13513
81268
23851
29366
39976
67514
92860
95071
91835
13110
97621
28221
16126
71264
2890
2646
50058
72462
23667
19999
31369
28624
50370
55914
25287
58669
31948
58814
44173
84602
14511
30803
14340
1101
99436
49724
99633
33253
47713
83829
89396
54227
34159
91825
1492
74308
74295
95293
12153
22387
99680
69018
5489
88605
97054
12853
64575
99309
28326
13507
21287
7724
83923
14543
17029
68662
40487
26531
93707
94519
54363
83660
35772
18646
79320
7794
54819
36161
91251
11105
36209
37510
80210
15238
15323
84197
59004
90467
67654
41899
81661
85861
48978
37736
43256
40806
46112
89717
46189
24176
30486
74992
61819
35300
92288
16665
60239
67253
37535
20547
1740
93735
90985
54023
82895
14877
49863
53888
99689
40066
62487
55882
76823
99485
16919
22648
73150
60673
96150
87
71701
87607
7782
83293
61238
93821
76134
17946
39160
76551
6159
71049
93134
85192
42692
48456
66585
70821
47698
1219
77536
44495
70227
89626
82553
1977
40263
3744
80817
10024
53873
16745
94053
85529
7791
46359
76291
69953
9544
35995
94832
8953
13829
87312
33068
94192
43469
39327
43851
18491
52276
38297
50010
74798
66950
91443
9729
89517
38932
13468
23218
62402
27395
35278
34184
11218
63617
39530
8285
81738
52188
39182
71411
88467
27039
38059
13616
34920
80809
641
27643
87419
99436
48629
87450
76135
47843
74014
48063
27805
59515
31971
91102
18851
