50283
49120
49062
50175
49330
47828
48648
51482
50590
49836
49506
48323
48105
50388
49588
50204
51137
49667
50852
50816
50560
48914
50278
50585
50594
50179
49154
50109
51068
47945
50970
48570
50076
49861
51016
50373
50952
51283
50195
50317
51305
49149
49303
50256
52087
48987
50529
50389
48689
50225
48801
50989
50897
47766
50028
48417
49587
49754
49399
49296
49230
48611
51222
49161
49852
48116
49772
49177
50095
49094
50604
49847
49773
51965
48583
48433
49876
49844
48734
50517
48776
49661
49255
49585
49652
51116
51002
48805
50752
49309
48746
49241
50665
48876
49385
50031
49104
50265
50873
49778
49726
49350
50032
48142
49556
50340
49169
51797
48857
50592
50790
49598
50357
49096
48688
50932
47477
48733
49743
48670
51267
51510
49304
51532
51472
49465
50278
50110
48205
50128
50324
50095
49937
49186
48323
51152
49695
48832
49587
49287
48888
50423
50113
50326
49849
50147
49108
49113
50219
50458
51270
50320
50330
50532
50286
49351
49950
49527
48516
49846
50560
51870
49699
50625
50440
50245
51303
50592
51114
50557
49914
49358
50195
50197
50273
48586
47113
50263
50496
49566
49237
49109
48424
50567
51294
51783
50056
49726
50142
49076
49239
49863
49402
49822
50142
49504
49072
50570
49443
50346
51049
51454
50070
51162
49824
48708
49358
49213
50779
50503
50560
48812
49738
50516
51097
49930
50646
50477
50738
51066
50458
49353
49065
49772
48729
51233
49730
50702
50097
48845
50016
46476
48024
49382
50901
50780
49016
50702
48615
50768
49857
49515
48727
51403
50214
50562
49031
49159
50234
50612
50603
49503
48766
50492
48882
50280
48993
49698
50675
50680
50160
50710
51244
49627
50146
49300
50661
50155
50748
49740
49396
49808
49044
51698
50553
50886
50849
49746
49310
49040
50553
50452
49858
50428
51469
51495
49853
48997
52471
49285
52260
49652
49247
50422
48451
48839
48967
49903
49517
48956
50581
50184
47800
49318
50665
50927
49261
49298
51119
49607
48912
49461
49715
49556
48830
49647
50990
49481
50204
50105
50760
50709
52116
50543
49722
51154
50229
49564
49543
50100
49809
51467
49891
50140
48732
51411
50511
49430
52875
49142
50105
52168
50167
48965
48484
51181
48717
49335
51271
51656
51207
50114
50710
49014
51229
51598
48864
48792
50852
49679
49955
49343
48589
50906
49739
51474
49469
51089
50860
49368
49242
50612
48399
49864
49084
50323
50007
50062
48288
48858
50118
50288
50041
48903
50029
50383
47527
50306
49947
52206
48713
49367
48318
49375
50349
49379
52194
50291
49516
47947
51128
50062
49971
50588
51315
50525
50658
50840
49483
50227
50296
50101
49036
52452
49599
49587
49020
49143
49560
49200
50225
50087
50130
49619
49649
49947
50254
49822
50597
48587
50974
49728
50309
49742
49172
50876
49265
50736
50552
49757
47945
50369
50611
49428
50363
47886
49259
49597
50050
50138
51504
49773
49770
50027
51502
51817
50085
50094
51658
49517
49093
50264
49332
50005
51929
50481
51171
50118
47755
50604
50276
49431
49596
50073
50428
50747
50042
50182
49990
50742
48290
50816
49734
50298
48529
49534
49091
50213
50542
49372
50075
48978
50429
49200
49408
50184
50975
49386
51425
49524
50770
48550
49768
50165
48838
51453
51136
50102
48592
51423
50147
50413
50621
49635
48904
50645
48486
47049
50494
49670
51079
49014
49449
51270
49801
50306
49891
51606
49554
48695
50188
49968
49219
51163
48700
49055
50030
51442
48790
49805
49580
49179
51183
49623
50920
50079
50457
51238
50677
48037
50764
50603
48088
48311
50285
50195
51047
48826
51282
49596
49832
50343
49747
49908
49504
49681
49924
49154
50954
48689
50967
51879
50040
51532
50636
50908
49715
50726
49637
49442
50690
49691
49475
50226
50319
48579
49878
51356
50145
48418
50338
49879
50870
51337
50510
48487
50209
49525
52265
50282
50321
49551
50144
50505
48221
50152
48369
49579
51235
48989
50245
50905
50727
51606
50452
52103
49251
49938
51382
51064
49522
51231
49375
50275
47934
48948
50427
50157
52034
49913
50574
52012
49665
50706
51117
49834
50936
48555
50236
49047
50397
47621
50311
51738
51922
50720
51051
49038
50706
47947
50390
49336
51157
50148
49612
50510
49923
50369
48857
51066
50951
51041
50398
48448
49888
49573
50104
50278
51882
49434
48537
50696
50471
51385
49286
50429
51345
49336
49822
47769
50395
49817
50968
51561
50926
50244
48664
49571
50437
50058
49696
50010
50502
48827
49008
50322
49168
48716
48345
50845
49947
49774
49241
49884
49809
49385
49371
49127
50533
50685
50724
50994
49562
50598
49835
48308
51056
50979
50407
49710
49825
50572
49938
48646
49409
49765
49814
51166
50696
50457
49330
49512
50144
50755
51079
49687
50690
48874
49557
48162
50010
51048
50681
51373
51893
51238
49443
52224
49392
50060
50511
48085
48953
50382
48809
49878
50742
50173
48495
50094
50107
48921
50571
51093
51585
51361
49400
51087
51100
50496
49865
49740
50738
48845
48985
49443
50526
50875
49045
48974
48815
52716
50965
50195
48000
51121
49663
50666
50320
48137
49463
50338
49462
49953
51477
48374
49904
49950
49365
51296
51240
51004
49657
49609
48613
51012
49951
50055
48370
50966
49409
50929
47881
49058
49621
50066
49082
49416
49305
50047
50999
51514
48637
50521
49983
49881
50562
50443
50267
49817
49071
50803
50259
48840
48957
50748
48566
50188
49936
48081
49729
50030
49264
50330
50681
51634
50483
48631
47903
50987
50425
51267
49577
48763
49147
49497
51238
50341
50710
49349
51834
52115
50751
50776
49940
47755
50750
51640
50452
50448
50146
50609
51560
49568
49475
50300
50027
50361
51027
50233
49329
48385
50892
49471
49674
50874
50177
50259
49287
50095
48558
48967
51076
49510
52378
51144
49137
48824
49670
49692
50262
52830
50417
51158
51459
50136
49990
49528
50496
49358
50696
50000
47404
49065
51378
50405
50137
49715
52167
49561
50263
50268
49882
50773
49333
48415
51010
51126
51989
50444
49423
50042
50150
49501
50274
51354
49018
50287
49542
50575
48779
48867
48968
50977
49718
49797
48667
50422
49362
49776
50996
50669
50081
50531
50657
50880
51057
48980
49111
49215
50803
48717
52005
49429
47375
49164
50720
49010
50704
50318
50685
50762
47988
52006
49172
49452
49867
48886
50099
47466
50217
51040
49431
50872
50525
49585
51450
51584
50625
50209
48196
50247
48961
50360
51918
50764
49555
50815
51700
49884
