79541
43427
72478
63376
87095
76081
18338
5363
37348
30891
68341
47737
28722
83675
65711
83312
98224
64832
40442
4594
699
18107
8628
84659
63088
47701
79717
30730
62433
65317
40845
49052
39974
27653
6080
1849
65054
84258
38566
84201
98169
29009
74157
56855
33254
60598
40124
48025
59603
8034
57581
99085
36623
71238
58983
71230
50034
15249
59069
69705
67091
2498
19010
13564
6521
52349
96520
68076
3677
98415
38974
24773
86339
26550
42296
71096
44544
49896
76382
43671
37487
683
94012
84509
51023
7025
25614
25038
17791
73221
58134
19088
39637
95719
23204
51639
58458
88483
17633
18746
10311
90498
17614
8887
46890
4498
90815
25256
9443
97166
1890
4423
10987
73478
4500
50090
42184
79145
81159
58574
15484
84278
15373
54417
75302
52110
16840
18985
66514
98323
96702
79108
3892
61302
92924
6306
91912
50312
47947
84796
78151
46322
36927
21309
15647
14004
19342
55361
17485
35893
31259
82938
62985
73332
43880
16815
77853
67021
20727
65505
45857
16625
20808
92436
37639
2043
5283
29434
55926
42275
94956
96803
42625
21734
45185
38011
79868
83518
35266
60272
41841
94810
60162
61682
84024
34118
83516
27714
59315
12164
48844
5032
74363
96492
23303
2325
61124
67035
65374
30370
45691
10446
75339
47304
75203
95073
65438
16256
46063
62926
78737
60540
10520
14944
43290
97183
29483
79198
91536
49459
52415
32302
8422
17738
6186
75253
20404
24276
11579
13194
74445
36930
58845
87671
23830
39463
96384
46820
45393
85903
41237
20956
36384
85268
72190
67408
16186
58766
3864
945
3832
87716
28296
97888
67024
29266
68653
42890
71907
79904
20296
59196
19834
99909
98372
56481
33334
63239
24037
59648
45643
95334
25974
20518
78884
2068
65377
23510
12855
97571
12291
78002
65222
16160
81620
94265
77611
61263
48507
1689
3719
76426
33343
54040
93342
69744
6031
89855
96652
6000
61956
33293
42133
53962
96840
86929
12881
87865
18824
83259
23232
33448
74981
53353
74370
83252
80651
14891
22207
2436
81759
59771
58408
34170
84275
22093
39639
96802
51754
31088
24240
64115
67334
7702
55453
84151
26337
6294
36236
35861
39032
6251
21359
40740
25624
48294
97629
80280
43534
80521
45881
75550
87760
4623
61381
84832
79018
46281
74187
37584
33076
11318
28552
63149
91383
15252
73019
6748
9425
32913
26630
86061
38117
29405
812
37050
85292
48571
7778
78567
6206
39061
21252
42418
71726
98148
50818
25735
58769
94837
26242
82858
68339
38239
61695
73561
34705
87714
12431
61221
89684
11783
2934
12882
55779
9654
91693
90022
14194
32930
12500
72446
23250
74680
33243
88500
78600
33026
80464
50470
19119
49318
36613
81789
6197
65074
5684
65725
50027
54887
71297
72258
37649
11326
1043
7661
78490
19284
92269
6796
17798
72422
62709
44411
64423
97330
43277
71584
33087
90456
75767
64440
38982
83123
24804
32761
67879
19789
34011
75392
47056
91481
59041
79203
57703
19223
28550
96879
5071
11819
40764
12673
43678
30765
59482
68794
25989
37172
31789
25967
5542
24420
40764
14994
44461
77490
48557
51173
82589
61285
79564
17059
75368
27931
67665
97103
37876
55473
43317
13864
67786
21650
10342
53649
8309
39632
34493
79162
87652
14826
38310
66306
28727
51398
44538
90259
38963
68960
39815
67418
75481
38100
33776
95088
4519
85763
55944
48029
88617
61332
36474
767
67191
24365
40115
51947
92922
72139
51916
70760
35795
64837
48797
93044
1132
67834
18414
81567
91856
53548
19324
8324
80160
34678
83017
14447
47052
53282
65584
88783
63662
4765
15652
54527
83752
5436
84970
32636
42398
17479
5874
13244
45500
95760
44871
9650
48868
69458
58645
4682
28520
29142
82137
58744
48740
92500
96822
43714
61545
34592
77501
29011
54963
36660
6220
3
50181
53577
23983
1378
35952
19252
89683
54970
57071
6025
19716
25967
60252
49829
12212
99032
90937
6098
46351
77667
4933
86472
37241
7975
73260
94189
78293
74569
39330
15194
30443
42910
40272
39737
95353
94450
41184
76088
57058
77683
82557
83007
86243
96658
48028
88491
46796
2778
21865
60060
82199
4523
36343
58503
66611
8969
61989
19735
62055
3413
10321
18747
58931
29200
27458
73004
29586
21716
35042
9067
85244
72269
60745
87334
18410
54567
11862
98726
49410
99508
5740
98116
1020
82540
37164
77366
34366
79824
18232
52536
2610
66451
72974
43997
11457
29843
8319
27672
43457
10873
74080
60536
55015
52183
71989
60613
91692
79596
89542
75468
29364
57347
68783
90994
89748
45709
88664
13617
24320
25804
99186
73468
79914
95910
44827
44579
69196
82123
70762
66793
27525
65512
67082
53509
87606
97750
40466
85928
84385
8201
60020
49836
35785
918
4086
4378
78350
33821
44953
65078
1950
85628
59795
495
45708
85371
61063
1617
76429
73790
71696
4527
60253
22984
73784
13213
82055
37881
33656
43990
98512
86807
56865
2483
8233
3662
24451
64777
61848
18444
52091
24769
24074
55276
74658
74873
54941
58602
66748
10670
92456
16391
65104
93823
86940
3679
24453
9068
29401
13272
28503
68571
37034
25825
75912
53834
74530
75684
80936
47961
65219
88737
33124
35788
34808
54159
85916
70291
26477
60395
7960
93501
60890
939
46615
99595
97959
93528
80825
852
85447
43138
109
77870
75312
41608
40803
85214
46189
17021
97200
45748
11497
44315
92957
15969
20496
31744
51649
15327
82804
69555
78977
9050
51132
47696
11970
9923
82244
95566
32626
8486
80336
17819
41231
44518
71706
69947
39891
19746
78298
43889
94452
95665
65076
77576
54280
95955
35896
98865
64509
89376
49095
51018
72285
54504
80814
28299
13926
41332
7278
16175
199
21518
79944
11916
3523
55058
71989
77370
565
49671
88490
72708
65876
20422
59836
38675
42561
5423
21716
50472
94853
16234
48398
59157
31205
31261
6173
85577
61991
31121
55781
34495
2758
10025
31823
92497
62897
55178
19808
42180
15798
40517
21154
80607
42418
22768
23806
51731
47443
70612
3543
28723
49986
37019
22052
90905
62044
89864
27070
2855
46426
36661
93910
47038
44159
22104
51751
6151
78655
62206
17290
79854
2995
72696
71116
71136
85130
81977
24407
49894
65177
50009
44601
18416
13717
8371
12009
98826
54753
41111
84590
42359
48845
91136
71637
19013
83413
40051
55368
57439
95116
96929
28019
98172
36192
5337
29468
683
23872
61424
80516
40330
