51097
52074
48910
48829
49835
49886
50535
51203
50560
51454
49572
50472
50024
50316
50949
51185
50582
49484
50573
50646
49809
48503
50091
50645
50547
49316
48513
50649
49240
49062
49661
49890
50424
50433
48926
50336
48877
48758
49470
50594
49383
50067
50658
50142
52531
50295
50136
49328
50694
50298
50381
51893
50528
50808
50226
50652
50121
48624
48693
49984
51326
49511
46953
50579
51299
51440
49376
50038
48760
50152
48339
51395
50039
49808
48479
50599
49980
49288
49608
49013
48469
50982
48943
52936
51542
50668
50618
50609
49431
50291
50832
50788
48893
49731
50127
49119
51419
50100
50146
49007
50917
50074
48728
50628
50613
50458
49242
49404
51584
51698
53356
51138
49071
49818
50905
50534
50592
51155
49966
49254
50857
50538
49826
51143
50337
50433
50040
50863
49937
50063
49226
50146
50043
50016
51246
50038
50841
50415
50750
50529
50494
48911
50348
48521
48016
50785
50996
50190
49857
49686
49097
49879
50838
49663
51558
48144
48224
50394
52554
50361
51536
51319
49009
50234
50719
49987
50356
48893
48315
49735
50834
50932
50266
49737
51217
49225
49799
50329
49405
50049
50566
49862
51138
50184
48615
51922
51213
50511
49302
50295
49574
49263
48655
49386
51946
49169
52022
49392
49182
50415
51328
49285
50251
49526
51199
47927
48828
49859
50337
49601
48080
49633
51551
52056
50986
50309
50790
49855
49549
51478
50074
51538
49789
51083
50586
49252
50591
48691
49478
50422
49331
49909
48996
50944
51546
48713
49613
48969
50390
50124
49860
48352
48525
49998
50263
51036
50458
49867
50416
49959
48547
50736
49939
50165
50506
49656
49622
52224
49610
48360
50879
50329
48321
50173
48614
50407
50830
50605
48159
50026
50019
50047
50584
50449
48328
50527
50864
50184
51011
49947
49063
51120
48818
49251
50438
49898
52013
49389
49643
49612
48619
51563
51782
49887
51977
51369
49755
51445
51021
49116
50994
49860
50121
49978
51012
50932
51361
49739
51831
48943
51754
51139
49973
51009
50167
49165
49627
50195
47804
49495
50662
49806
50097
51062
50876
50261
51454
51345
50417
48383
48405
49950
51477
50997
51634
50041
51090
48190
50485
50494
50086
49292
49333
49472
51357
49265
48879
49191
51591
50261
49529
49071
50804
51398
49337
52071
51718
49070
47911
50388
49350
50259
49258
50051
48737
50060
50450
48333
48731
49474
49048
51448
49510
49387
49974
50030
50442
51442
48356
49998
51500
49330
50455
48176
47930
48265
51650
50622
51263
50207
50835
51542
49377
49289
49546
50378
49146
51780
48783
48821
50014
49441
50244
49284
49434
48829
47735
48662
51610
51745
49189
51378
51387
48759
50175
49686
50073
50328
50910
50607
50117
50384
48477
48566
49717
52213
50965
50281
48972
49573
49449
48941
47722
49928
50331
49770
50003
50495
47759
51961
50586
51048
51464
51270
49555
50985
52894
48770
50936
48328
50315
50401
50540
50318
50851
48480
50563
50811
50760
49441
49121
49222
50802
49422
50781
50636
50584
50856
48232
49040
50781
49877
51844
49863
50944
49706
49562
48775
49299
50329
51111
50771
50109
47936
49548
51394
50198
49842
50326
51211
49811
49814
49940
49109
48423
50692
50992
49847
50264
49946
49357
48318
50104
48773
49650
50146
49170
50056
51679
52264
49834
49971
49704
49299
49879
50328
49822
49843
48771
49980
49901
49939
51048
50025
51302
50224
48599
49847
48445
50718
50502
49840
49119
48756
50164
50619
50801
50127
49026
49078
49889
51301
49346
49376
49937
49238
49788
49703
49545
50770
46662
50090
49765
51262
49606
48671
51510
49365
49979
49320
50196
49789
50475
48986
49603
49158
48780
48300
50385
48802
49170
50765
50121
50864
50427
50696
49376
49597
50803
51010
49433
49737
48864
49603
49214
49070
50724
50443
49320
52505
50162
48391
50861
50965
49750
50946
51198
51077
48832
50944
50075
51740
50557
49795
49577
49958
49196
49419
50774
49077
49858
51307
50860
52167
49104
51113
49859
52324
50159
48030
49240
52151
52172
47466
48537
50670
50454
50030
49951
49428
49201
49695
50462
50124
50548
50410
51251
49204
50371
49350
50093
50131
52089
51072
49911
48361
50693
49518
49901
50283
50053
50535
50274
49331
49340
49012
50727
49798
50995
50105
47983
48456
51305
49938
49052
49481
49080
50407
50330
50499
51100
50720
48626
50246
49522
49298
48443
50427
48014
49570
51522
49476
49295
50150
50995
48789
49723
51021
49759
47422
49932
49208
49381
49098
49867
49454
51024
49335
51844
50572
50919
51110
50540
49584
49319
49343
49034
49099
49214
48526
49151
50556
50393
50500
49728
49315
49368
48086
47239
50046
50676
50086
49128
50681
49099
49057
49411
48972
49754
50265
49874
48507
51014
49946
50908
48492
49788
49802
49721
48772
47645
48555
49641
49240
50942
48790
50947
50211
51755
49191
49352
48872
50038
51161
49237
49842
49068
50099
50857
48475
49111
50374
50332
49785
50228
50405
49653
49636
52729
48862
49627
50971
46730
49688
49071
50692
50374
50428
48555
48672
48302
50089
51720
50662
49862
50467
49211
48878
50571
51264
50484
51023
50509
47917
50021
49964
49301
49974
50565
49818
50414
49594
50422
49973
51407
50554
49714
50018
52078
48737
48818
48634
51243
49508
49171
50590
50377
48955
50720
50409
52657
51049
47159
50376
50156
50131
50289
49459
48527
51507
50897
48848
48677
51435
48449
49494
50498
49211
49791
51078
49950
49230
49791
50315
50081
51322
51833
51188
49863
50089
50684
50223
48375
48516
51278
49353
47352
50294
49023
49974
51182
50364
51042
50140
47793
48814
48180
50050
50271
49607
51518
51199
49965
49901
50664
51923
49756
50794
49918
49147
49528
50944
50205
48961
48816
49971
49154
52092
49556
49992
49315
49624
51588
49503
50268
49016
49443
50442
52344
49151
50400
49498
51094
48465
49820
49041
51288
50183
50533
49857
49463
51038
51598
50423
47941
50758
49836
49540
49390
49998
52636
49179
51005
51722
50204
51074
51740
50967
50980
52025
52360
52543
50991
49962
48551
47880
51039
51620
51095
49394
47573
49213
48183
49143
49761
49680
49882
50122
50694
51060
49627
50765
51298
49397
50697
50051
49951
49753
51169
50615
49794
49447
49911
50361
49079
49316
50588
51341
51586
49716
50236
48360
51185
50681
50480
49117
49261
51148
49939
50942
50856
50718
51704
49698
50493
49463
49966
49896
50755
48235
50681
50913
48737
48762
50869
50021
48724
48093
50683
50664
