49463
50679
49281
50080
50289
50959
49243
49735
48653
48712
50062
50078
51709
50390
50126
50126
49964
47642
50269
48410
48930
50121
49990
51439
49637
49117
50453
49643
48745
49824
49948
49597
50175
49855
49292
50966
50233
50155
49826
50160
48412
49498
51334
49391
50160
49665
49563
50607
49722
51397
50537
50040
49828
50520
50763
49866
48972
49262
51902
48671
49765
50798
51822
51155
52095
48551
49788
49512
51471
48853
50560
50907
50409
50578
49503
49795
49921
49962
49126
49139
49545
51128
49433
50286
49892
50345
49400
50960
50732
53499
51218
49420
48275
49771
50674
49557
49643
51944
49406
50112
