57672
83743
35281
59543
92045
71970
83379
64748
41003
30678
90005
72519
48093
55351
6958
8729
40240
61101
62832
15063
55426
47997
7659
79609
60643
50627
44519
5183
4962
22151
29620
61372
36642
21196
95415
73787
29879
9828
55285
79285
19521
25237
9654
48596
52541
47255
77388
11013
32437
55871
46685
71813
21844
544
45893
23593
68655
74464
97731
36206
68563
56902
12129
59967
24272
498
27131
86558
48991
67467
75280
80507
41290
63147
33448
81196
98467
36513
88243
89832
13252
2670
21229
28455
46306
76061
81032
63228
37160
49049
77921
54081
46629
8269
32426
52503
78994
50426
94468
59582
42857
28583
84768
42317
82669
61880
56496
5889
72014
89826
57079
71923
32368
25525
96650
60528
27806
38361
66348
27189
49618
1055
96558
67635
76376
20662
8703
42511
84483
87066
52818
2938
50484
97604
66336
17560
7931
6122
51641
76792
17549
20900
97710
23461
63293
29403
33890
14249
69976
56688
65291
22217
51612
95276
49612
28999
57827
86711
30976
91623
33237
83750
33686
36461
82246
55949
48373
63731
36227
51750
56032
58366
56651
11057
85142
95026
91069
71403
32465
55925
78543
65935
49196
13644
89180
44360
92185
46418
87320
8217
29277
79094
70402
3799
81803
93779
69225
10050
35021
51337
13699
674
25248
36992
71314
49309
74110
1105
7158
40410
58424
73543
74211
72004
86385
28616
69070
45941
11231
66009
40091
83307
21718
96054
38831
56315
11806
96041
12630
73954
13077
64796
90112
8441
94654
2024
31101
1071
35824
76789
26613
42803
19264
62924
79553
48709
60429
24544
40197
88489
39840
22713
97842
62727
87572
47520
72207
48765
68083
76468
54224
26817
22066
30955
47200
35180
37503
56345
46581
50923
59646
59878
70702
51990
43407
23148
42517
53246
14368
97776
49797
97042
13104
54463
24
40082
3228
13262
81452
59726
87433
33777
55780
85936
66755
85870
57220
203
45439
45702
81952
44971
18560
2488
26306
55201
18026
39797
99416
75247
20578
14548
20736
66043
6568
72926
12399
24227
41103
50891
6278
6254
11541
77723
7654
98558
25846
38816
81177
96958
51200
37105
74689
49606
31750
23015
7342
76328
83698
77158
59812
21400
92440
74242
23530
12204
16354
26355
42879
8992
17185
46691
86560
17130
44181
16450
15111
48731
68886
20371
12290
35569
51845
87863
17882
42190
11736
60136
11226
56112
14878
22603
85323
33339
89844
91933
38739
4888
92058
99895
29220
14027
66798
50554
85419
13573
86040
81613
7514
41113
71295
89881
54101
55610
75205
55699
43295
26217
9377
5173
62747
21035
48246
36688
37696
45164
44551
92684
74681
2037
29137
55408
76439
77419
44862
93856
65880
38395
66610
93529
94581
64069
23957
70094
85036
49656
1728
94115
20485
93591
6128
80181
2427
60626
48974
4356
24632
59303
48570
52926
26679
87723
13842
15455
71842
82731
7081
82147
57614
84414
64063
6155
739
241
61536
86783
6739
15830
97462
85119
48436
51306
42142
65929
37382
88300
40218
74861
26082
62946
1148
40869
91314
27079
39481
58005
75076
22389
62512
75401
47662
37028
57922
64138
33887
84637
59572
94619
96449
61966
81843
83876
86725
63496
24799
99763
28561
95048
85493
22305
66784
22072
31937
89820
62782
58698
51863
69300
96155
74977
72152
31724
61137
46694
19103
58713
8748
64205
77263
38392
21916
73292
15506
91529
57295
79350
88502
67524
27094
88229
10354
15625
50714
37031
59657
58274
40145
10989
5218
44877
36509
63964
79223
74117
63893
25665
34785
97650
12225
47460
14709
62851
2822
83436
4347
33251
63676
21447
29510
22474
38828
49799
56613
29927
96547
4976
40302
16905
33816
49683
74078
89377
36557
76532
90155
37826
32693
77266
11523
94540
26837
23799
60815
37828
94516
68683
71726
34156
6095
92535
88397
92115
32925
94619
79601
64808
78884
1989
68883
98323
25075
43624
46352
96389
8351
70158
9501
61432
24853
54493
57621
28062
38726
40665
70768
75194
86417
69058
94590
87968
39976
91284
71956
44414
54733
16749
78218
72586
78611
79244
77508
53302
30769
72626
57208
57919
36697
4078
40182
38486
61659
74108
1948
64563
9270
18500
31936
83479
59193
7247
32215
8387
22803
77820
52030
27745
36481
52453
18739
33411
21511
34301
40396
74739
85162
36075
91633
53871
8274
40490
15002
38603
77555
25828
98485
85700
40828
7819
87596
4957
60410
30414
12193
79422
41377
41983
90219
61204
2281
53353
87086
58062
33370
42752
39755
9322
39126
22437
98496
86758
73060
6154
16985
70248
62087
71391
64969
67638
80180
5528
48176
49419
80425
30774
63071
62336
69206
80761
69981
98920
17702
37011
63117
19499
89987
38212
24772
84394
64437
1110
77080
91141
78935
88283
41465
88195
19490
51536
18330
12857
34902
46059
83743
32648
74440
59258
10861
86036
96616
2120
29682
46775
56494
80021
57628
78905
8746
18941
80935
42026
62824
99183
12759
6641
97660
99377
13463
33385
27883
94359
25695
71780
98466
69201
36812
2148
35081
95083
73288
85193
34802
9456
30126
87897
51505
87090
18694
84929
52993
89878
68621
13905
56495
22076
47349
86915
97766
55571
41689
24044
45509
12017
20125
33579
46629
66770
96735
47623
3537
50678
32179
14312
69898
41483
13455
19264
21604
19941
22001
6006
41926
68899
812
88455
77865
13834
34155
97613
27737
53975
46284
93663
60178
78418
54282
68886
52871
15490
40240
44258
26405
59772
91258
96269
63504
4337
48316
79757
55855
54493
2165
71686
9442
7650
72108
62369
41049
65276
23523
33983
94501
80749
26142
57132
1966
52303
16880
2830
86391
25222
53182
18370
93246
4678
9269
14483
50968
43764
77774
83383
73145
8887
21487
48780
83537
2329
44506
86044
5052
40772
18722
58080
66133
1386
8129
91546
43355
33499
14065
23386
26935
16392
76927
16938
54124
18103
18124
38679
95636
49381
26402
6505
16208
26683
45851
81796
24753
7731
83853
24930
11306
40051
63433
53881
79840
35374
95068
4109
75077
31499
5326
80702
78536
68146
19843
65197
63421
12292
76609
72527
10880
70905
38619
62030
24343
34061
72848
80973
84386
15918
86838
41289
21955
99834
12874
85824
52079
11695
81007
89548
61569
90655
33976
17337
1605
51080
87970
91354
58122
34369
33538
29957
41608
42635
83175
88890
1882
8837
9389
43350
64741
40394
44806
22991
65530
34545
35793
26938
95476
57213
95863
62171
54117
23465
3707
97954
39916
19758
60480
57924
75123
55201
91792
24940
37900
60830
80841
62427
2362
56964
59497
81356
44533
46996
80743
92163
31132
14431
31359
14044
65985
50087
80732
96473
57813
66350
40114
94379
20208
14892
887
85883
56620
92602
50875
1424
62005
7296
86612
81484
12305
80770
18002
49276
83521
8487
57067
53059
19418
60018
5817
19531
14935
13818
53690
84905
43160
19002
35922
36942
53545
23765
97827
59420
17769
87756
69499
16820
75371
40912
68572
89739
37370
95293
48239
68982
85294
13118
74215
29354
73764
18694
61206
57508
91677
62668
35822
427
34727
47060
56613
33306
62367
7815
30984
62237
88829
36949
79280
31045
23269
38130
50280
18817
17627
81548
81698
74284
42558
31928
62860
43844
59085
31567
42773
48156
42684
53876
499
69633
62024
68320
3563
8019
78179
16700
61346
33661
27488
63674
61649
57670
78589
56499
3371
51724
71724
35171
58146
29453
15645
45162
90618
28211
86777
68543
4466
84141
79007
67275
99901
19084
21497
5347
4612
14635
9489
27597
31113
46811
33149
38053
33548
66004
96894
30942
30034
61496
94058
19960
96087
71651
78590
73327
25349
45656
3558
71580
83251
13347
83689
18095
64808
22511
31204
57112
31434
78584
62489
86760
89027
33085
81351
23996
87941
36767
34820
28037
38587
5912
67596
27242
67471
22350
12900
49341
31518
52220
11788
14805
36522
83678
96402
95050
97834
99392
20644
52385
99986
99779
83301
23197
53607
3399
60130
28485
58153
58806
77439
91343
32756
17958
94816
36286
9465
69017
83685
20702
17301
33596
80480
74618
25551
38985
94804
72258
27298
9203
35277
97191
40449
72531
21272
49010
58057
77914
3545
72146
22552
79598
81485
95323
48075
60070
52665
20847
69645
91327
34671
90435
10774
70520
3314
36167
65232
62514
35479
84840
76940
5304
80378
32326
16088
42413
27781
49485
45091
10077
83918
35701
61932
59467
21661
56484
59734
1716
87497
84256
62066
96221
1609
74686
55624
56643
69741
22182
8792
4005
29393
9344
22242
35943
33880
55572
1171
77173
11499
17860
73595
35620
51263
51534
80905
14229
15220
70739
58678
75152
6509
47157
24845
72388
45898
39798
91699
58134
97202
53243
78378
69452
83095
7239
38958
29171
74949
36191
38673
90481
28218
29102
88312
68442
3411
74517
21817
83157
40785
54402
92822
19346
42568
57704
53026
56291
99640
72311
64433
42339
39764
52937
45492
97913
33190
49502
14478
28363
62330
60531
4364
77874
98903
92180
50152
36443
77240
30559
22932
43384
25525
24661
29696
45111
74958
11140
20408
46340
77207
80046
85448
58200
84193
76517
80282
88530
89992
72175
30226
14015
82469
4535
69574
62205
61949
87569
67565
26511
43919
21834
28714
54199
85959
45052
88134
59105
27820
87550
20623
91233
64102
81683
51004
75910
48317
60168
24670
27330
36237
92420
35721
81937
59845
82671
13717
94117
3255
10759
39433
652
94818
69232
41328
36753
45198
62829
31712
79110
15124
796
91479
82748
12494
57429
35754
1769
42188
24904
66367
91051
61168
29008
26369
47081
93490
17498
53393
21302
32688
32460
83456
62051
66475
42191
53483
8468
47041
56883
70316
65207
32911
98499
46509
497
11496
81083
12690
87328
7993
57094
14589
41411
87854
38795
45039
47718
97459
59134
67328
19829
97213
33545
48905
86399
66942
96534
65905
71785
25209
65455
32294
36902
70604
72074
81308
49950
59609
43980
88046
42491
48972
54142
17417
59152
59547
12289
56418
14122
85822
70579
82408
43802
25132
28334
17262
83359
96753
98029
18572
63736
66832
64336
34023
13864
22015
26773
27971
17637
99602
35503
17453
40287
47428
72637
65476
32716
37433
30327
94857
30996
94144
76343
39947
61472
75690
45093
24437
8920
10669
4551
48226
52766
41673
23161
88933
99482
91019
12275
87536
72130
28260
83899
34631
17868
36750
32124
71908
827
13721
74049
53105
8429
84666
91077
13950
75428
91861
66358
41897
83867
99125
42208
13442
79656
46937
51397
62955
64417
92576
10340
94487
42830
24960
19811
79273
77048
72879
61454
62679
9911
86063
62055
75526
92153
79501
75548
79752
62638
36721
97779
47778
28158
26988
43516
98372
38079
41774
20347
27141
95611
8805
21092
57252
21420
88231
33598
22158
28444
5636
93499
43738
44262
71801
7841
88297
33497
64656
13023
4255
26586
91046
88676
94412
70012
83083
98188
96565
96571
57575
3400
86993
65681
96120
98961
29484
22925
75250
69597
26034
48455
77606
17019
15357
54234
88065
31786
82615
56354
83055
49833
20729
42600
44092
26418
57983
20357
5540
68411
30910
62770
89920
56571
61074
94443
209
72120
35467
80772
17437
64121
96980
88693
77878
45780
93531
51693
93988
50504
29615
65734
99149
13689
66649
56082
83896
23766
35662
47598
42443
88079
2226
58551
48357
62427
69029
12844
39726
78659
17424
71565
40639
97486
60546
41382
40757
78886
10338
32020
99458
30271
3502
87086
74538
96175
43271
55184
19301
846
90898
54266
76547
12055
47206
3850
96993
16189
6719
47378
63821
34826
73066
40264
84923
52575
28615
40490
63227
18710
66021
36749
99606
22101
44375
70684
28631
22309
91735
70809
61481
75137
33433
54525
74345
18498
24312
96768
84953
99305
32674
50389
92445
66063
82561
4716
9341
38114
1270
15640
77395
69256
86329
4727
43986
18440
22124
46187
38181
29226
27680
1346
85277
62307
30530
27768
92881
12544
47944
84043
80198
5476
46363
70002
92365
20911
10457
39402
92165
6660
31395
45922
59672
2094
1977
59017
21441
28116
15187
9656
82222
55556
70656
17620
65710
46606
36456
35946
44448
24331
89518
80429
36948
58993
43758
92377
87462
60532
58728
63790
46812
30205
15026
47491
57635
1782
43506
86727
31868
6144
60341
29752
12104
88989
52820
37178
15052
77252
82532
83397
49902
6624
98264
47040
68157
30387
36813
83150
39017
4015
36170
54368
13746
40508
72559
64905
55838
7455
71066
59574
71704
89965
95436
24237
45862
44798
33431
66192
72101
27247
36448
11690
1028
26111
35899
34550
83850
99202
36862
84782
71286
67386
23513
63319
71125
1777
676
31270
65901
66747
42270
43604
567
23498
97407
75565
44229
61364
20033
54143
66093
27723
91924
63781
26445
89380
50260
50029
63457
5260
18384
76490
56493
63497
13979
46504
89677
16944
74648
5211
77004
2432
18209
70545
33570
41415
64873
64684
70712
1089
71743
67318
13574
18512
30427
9341
73888
5588
10077
4951
56832
42613
42407
11607
61888
58748
86299
18487
47759
66592
20678
21677
19248
94914
97359
74934
22587
79441
74138
11161
79516
6735
27921
64356
18819
4156
19819
68400
36853
69833
72138
19957
15612
36935
76554
70479
57899
85857
79010
19408
6693
43796
64060
59553
50721
37442
31176
57267
66139
14744
41660
30920
74906
691
1950
6866
1102
75109
15206
58664
20687
96515
83961
74320
32780
94636
36742
90939
82172
63191
47264
64780
86250
5164
2630
76609
50945
78360
9063
91983
36443
5231
43924
80734
10528
59519
879
49404
68326
17784
83635
32454
21908
65682
95354
15746
79947
39801
3678
90980
71932
62744
64057
17398
2585
65905
78575
43788
25701
17696
8442
47638
9017
65544
74769
76951
61257
18538
35835
30001
80598
99935
88359
11499
68612
41387
80321
50414
4911
44381
17166
81979
34944
12559
89170
3906
6426
8399
84905
38899
58386
51416
57000
24727
1551
27499
63467
50345
24331
77279
63774
15126
33242
54239
38652
93550
89575
17822
28173
95385
48602
10407
85781
21473
99193
6373
48422
60573
52063
44723
59451
46440
54804
15151
74993
54978
5025
85838
59544
22760
51804
66181
75667
28702
63273
12392
9950
19064
57871
94697
37619
58928
70538
81495
47232
40141
8023
89003
2853
70927
1713
64912
81349
5229
49398
74973
74578
71965
17571
83174
38023
2768
28278
90735
26740
91551
87728
11093
91765
80946
31037
39961
70596
14646
52486
44077
27540
31968
34001
81582
92198
85962
41678
15635
52883
51343
75293
5166
39799
33436
90335
25888
579
38440
57203
46918
26573
89491
53976
20680
11361
88996
12122
68789
81423
85516
14300
46716
87
16871
96305
12330
27592
31417
476
98478
76912
33090
55824
74980
11677
28591
20331
75106
88716
85007
38161
38840
63372
22733
81660
60053
78509
67117
49381
89332
71660
92663
2184
34900
66878
11178
64638
42488
25625
68383
41985
9263
88016
40248
29539
57240
72325
55973
37729
40177
84813
8788
58626
2022
76113
86532
54721
92266
21902
80372
29312
60124
97138
11478
8401
40935
24108
64318
10766
9313
66041
63161
78148
97905
50489
94379
71397
62654
7868
77061
38581
26016
8767
68930
37064
11611
45422
91045
95826
37231
68487
90018
76120
79720
1801
47011
69033
24574
7464
91961
63984
56605
901
68344
79859
66098
10977
88763
214
75943
58504
69278
54073
69105
87189
44549
40899
1811
93994
82782
37820
24989
99251
16448
35608
36629
82913
73146
71261
9863
59575
50065
17471
12326
37992
81577
38087
19531
30663
63357
8977
14481
43873
37499
66896
92525
89362
99052
53688
99006
8603
5287
93988
63625
81877
60310
32104
31348
97304
92228
73720
73628
70846
16920
22432
17343
76902
22378
79138
73742
7864
15528
73380
47991
50844
77017
57961
73474
80047
19971
26423
54789
15249
42745
50071
39325
19550
11372
69124
47979
61017
81963
1135
81892
22204
30983
5961
96552
20606
65540
73310
66657
37708
11076
60240
50455
60751
49340
37971
98033
63303
45233
93494
80353
11890
24652
62053
27872
80065
80676
82116
91593
23474
35632
9586
96528
92180
908
72967
43412
18242
9317
55283
34214
64945
14646
49527
49515
70226
43954
11176
87373
48557
20501
60302
18136
9039
14242
53006
89996
21143
8464
55704
21112
79997
66052
41741
19807
54783
73140
45479
18855
64413
94176
33333
36366
27904
72809
52152
294
20134
55872
61589
86980
9662
16404
69484
79322
71578
30358
41996
96555
71826
25861
50242
87640
1174
27316
41283
98612
30703
74674
75106
50307
26337
61772
24783
51343
59226
53156
40562
9738
80140
79996
54688
74108
77974
98938
28383
38250
4418
84470
8925
94527
30625
95088
30461
17345
78960
4767
82425
23358
36177
24555
43695
42564
88323
45162
35179
32946
76049
62814
46965
3264
16985
96823
45179
5763
86001
44271
86639
2790
86010
35768
909
98325
19923
80678
66522
53884
99855
88129
83722
44339
8377
44991
45069
22770
85735
36770
89305
7161
50784
99520
41435
38830
3041
52997
80579
17273
20285
47878
14075
47363
10392
31557
68135
10979
9782
70207
21263
9077
69509
92049
42161
22028
68692
41766
4046
40557
80527
87306
99235
41254
25247
74318
89558
90493
2588
71336
87450
27957
91092
18673
43699
87006
32359
75557
87361
98404
74599
5110
93588
56282
57677
35507
91263
66454
31173
33512
55185
72355
89390
74947
24998
80674
33920
38780
12378
35207
36025
31880
93018
83293
15420
38503
79826
77471
78626
15701
37819
81815
73169
90295
26517
79909
71321
43352
62484
24254
23640
34901
4362
29495
92564
15211
4610
57325
17784
60496
59429
82873
2911
81594
25144
93980
49626
15071
49851
8245
80258
55164
45851
18389
65844
53319
64817
38629
11796
54649
58334
33727
70735
13192
52952
79952
66746
42197
14988
31929
31311
18186
77550
31788
91208
68215
55399
16888
18589
74742
47507
23853
10362
66387
17324
84678
5979
56468
81676
80604
79554
81797
30753
66058
65334
55042
36089
80117
87976
96724
58080
39217
17520
21446
32038
99340
75929
67763
54183
41674
97260
93757
73214
48686
98316
35199
57723
86536
65335
28998
81413
54282
1585
67459
45335
98623
58381
24907
76994
11978
20773
53789
27697
30500
94894
383
27180
94047
99981
64638
68120
35917
58772
15701
6641
60564
11589
60144
93751
44550
58598
57682
73395
59220
43934
16660
95779
56766
42052
5615
30981
43670
11659
91472
47847
2528
73751
68070
72049
42716
44981
17233
28703
64752
71070
61928
42561
47578
66630
72930
56685
89711
61308
40316
25308
11461
75562
98775
78385
25612
74887
16983
88280
56275
8533
52786
80255
75456
46764
66385
21038
52353
95277
52959
25184
67484
66091
23569
55337
9863
72146
68838
79789
95459
87061
66059
35922
10778
74882
46749
65297
21697
36127
35304
44209
84869
53230
46625
76866
84067
8890
95049
37460
32778
42563
88189
86522
50012
45304
94973
44484
12020
93760
36397
57177
93339
38719
94678
31297
87270
74578
49610
47051
50932
55677
11385
79629
16779
19837
6557
40495
58555
83869
41698
99073
1644
23988
15559
99969
87586
96466
64510
90390
24056
6697
97103
65401
47056
10722
32433
86540
68797
31334
32384
3549
95198
40796
68064
70692
830
35595
16376
81871
43047
41367
15963
69107
75461
84080
98522
30067
2928
11939
2744
51329
2213
16072
41058
95194
77613
22767
90375
90862
20037
51144
14981
36449
48001
9218
65502
62170
21710
33537
9612
82804
4374
4034
54086
7986
29720
37398
31931
25164
86038
30496
54823
38030
44684
42506
33954
63198
30106
610
7186
44047
95937
79349
87173
37601
69637
18492
93233
47612
98216
99833
68437
27078
3347
56231
24967
58525
66043
38137
97652
37839
96816
54099
25985
68084
66176
68251
58722
49100
88777
96646
83341
88309
20694
22804
26468
64466
39714
99807
15242
46144
11021
10893
18521
36712
29453
74174
60804
41071
32658
76191
60117
58764
44936
34787
47724
90302
38634
73401
57223
73021
14445
2105
35667
61112
67432
61334
57816
74622
17451
82246
66787
85909
99068
70379
68831
74955
67644
8750
65733
96836
90434
98370
14291
21335
7953
33353
56602
64813
50348
14033
55312
23626
36860
15799
48102
53192
83404
84518
81394
49821
67118
34186
92808
2406
42097
54556
47188
30716
20954
5637
78572
89131
45327
51170
75633
9400
57986
64972
99053
57752
19655
30284
9800
20523
43923
50343
37776
33813
64632
4265
43641
57090
88460
93709
7840
28441
83071
76634
59972
6976
59178
17710
80398
76336
37724
36868
9876
45924
94184
15005
14176
86295
64519
76179
93760
26889
87932
68951
12024
87763
45817
54815
96903
24057
16002
65887
76820
50829
65139
80656
16531
33242
24997
22815
37377
90637
50571
90720
49456
50803
46564
66494
50149
90893
92706
89347
90132
77479
20057
27981
69401
93995
67601
27411
47578
85761
25893
60969
17600
24037
18315
72305
53090
18872
99641
25287
69702
80366
70768
44529
80921
9357
68448
80369
3692
32877
21155
19522
59013
24611
63598
22725
18446
28819
82463
21351
30725
56938
45639
63055
14542
73327
88009
29114
71807
38897
56936
49170
12772
1316
30201
52831
32341
83666
3332
2810
26976
83247
57873
90012
7982
43333
96498
90471
6225
14142
87806
97314
33759
81646
40392
13043
84939
87613
94722
17659
21128
1637
61685
14376
78826
55202
58879
81571
78147
87968
97237
3048
1235
34280
80277
55635
79107
10193
76442
16821
80713
79395
52815
51441
50801
61721
90855
14044
33026
27685
96302
27760
76327
5735
55309
57444
84284
95226
38418
85331
92114
33460
78005
56002
67541
76218
28017
58320
13056
9516
73900
89987
89023
20001
9623
53114
45582
58042
77418
82213
86880
33325
12356
90185
79626
75402
63452
68728
82263
22544
7583
32351
70816
2554
93218
30292
25108
38352
46171
960
81251
86969
12233
18759
19573
35078
87700
38244
1438
22222
4041
81892
42756
86844
24285
99339
43256
30878
56304
99970
36740
75252
79017
72135
26711
97040
69380
62379
31831
97349
15090
80134
15719
79795
50741
69689
65032
79639
85933
46710
18387
43688
80512
99565
33054
9431
33481
4532
21908
60023
3623
42686
51896
66960
94050
5288
77083
54020
21948
47255
93479
61185
33716
33367
60144
47760
90115
81817
9873
9001
52773
19040
415
88255
40681
92672
20086
76345
2880
80327
98691
81684
79081
22764
82628
43748
93856
56799
8597
24873
60177
13822
7214
62607
92507
86679
91589
46511
44710
5624
6915
32891
98653
71175
57182
86767
29498
16703
69954
56670
40392
65370
38182
50811
10486
62042
95810
72456
60484
31240
86967
25731
16694
34044
48410
41996
41762
85797
83371
37910
34141
38176
30487
10997
37421
45657
71884
74475
35411
7043
4063
12765
43781
71761
77579
6567
46521
44905
13239
32652
77712
41971
2895
21447
46820
64842
90752
82861
60294
66165
76804
43879
63985
72435
60682
55815
92399
15740
83577
63906
86075
28007
77329
3653
46151
24938
17222
29264
69102
79518
35832
68691
61209
34341
99493
96369
21347
40339
51798
64748
3504
11855
98035
64765
74512
78295
15203
95657
59827
14437
9978
26263
711
70802
63777
93457
76848
11485
9368
36194
98908
87082
94813
44080
14510
43960
56994
69642
69188
87348
51913
75174
56944
13503
61585
3584
86593
18962
49691
46975
67523
58527
90051
41224
45570
83957
14472
62820
40226
61935
58222
81364
64824
98189
60721
65280
53424
49495
16419
14364
93276
5520
43737
89543
73149
64416
57891
62493
92414
30400
15798
18459
74750
94428
91939
59046
75780
37058
34608
49755
35491
19926
34552
12565
43087
95016
9440
34612
9004
72532
69495
21746
69496
40089
22823
97815
48032
68437
65374
10758
15825
45276
19829
44742
93152
53079
88632
46732
82010
91241
31041
63749
41063
13563
99045
96989
48307
2789
21074
2004
67531
41701
96388
7505
68701
71200
92086
74064
84643
77981
31292
47121
16090
24938
82358
65846
62788
15929
85782
75299
22026
52141
46330
31720
59700
6156
56309
4617
26101
3139
91876
86524
28169
90875
12896
3142
7256
3066
29903
80249
29221
92658
23894
96567
62494
16480
53620
50236
14861
58078
93856
49070
52625
28185
55763
66776
2677
17371
46737
98642
68412
94142
33647
38798
62738
25036
14102
24242
78868
42679
58361
79830
91064
36311
44252
25062
88985
28527
17260
54814
63849
7264
11732
86303
43336
78654
31419
91995
23842
97676
42324
71146
71506
49298
60471
31743
61426
9192
95453
87920
58395
91398
76177
67199
78657
34105
87542
72282
8191
41583
42664
87703
30183
20734
15288
92956
47600
47994
36260
52674
97463
74937
97165
72944
51970
77055
75454
66003
33321
47024
49578
2712
25917
33410
97883
58058
22988
902
99913
22628
36174
59157
92239
77287
63532
48792
70054
97667
87373
66702
55434
49729
43875
94877
65562
86325
79935
20057
69532
16728
15666
87785
74120
87784
49414
20820
31068
54025
17657
78034
93029
29913
52620
68118
11845
89885
74208
88093
90461
88183
15404
9332
84350
37828
23645
56522
95860
56080
48382
5241
47698
51464
84167
90740
50340
77774
12926
59609
2979
97003
54560
16741
24366
72794
44754
12734
94567
53529
40546
83892
20707
55310
70937
41012
43229
30050
27847
93272
7381
44779
19129
37122
14311
1180
664
7387
46557
75747
9293
32738
82979
67847
3765
40019
85374
30218
17049
4228
52611
2908
19270
4048
16995
90640
372
31077
6191
67544
55372
83786
88525
66843
95028
58577
65454
54234
95903
39454
25190
37361
62291
75763
42244
60583
38597
836
9647
80766
49301
8893
20937
22579
74572
20380
14253
48016
42675
4033
36903
33836
67839
25436
47864
34650
2880
8574
10335
74705
62956
53076
95609
78342
97719
95197
51455
65074
54146
69146
56358
90884
4730
13376
79052
13430
72790
21760
8739
28940
29580
27953
92719
17941
29813
11694
40519
50840
27145
10870
79130
55470
743
69082
56338
84685
4858
5291
85974
60266
14528
77326
96608
18764
20509
39483
15394
86322
33814
90620
60510
79062
5218
87218
54733
95174
3012
74185
24983
32062
51260
28151
62261
44294
87555
83671
69614
83569
52973
80100
9727
39882
30102
9483
27551
61197
17788
81229
76506
64969
81574
13895
70434
69229
50284
9950
32472
6279
41998
27209
68829
64809
22291
35011
71750
20986
24655
90573
3362
76497
8067
50525
40042
96576
8213
18953
35306
27867
23675
24866
40214
24466
7271
1070
23488
33713
26720
89736
69633
58013
95339
73953
79010
52937
56351
90609
99298
34425
83589
57670
18691
995
18392
68844
14240
10154
1254
94003
31695
80519
42764
38191
76467
63958
42581
44315
6837
71557
34569
51157
9940
93095
43257
38308
82624
38381
70753
62167
9527
52684
27511
92040
39889
94333
4886
4238
66276
32061
39598
86499
529
46274
52342
1820
27222
19809
57077
41599
68693
56133
64338
29297
68373
39028
95236
10856
85060
81409
72235
18746
42782
25610
98843
36073
72787
50831
28233
21585
45886
7351
22377
41784
40510
50345
51750
73959
39863
81058
45661
50998
96683
84971
52890
12348
52832
38757
49520
41325
1880
72247
72804
55773
59813
16802
82271
71243
41739
53532
44116
16698
92403
43996
93352
5086
73097
68352
87069
15861
64809
28947
95026
96220
80299
4817
23291
50251
53563
57111
45722
61144
41534
64361
19026
75277
15462
4576
95179
48730
81794
8438
84930
98019
9024
68212
52579
42582
29278
65901
82422
66791
64380
15760
47554
67936
28796
32586
56992
30232
73762
2233
21029
28342
53930
27984
53575
54670
447
83638
39026
17803
96525
90381
93085
31934
87898
18854
68705
82903
92882
90319
64233
74928
64312
75126
39072
94450
22809
28109
28985
78504
31939
34729
1801
85212
98059
19108
22547
79230
89377
66929
98897
15740
87024
44044
55763
69172
7612
89809
74380
76284
21863
98047
16769
31856
61735
91015
53297
67076
87359
70629
4796
53387
3064
79371
64566
87954
21272
68100
2042
84458
18672
72964
48449
67747
13699
49281
4723
80547
10331
49200
4596
55907
34497
87481
76386
4971
14844
62167
57880
89085
16437
24201
57445
85963
77330
98850
77402
38333
45395
71314
11083
62196
98593
69694
42093
98127
5948
68834
1769
57857
18738
44944
38822
96906
33719
69866
79663
87680
77773
47492
29029
85802
35730
24081
37832
30318
46605
19868
40569
6884
45377
64058
74116
40338
33639
63267
26647
11038
69044
14582
13484
7082
34670
5456
29334
22725
23195
57270
25429
79409
76582
50315
39950
34018
2194
56882
70354
87864
6886
14758
61095
2460
70383
38997
56832
27404
86387
46577
92202
62925
10083
77383
59669
57719
9016
47788
87362
10899
80275
23629
34231
77481
19328
63634
33815
95330
96575
57012
81527
16793
62669
92924
60080
16205
88948
81724
85888
15934
2146
46244
44833
49283
12118
94721
2548
51566
11648
53498
83638
94647
19379
65848
90371
17817
10578
34588
70980
62327
32952
61660
15528
4208
20642
67060
7186
81074
1795
59693
48158
72162
25005
65266
79179
83856
68396
92718
55496
93546
97492
7277
87525
32218
11169
26764
32602
53980
38307
45997
97478
23460
95923
39592
92989
68300
79991
91116
1556
78119
84356
41441
76076
81574
8367
30919
11625
69075
11406
82736
26520
40904
66908
93592
38616
42905
87286
31327
20798
25896
20881
56162
35154
85942
45867
80904
92601
38081
45843
97883
46027
3901
22925
48076
53992
31807
57294
97088
75665
35820
45226
43493
80268
82461
71751
61005
50707
32471
33434
46575
29204
39436
81909
34052
93038
43119
84282
21845
15350
63153
22471
33818
1270
79278
36911
50072
790
98975
31408
50733
48652
50654
85488
12450
21003
76696
29649
27051
479
77675
50354
8590
50086
94646
2305
22583
24082
16686
31265
74544
61103
44973
95198
4923
61711
98037
41129
24198
29143
67645
82107
32026
35557
8819
78904
55269
20815
98799
47204
91479
7230
87197
67557
76289
63114
37529
83861
10720
68395
76748
33614
40465
14493
69590
65489
59815
28392
89784
83832
68456
46517
41376
93654
47324
90789
68551
90861
30819
33242
81874
69510
45474
10184
99722
724
12177
73246
1629
34166
43448
88290
59071
3987
21686
57966
35058
49541
87351
19145
85949
15874
75643
97874
87369
23075
71860
84303
95104
72923
45307
56353
26222
22452
70882
15488
64779
47518
72621
59567
83511
16230
79348
78888
99105
31884
65265
67135
49010
69679
5652
58409
72129
49541
22270
8606
81112
28175
78974
43096
94063
82418
99744
70518
11167
16477
38129
57575
67594
46611
39045
68585
20857
35839
98071
17626
87187
72856
1658
10224
80604
15271
1193
56533
29236
4188
67231
19591
90671
85906
28146
57266
43236
8022
57724
10352
33185
5850
43337
68376
83966
30007
52254
60547
47693
55836
96343
36272
27998
41833
36439
58739
89201
90773
57543
69071
68622
14147
85243
60795
22347
69501
2885
8181
2807
30761
81761
70220
75692
1034
95118
77560
98507
96575
10176
90859
83707
59206
28393
21042
14397
20142
86867
65367
89574
33410
27407
72616
4431
78709
54193
21411
99540
36686
49508
7397
31498
86060
942
8365
70580
35533
17890
36907
55684
28270
80053
3191
59801
63405
78228
90505
50297
35958
70688
71703
11315
80558
89082
30133
46616
80588
80092
12062
36048
40362
84085
20040
19014
18105
6373
75769
30742
45613
71707
89323
35960
2504
46952
1062
87331
9719
30030
54045
1262
44658
34019
84326
67699
83824
24679
24085
2837
65769
91023
38261
36227
81064
82853
84764
38183
27565
92619
88016
64621
8037
50039
77861
22207
67649
8482
94517
9077
58873
10147
93255
51394
3904
38744
39126
49607
20021
66298
42425
37117
78871
49462
86287
71344
81559
44687
91857
41318
45998
79064
26455
33902
48754
37039
19600
12534
79368
88876
86932
21333
39007
19370
34123
36658
72833
46681
97018
92133
42863
93682
89927
67522
32553
40605
33739
97036
11358
15924
69920
23643
62508
17108
81916
68262
24638
32455
43417
24458
71920
75083
53483
79861
35693
33700
76342
64231
77134
79965
79608
66352
22655
58064
3670
9496
39372
4479
68681
4614
77938
69184
64505
56477
75423
5599
87372
9185
8392
95861
19635
69424
50323
60242
14206
68934
32584
11505
29858
77057
65556
49626
1040
5668
62698
89008
74000
46685
93287
58325
96353
6197
92075
88723
72269
4561
68656
51609
8270
43391
77357
62262
29853
64870
79878
36819
10788
64655
26406
11287
54260
88456
24490
94879
30876
99868
26551
64123
9341
40713
34212
34169
72779
3343
17000
52751
48006
87060
33630
52723
68843
67134
31248
91660
29973
63287
14005
13686
79392
61798
82654
8562
14100
74842
14413
18462
59869
11457
67728
74049
36017
92123
30544
64866
91099
84309
74986
22175
39784
56572
83509
69093
15708
98053
44860
99232
1442
51634
69087
60222
93368
89933
36609
44950
10342
87918
86859
59593
8212
87349
39198
91443
22145
37865
91484
61016
79938
4458
9499
87907
15195
52109
67285
80667
32042
35171
63126
48103
65735
48517
1428
56040
65242
69069
66202
45281
90213
34332
65440
51820
58967
66604
70396
26623
96814
813
65170
89200
15750
24328
45493
96298
27540
26809
1955
16396
34703
13493
26116
87053
79267
73852
48523
45579
82960
23374
11289
48789
3843
34901
82474
64976
62512
73270
92910
34926
21626
27966
4434
10872
8330
97615
83105
4200
2011
90615
14225
8985
30487
28502
8453
64267
54960
51015
40529
68568
6516
99178
19486
41519
96864
35585
11507
97412
56788
51156
7763
8402
70076
98975
32837
12556
77620
4922
75565
72366
39172
9439
26157
67208
85309
25821
71061
63056
35740
56641
57596
7821
2017
82352
61234
57553
96653
59432
17027
81360
10245
86960
74682
42115
69768
49101
22902
35005
13179
3161
72558
94316
71167
97523
32271
6868
32898
95594
10470
53319
54751
83516
57282
26247
70032
27479
99521
69070
33048
90229
42830
23389
39857
64497
59161
66756
53837
62755
79446
33182
58451
58789
73256
5678
52190
86365
73602
12843
92702
21283
40230
55641
69172
90593
78026
35546
77854
41435
82535
3173
14608
73489
83513
84509
17266
6105
94020
7949
70364
21786
84763
68352
11922
58153
33861
97531
29638
36930
93161
71503
55134
49111
1663
96407
9658
7756
31295
13232
61542
56637
9756
66281
7280
51617
98610
17604
48068
83521
90315
17262
52747
11590
67344
945
44995
55259
59339
9494
41559
36651
71290
69930
99376
94002
7549
67804
5179
81543
12610
28943
19055
55838
70685
74067
41811
50083
616
53912
92193
15241
40399
91167
88179
35203
21027
65895
11848
23892
87124
98203
7262
10917
16656
39198
11415
65606
15288
87119
5117
95072
61733
84880
25503
6892
48022
51252
36764
50251
91712
87758
77884
22956
58610
14180
53968
20615
13161
82291
6397
64152
60749
82126
40722
50198
14248
34000
21991
75050
4183
11405
75661
1370
99210
95409
55107
89968
9194
95341
44373
3500
8193
65148
53592
1196
50692
5878
99333
99228
35539
95251
82524
56453
42411
20936
43300
69933
86583
14725
46701
20004
21641
90452
57036
60396
3372
94934
36382
61094
73583
79560
99570
58762
57863
94422
36242
76834
11706
61950
14883
16878
9558
91415
95389
6734
55589
9940
65813
55867
77541
57793
24250
91317
26819
13857
85971
67174
71796
54922
45466
68832
81341
86136
95721
16979
76033
71424
93524
84674
95175
54071
88596
41673
18099
15333
77808
27223
80128
23953
46888
67893
81787
70461
75888
53630
51095
58869
61092
13472
92065
26335
99180
60143
9197
57602
25362
52463
55442
52784
95418
52527
34378
53044
56955
92451
51946
74668
40858
21876
795
27255
36147
38542
18771
87770
63102
3969
79283
70922
98610
64928
98103
57631
49503
48814
95559
10704
94694
24476
41897
60356
74311
83433
57614
45189
22867
47163
34528
65064
16596
48133
3421
7666
76481
47827
95362
12029
46221
75431
23043
86397
68604
40849
27835
38083
27222
61502
48559
33379
4784
69846
53102
55824
97665
13910
57937
88281
95949
34140
59813
51891
5350
96968
71695
77025
79480
63169
29461
34180
11021
52024
808
31545
73149
45277
69524
44483
69639
74033
57173
31413
2211
37125
61569
80140
4223
94818
26063
88328
64268
52777
12330
30142
73030
18582
33719
78264
77128
9092
84326
40754
83526
4601
92492
35287
28345
46717
2184
98041
93168
78162
49052
55653
67163
76281
16465
81399
91843
41421
98031
14435
30264
17768
16120
21042
59415
89364
47221
39927
4677
10663
22024
16403
52514
31980
2270
68067
67245
98605
85333
78913
18865
30571
31469
6666
83875
88165
24235
13744
69583
38388
12664
62471
15507
94325
15353
83521
41277
80430
26743
13051
65926
32573
56405
90151
84251
66295
49004
23701
36712
81627
37550
12091
98981
36854
3025
14663
23691
49353
8719
96845
47103
73988
29553
31195
19645
28368
75779
72448
38363
30846
27141
29995
20348
36031
8699
46203
67462
83869
97272
28203
47625
6940
90007
83704
60827
24024
43610
40236
96937
34068
90417
10142
60931
17868
3752
80812
21440
46511
46464
59856
81031
12053
91753
56563
3735
53151
56745
1940
29500
72720
67770
41517
85480
62134
45337
94158
2969
48314
41357
46722
89854
31387
91962
63020
71240
79794
68213
17594
78500
69863
27520
53166
23752
71938
32010
62216
7385
20108
47464
39775
18204
54873
76190
24039
20454
8270
15763
28670
15899
15544
60489
19314
50662
6903
59962
47156
98864
74341
33676
32433
78169
28275
27167
22954
90435
1967
61704
16775
46887
41369
67346
27442
82268
66399
75577
89870
7099
39020
32861
47390
61657
53535
56041
13464
14132
97655
3887
600
47213
59378
83895
38453
67194
10246
17607
23171
83748
30146
94661
89952
68201
98063
32468
16640
82236
41492
77349
13282
48752
6674
54938
96133
87938
25617
42655
79896
65531
89034
12645
39454
17663
36307
36780
37917
44175
89497
77675
65719
83413
70644
33458
48471
10012
45442
29542
65378
71424
17947
81910
43097
66678
24326
3199
14330
91338
43729
12917
72877
9783
80504
46327
41063
40395
21875
31677
93023
55875
44706
99898
31949
92800
30986
94829
50488
96606
70799
44374
76399
13622
32756
42713
47115
21699
57191
52087
28895
17863
40462
49524
54250
86737
79011
11853
71230
76031
7717
4186
2612
57840
25042
77523
51201
71056
50199
15561
16602
78134
75388
76278
56724
29972
92620
76530
81300
67316
2480
60672
36230
57056
47633
59109
71200
87188
43470
50360
88657
31016
93579
64289
10743
53157
46429
10656
42755
54136
19627
87009
84241
60180
30323
64023
14483
30478
55370
59524
72697
91807
37428
40699
326
94685
96656
40243
30219
38478
51616
69703
66705
78849
71456
28482
2049
42477
20412
14302
37411
99327
31584
78778
38515
5832
31064
76314
71586
77336
1873
66747
4069
4449
39501
10232
65523
7621
76054
94908
18438
60915
57361
68215
84347
19940
49460
72593
41854
29757
85032
3355
72885
73158
52908
77741
37192
43162
67778
9873
76053
23062
80201
40422
36969
61760
35852
89001
23658
32902
9833
35846
10979
86253
33094
78462
89865
67116
34730
26345
97324
25721
57751
62459
71222
82991
29597
93055
98280
91891
11354
92814
17272
95559
301
22815
52702
58664
82917
12215
93237
66460
62302
90829
37986
26290
91777
31250
81435
61286
32250
98394
93918
16245
41142
90491
3115
51760
97852
37587
749
70707
28142
88581
72739
89333
35768
70028
55288
55239
32257
5560
1187
29079
7089
15866
10250
51679
90411
56661
28240
79478
73876
83136
45563
4981
72908
25966
71681
45657
16770
1028
96195
48448
54551
74788
59872
9287
90607
44170
2685
4529
9306
74467
49918
16397
56083
92000
44195
68314
68093
85124
48579
93566
23352
27628
71852
58892
76859
54617
91944
73701
38568
32651
92838
11228
90017
89532
64869
51456
78776
10931
84902
55361
46846
44002
84753
30220
50038
20413
37506
19080
88312
30542
78888
6790
44861
2935
86163
3786
58989
18665
45603
67395
77688
34010
83777
36420
7765
79092
37749
58978
68644
5130
34727
24706
15390
57886
94441
81710
653
24911
50044
92811
96599
46197
21253
851
95250
3593
50772
83453
87124
8703
77550
54410
97721
8534
84015
53046
56069
96981
86189
25337
61705
5610
77874
19537
87240
38753
89490
9415
91873
41336
46786
45259
55329
51294
79940
41058
52698
50920
93718
76928
42859
94706
14274
39466
99392
8855
29444
777
26937
81280
53092
69016
9395
87958
46883
30744
36418
36515
23135
67345
98702
11139
84873
23295
70994
5765
19665
95377
71097
72634
99894
38293
62015
71477
35358
81312
23832
88283
40196
82266
23741
12716
71002
60651
52688
21222
88309
42423
14358
91121
8288
57927
13166
3953
55323
39626
6111
87748
97338
40012
93753
29441
54795
93627
7793
62994
62997
51540
62281
19954
72757
49214
3437
61388
48353
29040
40405
38444
17077
90020
16222
59480
9739
83463
73300
83671
19426
48363
80640
84372
40460
3292
14511
3482
44034
34887
38834
72518
275
40916
31158
17335
9200
57351
73786
67812
34538
9544
77325
68946
24585
74184
21596
15184
70353
35564
1487
51536
46912
11543
6506
16871
19464
51431
25525
80660
24488
50815
47817
47460
55544
38306
46271
30941
42241
96367
49557
84283
40526
95288
1464
15731
48556
4300
86675
25949
61614
42044
97117
25322
47617
64166
42214
65307
34541
28675
75880
81917
22024
854
14604
5084
88372
77538
77814
10643
68477
8283
37702
82265
51079
83448
19842
81082
53290
18017
43100
84353
50126
21475
62931
24621
38989
91710
80071
3417
86705
21683
46196
41594
13901
94311
28648
98945
35418
30365
50398
77380
75973
31513
28966
13349
53794
35931
84468
94342
84895
15352
31388
3531
542
32495
42225
3714
4397
42233
44641
70688
23546
70548
13355
28550
18323
65669
59829
44384
30924
95951
10633
21559
71836
38209
78103
65118
67661
37563
41061
95228
40768
35357
55543
65605
67814
35550
64363
77244
98994
31091
87362
28970
81143
32918
31524
31912
17692
74269
95712
50755
51396
9892
97142
34162
25854
9223
9623
15695
3092
32673
29126
83274
74719
40256
62239
5257
7463
58209
96578
69189
79557
38398
11838
53053
5086
35581
32381
49692
90139
70836
48864
14892
95716
38242
37356
70575
24045
32092
70793
54841
20313
5118
51810
53611
32740
42753
54206
88611
60830
23893
76481
94030
10629
88334
60354
7042
85260
67878
19318
46437
61466
96649
74683
67543
4839
88867
95628
40553
6919
65817
52034
8624
90912
12055
71733
2444
19344
71036
79105
27420
84533
64157
49272
46686
14905
16992
24054
25506
1486
10021
23878
79972
18117
83943
96229
88782
66674
23321
88594
16920
63413
19787
68900
29624
60950
10590
20109
29701
42622
60790
47309
39621
99704
6376
84563
9426
42031
65924
1304
26560
61458
27911
72897
28352
25065
94668
23620
59432
99094
71182
57875
33083
72574
78440
98027
21054
47796
41674
54671
30649
92138
52542
63835
74248
88467
1930
6485
16940
91094
66242
34014
51327
26020
29663
84945
21200
31921
43603
3983
45154
5894
99186
13418
93107
64092
13830
68209
86609
80848
34545
37014
59487
1183
92228
32952
86688
38470
47115
96397
77152
62481
10803
41969
48381
33
61671
18005
1740
16598
9271
29080
70497
82253
51561
62646
43487
73575
69588
98654
32879
45578
27329
20203
65579
65400
22450
84148
65349
41350
91521
38279
70795
59727
35858
21224
41927
17694
88812
15460
66196
96522
24135
14092
95627
93969
22353
24446
75178
48746
96552
70285
82297
66916
8231
54124
34339
4934
71206
98448
43973
55848
80742
57734
95196
27016
9827
10273
34478
2133
71671
71335
67403
3828
8364
26181
92173
19936
51706
92739
55364
39151
60446
92061
57770
83567
36020
75387
40155
75794
18579
65534
47227
29009
59948
97640
86980
24794
88130
95613
67420
17566
21818
25821
57387
77869
72157
55543
61176
89594
91867
49931
47814
94262
68427
4185
68232
70132
87659
81940
42163
49206
51153
31635
6792
44241
6314
51945
645
66960
80718
93103
89355
52992
73744
1237
68329
33289
18274
24927
91228
97458
75714
70410
82074
25937
68443
75991
54413
35030
91655
13799
93134
65104
74929
82735
64759
92049
12859
42256
70812
99335
6005
64081
87758
35798
10720
30305
33502
38486
50177
8465
30452
37423
97015
34230
78939
9707
92542
2703
79755
24880
18482
94710
56138
53229
12352
98815
12687
68790
87677
47717
48971
56258
57272
74645
13389
26392
24101
57903
20947
41982
86958
7216
73395
72802
50188
85858
8479
4070
20872
34995
89814
24732
9770
968
30830
13531
45039
16574
95087
63459
56855
28372
49880
72343
11180
44964
29233
36147
72258
14168
85600
94013
47424
81960
90390
92640
4904
55189
95425
4535
61319
32197
43151
11308
1552
13439
27323
76257
32959
64707
89538
12051
98813
18896
74670
14969
60313
83313
83070
36214
87824
6727
87955
49506
41156
28780
29104
63507
15331
56390
37739
16839
99666
21531
4052
57307
21702
41684
71039
62618
39449
52173
30240
95467
54385
88379
30895
44406
47274
24015
87577
91101
84248
63473
1568
81195
78989
44422
17632
91886
23730
90600
690
18534
97645
45066
69445
87798
18457
28357
72813
37960
96494
65536
73630
41159
18735
78654
75828
2788
40045
61129
38834
13471
51124
74224
79312
61273
84212
2873
63439
60215
33682
20519
35985
83331
27148
37794
52652
86217
17271
91159
87372
32560
45817
83318
19000
20766
37233
56850
87036
35633
3361
88513
83620
56638
72333
5287
52280
62297
60564
15998
36115
98864
48763
52457
80067
44836
94703
18552
77504
73766
98988
95071
46617
75826
46545
58766
16754
23125
43987
44674
59746
69264
72862
98196
94525
35788
11821
1790
48119
26315
53008
45981
52684
20086
86244
9704
76962
32006
34852
38252
12697
48038
70831
34661
72857
94976
66212
40874
47474
59010
20140
67702
64580
47461
92833
12327
88274
16684
44978
6336
44814
23474
98629
27794
76052
67047
17709
3234
46544
5689
8931
77163
45446
5103
82896
15240
50624
89084
98161
89275
65449
46625
74016
19357
95483
61740
42850
618
13319
80002
62447
95650
83452
52717
5051
52242
22205
1532
62733
54874
65736
82156
85606
12762
31790
76858
8211
57181
1676
53352
5459
13651
8977
82009
78516
48207
16003
32509
41881
65131
64864
23447
52973
8754
80439
91522
57074
99641
10865
56897
19293
12908
95311
38153
94019
51201
98289
78560
5199
96984
53781
90126
32727
38955
21142
64831
72149
6773
84125
19971
87883
36807
61005
40685
92357
20544
97539
46617
46140
46664
47247
92720
47636
95878
57414
73056
25196
93164
47250
17215
31089
67906
60139
32945
82431
99560
47404
58902
82487
56564
39912
6222
35434
45835
12191
24280
44061
21952
81384
57813
55239
2379
82888
82133
83662
54363
2216
80456
43446
48751
61942
99109
72485
63169
21480
39691
80084
73429
6124
69933
79027
94624
20029
18379
35130
69217
93894
21481
25300
23994
44025
35684
29982
51077
16255
66691
14492
72273
86701
32255
11481
44398
19373
10102
5858
79202
21833
10654
67407
85561
43106
21307
27033
11512
93339
14296
3907
53092
78528
85693
82285
23706
91745
14193
29348
93548
96140
27951
37996
15553
7083
1074
40534
23574
36414
35237
64449
26552
47590
91659
25155
94431
25454
92994
64094
62725
77350
91855
73349
1969
40530
87927
85926
51836
74578
33048
41364
82272
88800
42259
81026
45587
19373
73592
81820
56564
14451
92440
49474
1055
6556
21525
83398
81167
68229
87945
86414
86201
47432
55480
26105
67830
65972
53190
93297
59588
37773
33270
34524
83038
98670
35216
82779
71923
61623
72511
18955
11477
38422
4817
81859
7497
49502
24077
20699
96424
91082
87988
42286
57659
35997
4179
32201
51156
43282
57837
86851
1423
78809
30629
65251
52176
16638
51038
46178
89486
82140
7672
98753
37369
92660
36132
43832
62617
77595
69382
39197
26751
27599
40681
32851
38616
88403
4673
82721
1681
41283
72360
31109
77824
40101
31998
64203
46041
71261
45517
13109
52667
88852
13794
1944
68766
59055
34899
59351
93308
45076
60791
64913
22527
78718
36427
63183
62863
11425
41252
35631
3484
61489
7746
2547
67955
10029
11114
33973
76704
5634
36201
18518
33673
71028
5480
78330
72541
27718
58193
51042
51745
6888
37378
74776
81267
64739
14363
5945
68563
47424
79985
92546
33387
75605
61946
62652
35468
66183
87514
60494
59092
96181
49455
21755
85324
20037
85357
71091
90363
17922
89583
38880
50805
1688
90616
34779
15820
68436
75608
96038
22981
70890
54360
60008
44966
85122
17582
64955
95200
1114
6476
37307
9113
5126
34049
91962
58886
44712
7248
3736
71002
72820
8658
55307
11986
70062
36108
64221
92303
24614
27359
89316
46140
55475
8386
20659
84547
78478
5849
12210
12390
80027
28059
52401
74775
33792
5005
12461
44740
90635
68220
53167
98971
78887
91892
58739
88479
621
9059
3052
23512
16575
59367
41566
53460
18227
72063
22196
17419
34807
51850
64358
53835
28406
82478
70798
36613
25023
15256
23581
50736
98244
71183
51064
53841
92579
57986
88094
63219
59561
33190
48873
73118
18858
66406
28601
42746
70082
91289
53173
46647
6940
27762
21115
26976
40760
4134
29741
82858
12760
19905
83199
32277
11448
98618
24343
6482
40196
71754
5593
54326
94971
47984
50869
6277
53848
77371
3175
98098
97121
98907
68260
17538
34401
67533
13865
72658
18081
20507
32456
90108
55600
20761
18049
55750
79636
5725
90620
28596
30377
82198
51395
62976
60263
24252
88830
34851
44888
4965
88985
47531
28303
4961
8548
14126
41608
79400
40284
14105
49685
92472
23794
68576
63290
72331
81
84528
26297
97289
17503
92298
2751
67419
16125
95221
27706
6910
61435
8747
89534
42614
23445
7170
71558
7511
52925
17559
51375
28305
87666
3996
17533
77314
33788
53578
4472
60389
71792
64243
30464
56668
49183
46756
14944
5896
57631
2157
36100
82172
32119
76401
76178
97636
3429
1676
8626
22893
86614
41898
89018
42380
40080
19402
2242
63659
63394
52472
26308
57453
21835
30180
74902
99172
70791
59233
70326
80443
8496
59217
19496
55793
99384
65598
38908
40324
32311
91319
67371
27457
85531
62738
79746
22247
50058
34174
3113
79811
57206
46521
8854
61871
86347
66540
15559
29564
80207
27474
34532
22781
94397
56164
37983
94912
27171
94029
44314
84741
51364
21701
3329
89193
65741
32402
69807
74510
86330
14801
63490
36185
56107
27871
60747
269
27367
18664
71287
59955
49029
3561
31928
19270
83740
72716
48505
82158
44359
1454
50020
94750
91277
98342
97061
98863
24258
63954
15699
87598
88215
98180
34933
61610
51890
54994
36471
34922
80245
6064
33158
94609
14665
7207
82654
34105
17553
81400
11476
64183
68818
75904
31856
59004
57342
74089
95014
24564
86733
58241
76407
5705
94667
30973
83408
7052
78184
97983
63198
56253
18140
58944
66474
49070
26289
26204
95227
53686
57133
12934
97861
74219
1995
49526
5943
98136
16850
54192
23246
95726
26782
52803
53666
84621
97666
71629
42432
91079
6560
84183
80738
58935
3307
52209
26974
68459
31206
60195
31511
92473
16698
5823
7498
51589
74323
59964
27838
4005
7746
25822
16944
31320
2529
81402
71517
86229
88218
58058
9401
76199
95946
43939
11966
17656
3655
65651
71497
5181
79625
54737
60510
94724
73348
75298
5822
47522
97347
55811
96346
59009
98065
24452
58927
39771
99628
4264
64245
95773
98960
26295
18183
82298
40286
37701
22457
85743
97915
94612
61028
46712
49764
71056
83481
85959
79866
48242
3338
29020
5132
28507
97346
36509
27959
82231
17840
19162
93132
76942
28172
370
73919
99891
55217
68820
30939
46889
99582
47133
71631
14799
69647
62800
78205
70644
31145
58110
60800
94550
25058
72550
11439
65882
56151
13681
52008
2255
80790
29635
81371
30641
77792
86301
5619
56198
97615
53586
79803
23606
73087
58454
75051
69244
27339
71552
81176
30913
72751
63390
16522
38910
82095
21229
19806
19298
85460
50550
46416
80759
56679
71245
93191
91896
8306
27010
3516
25474
58747
74754
70555
47229
66645
1129
4548
58032
6189
62368
35763
17159
4816
43002
86020
7350
3370
45099
30861
19169
45692
56677
31711
59618
25981
56858
47658
96829
64220
69087
29525
53667
12860
92203
37345
84689
26
55393
83834
62492
9987
85013
25327
85561
10711
89764
4529
44375
5166
9016
21151
11571
596
86034
36935
5155
52265
14522
46326
31001
86586
76364
24100
88221
62970
30637
76322
67394
62932
25526
80528
37610
15260
33405
442
7984
81658
19285
2442
17304
82908
83371
92275
77563
96788
74843
61342
71851
39560
23312
90532
11217
75385
31080
24831
16729
38587
26632
42362
79630
65446
99557
75322
32727
85838
77805
17296
79789
53550
98353
28052
51218
29561
1258
97409
67499
38237
79537
49684
51254
67671
2669
98667
32580
44008
33638
59539
56210
38126
26586
60548
82877
132
77104
80773
28307
58921
53982
62757
25250
65733
95930
66909
2567
68724
76944
26414
6618
84456
65405
69263
70449
65948
33508
37953
28005
62699
1233
68367
79543
17453
84489
89058
53137
25319
60471
37120
66994
18937
51193
38965
80894
56611
92128
50368
2794
88866
35789
43321
52667
16544
88950
2624
75054
98033
71968
31154
33322
81793
60998
67479
20241
50638
39746
39988
12542
16060
54918
4276
95483
77219
91498
44608
24711
42584
6255
84767
81488
46790
98234
55557
93638
42932
48752
34844
93162
12488
64706
72743
39717
11274
53925
79572
21604
34992
41754
27245
80942
43936
45333
94909
64490
68224
92107
83617
90131
76503
81764
58389
65079
88453
90705
83041
65631
85425
21347
64557
69705
52735
48156
36386
30911
41158
19568
8451
38193
64364
76234
51066
95643
62699
34910
99977
71730
84582
23594
57396
40517
25401
23341
90500
46074
12396
32883
97030
9385
43824
5889
95827
34226
54653
65141
85536
98297
36777
27520
80806
93419
16791
65952
27113
32860
62998
90080
22064
2715
69100
74632
42854
54198
52308
14838
55194
21192
52625
30738
39468
26693
43521
18703
28809
38329
42126
17419
74381
90233
22832
78386
26365
52909
72490
48420
1155
60255
38925
77515
19902
92343
22265
14457
77967
20802
85781
51099
64080
22199
56104
23485
11494
52148
73958
82731
55589
15702
18327
60188
2801
14941
79412
87635
63997
61059
73825
41228
9064
45053
8499
33711
40052
51517
57715
11967
55513
36591
10892
53090
76090
93008
17846
91144
62361
71217
70834
49643
54403
48591
92539
16906
51275
92564
30592
43911
82729
26984
64256
99125
12202
79988
78478
48452
2667
70663
74277
32259
29131
31662
92247
60848
4746
54650
9723
14566
46261
97201
49980
76966
83644
95509
27957
61719
77241
83520
78425
66297
34286
71049
19944
89071
35200
60261
3769
81145
53968
33918
83492
76468
49317
22354
3295
9735
96993
83724
91814
98966
90664
8866
83909
43343
19736
2508
50287
46425
88589
93419
15787
46407
77599
93940
45359
4961
19530
1386
70302
45609
96147
97222
40575
12901
23330
46559
36735
84853
33510
2150
47304
68826
50511
15672
97090
57396
88514
66900
93931
65709
92138
30524
14011
45591
35158
40652
57637
98207
45558
90304
17058
72905
11710
62393
78817
7886
62099
69105
99780
43417
3865
457
89664
39221
81234
42778
44525
37923
7089
37813
65363
59796
18395
36554
57293
87818
40661
42454
15491
55894
50536
45079
2652
97362
81077
19858
47658
16589
17802
26466
42614
72575
70081
21448
69132
26885
86748
85248
43892
58929
89496
53919
26105
52791
13275
6336
61628
60550
57268
79637
85309
86677
67351
5821
60754
18285
84902
22458
19959
69303
71486
59492
62946
12011
86767
87580
55214
77715
93560
85437
93181
73597
29442
2026
70765
50434
52218
70791
51074
17867
78046
71049
19091
96468
85858
86368
19399
19423
24390
12201
82333
4054
86799
72906
17284
86298
53820
34938
19340
46946
58339
34060
69214
91680
29881
28245
47652
11337
4594
68431
88045
12636
5582
75221
83632
91238
34044
21383
37194
38843
33546
36288
59948
76570
60696
60835
43881
3229
87057
52138
94590
63538
33100
38008
9179
5947
80861
60799
71379
38243
60551
44793
80521
35012
73802
8895
37150
51383
74697
70598
86242
52893
89128
98732
500
8316
61995
48575
43759
80557
96962
68440
49908
4478
27688
32636
24053
38874
27595
32905
41074
22929
13305
99947
28543
92543
80387
22659
74374
16263
15142
36781
63400
41050
14018
77023
46359
50861
57574
17343
92693
28424
26341
27104
90923
92741
79986
55799
49028
45303
53346
72091
62
68840
95457
12290
70712
71866
40536
45680
58777
89271
80890
35687
3643
58695
73989
14211
63003
11536
84633
52769
92685
84504
68655
66621
29352
50359
47294
68098
39951
74742
83844
58534
93945
70591
60295
23321
4900
44603
93757
75337
7852
73842
20967
50842
11000
70324
18432
94115
71549
63725
55432
72975
29980
86487
12361
50126
55815
28844
56327
34656
9643
94630
21581
46156
89609
81069
98244
23299
63170
76177
35678
83131
72011
87557
30411
67698
52866
32095
57382
56830
69358
69554
70466
68499
13031
13530
9885
40555
32584
57166
84253
85834
81132
32748
71672
69205
1122
8274
67918
40497
14944
42073
1694
97707
70045
54031
11250
68004
22567
55624
23999
56382
7096
56507
11533
48006
92638
50894
19744
32772
55842
65119
3086
83726
10595
38775
33004
89536
6820
66500
24659
80343
40981
94941
21343
34264
54672
61920
81924
28528
63582
76103
90345
6787
21219
12188
53012
29574
22507
84316
73003
62172
65996
72715
62323
4800
74190
24783
18490
16491
97269
79395
53288
40427
34584
36692
68442
82171
79678
95386
63913
9726
15708
37895
53351
48774
73701
31744
62992
52549
27828
61610
73172
61301
49685
82343
93553
78078
30097
2854
67343
70027
66454
9119
89794
75388
27786
27633
76487
41727
93866
47669
47291
99236
43510
33186
55804
86974
51781
98972
79590
70114
73950
42012
33562
38313
72643
96988
52409
75177
12765
79472
62995
44350
88561
96498
39148
91447
75118
99355
92717
75432
14274
49150
50905
96429
6621
40437
40051
90314
87973
65099
36695
74949
86958
10315
80458
34694
75168
81946
58075
21236
18180
77063
63237
92019
67032
2165
54995
58189
5316
89550
99594
63114
39059
84227
46343
33985
416
5665
97930
78400
44181
34180
71942
80754
74123
59636
79027
74985
54607
90449
87808
85343
94157
94516
28932
82074
14339
87999
65707
20424
3089
79277
49002
87689
67184
3902
44239
69480
17837
51233
18523
15420
47885
71204
95575
28700
45450
56337
87715
26773
57702
71474
61604
89277
32677
92852
36461
89070
24732
64837
685
9504
22899
27578
30351
51785
65660
14356
51489
4642
68772
68225
78989
4494
87562
36895
92013
71037
12771
58882
26456
26176
96265
55464
48242
62059
21582
68223
97112
94536
8453
70850
40666
34245
52989
30903
33337
98992
70254
69248
62406
27407
30403
40039
49077
70605
82497
19558
33741
681
90606
11299
24033
31447
88438
54628
27012
12831
73193
53480
23024
84459
5112
3361
81883
71450
98824
95469
85955
5608
32233
78074
6736
96085
42552
70453
41129
98632
9326
77853
82673
40090
71337
86659
17370
57036
55304
11327
7976
33250
3548
40811
83839
62744
10382
42634
75925
51528
19051
88048
33985
46494
9524
67718
45310
9211
10645
73304
23564
5352
98765
58564
66465
11875
49039
97004
74981
39555
84142
46455
73278
82016
37012
11903
57369
10073
58583
60271
54532
15158
65279
46719
50221
93986
77692
76462
993
5650
65778
54554
52985
67824
44764
24779
24146
40234
19071
18601
43353
96518
67746
47782
36635
43269
6509
25693
1857
16392
68364
60618
58643
76810
71564
44612
56311
27885
49269
44887
96525
77095
77465
15327
95104
55122
46567
35522
40008
82985
23117
93134
11346
24279
56677
99883
1889
7794
45615
29183
21841
41024
19064
7282
42714
7068
58483
6919
39158
34963
57930
15934
78244
83939
30196
10424
60074
33340
17492
13452
67174
80363
87511
33702
84455
78589
45435
3797
61125
44862
88351
9183
30119
49211
62451
80741
45150
70496
97930
53558
73393
33946
64506
8290
4925
45221
98705
37202
72193
17666
13749
24480
84161
74511
68220
78245
23889
7331
64587
75050
81252
77307
44265
94916
70550
6616
99842
28720
42374
22178
68635
98283
83371
48489
43681
52490
83651
10663
78453
74363
38606
34483
7510
52680
81538
68416
40689
84301
89654
49577
26593
49376
10633
60182
3315
99963
7422
33119
86863
69418
30336
74431
44681
18450
50854
34009
85116
7760
71560
95387
4376
82281
95456
83351
71875
96741
42400
55316
69339
40773
29773
89761
57772
34576
20844
9538
63449
3629
87421
75011
55860
11299
42792
37340
82073
52995
88153
88400
78854
39219
36743
47614
81032
50185
99855
72410
24906
99354
49434
79042
94698
71756
63638
28960
97582
90971
8902
12109
87074
9364
31108
75150
62414
77315
9087
93872
7392
82126
19218
64680
91184
8391
18213
51052
21942
60380
99707
9799
78148
82143
65214
9788
9802
49327
7100
92429
91672
64243
75420
94215
55503
20533
51961
58067
70515
37894
9742
54732
34538
62291
22802
28912
75182
6555
90571
33457
4100
25672
76247
84042
23182
94831
32316
12219
98277
76428
20116
63485
89386
60496
93410
81043
80689
32589
26548
41002
75353
10838
7271
5569
29135
29558
93607
73230
46587
83824
84608
9513
58104
65524
41380
4515
94186
25422
48614
73635
50051
3446
90236
1090
25838
61593
24703
30757
35130
92992
8676
14643
51104
32106
46967
22644
59441
3595
10920
69272
32353
31227
94393
86951
38809
34924
52293
77113
12890
42533
29674
13102
90999
59737
3999
4714
26931
14536
54207
42718
65995
93759
61021
47900
30186
42469
61268
50493
45388
65972
70768
84715
10704
19252
84375
40586
70283
17620
87123
71195
93702
30387
46740
14244
85671
84866
29935
33563
45840
6437
64818
72922
7876
91876
79819
68947
81649
55927
98449
56773
22200
32999
54410
55899
5463
22497
38011
23490
86048
82387
96297
46264
53217
57474
34392
86279
54191
43330
41796
17687
9438
39710
4382
69996
59918
49903
5298
33709
9772
13774
91287
74906
18476
81107
21031
15404
43452
35248
94083
97298
61258
99123
13646
89861
88291
92726
24818
38316
61801
21086
23966
95973
98677
99364
77945
7862
41481
51957
27088
95898
26393
3586
67242
24736
58749
62972
58561
20735
62657
92663
14731
81125
45860
68584
11074
9756
47266
53627
26293
12003
82146
24369
76318
90151
430
90953
86504
97058
42431
11725
86622
60403
26921
55507
61243
59351
34333
51117
34601
59788
44432
93602
96370
16588
80890
47188
34368
8072
25883
38662
96377
72559
38233
90549
27820
20419
7959
60680
82959
3674
70428
89696
75358
47652
7814
56492
74082
93296
4673
59796
89471
18574
61958
70472
76485
19992
71930
94992
61113
76551
56046
84259
562
76748
62050
19563
34681
75875
51274
3126
53494
61418
72029
26238
1968
24205
87620
92942
26626
97421
9817
81483
61195
84777
82501
61128
40829
65880
5950
86669
60337
27584
4311
89171
48918
16158
11840
53138
8207
23927
34817
51231
45447
81062
66772
62074
39457
13016
87052
25803
40931
53211
11558
49060
76983
69992
24086
36525
41495
82551
84480
18485
73408
68058
97757
79133
83298
44669
40034
33680
92802
71017
56917
35023
69275
37158
40545
71332
75731
37193
24712
8901
93944
21390
40378
14914
10543
80096
21705
78842
31183
57034
36189
73200
41167
15980
10329
11308
26348
97038
26436
98956
97035
4674
47644
81981
62088
76497
64123
1730
33807
69037
24616
7017
65759
94646
42171
33255
92923
18118
92688
12760
39504
4222
66401
45598
93256
94525
95709
40278
23982
21411
45282
1539
35526
5210
30521
34739
14501
19500
59453
45734
12461
5034
33119
55846
19877
58790
45065
80307
66444
83364
94249
96250
67902
18646
82448
41775
84135
4578
47312
44206
64916
48227
46007
49568
58389
66938
26952
39897
91976
49490
28642
46665
61518
97736
64548
33423
64929
23974
61455
93857
36922
68768
96559
21531
9110
79584
52784
3199
12750
89643
56410
33780
53896
36112
9955
15521
92859
93772
21002
19148
73877
90312
25935
24083
72615
81323
44821
36684
1267
27570
26691
43741
94772
42843
58543
49056
39967
47478
78943
44845
32735
19136
68062
13294
30821
4149
18361
23130
82650
50695
95232
66690
67582
63794
64480
52864
9862
14324
55211
5961
97797
84937
68926
17886
69828
8588
17278
60682
71781
20190
85087
64398
56599
39188
51489
11461
98898
15343
87163
79712
6221
53038
46628
67489
92430
96591
50725
23274
29854
25604
50002
68892
84327
71412
5518
7543
67900
32997
15600
