19700
25265
24225
6007
17009
271
95266
62599
69814
71741
93631
72000
17124
50434
6287
42391
41429
15847
11928
28610
24172
63594
48270
5981
20690
21867
30398
90296
78620
14562
14910
17513
37974
49390
1511
1360
17743
68355
17210
75080
5761
45588
26710
84661
87071
27056
55526
65433
86092
94160
52145
14099
2364
15569
71856
332
85481
40649
68054
51467
305
51949
75189
47930
97084
29917
14243
61173
137
40107
90747
89732
72203
83258
50317
20134
81826
7252
76654
82248
34816
51953
97865
99082
16538
68642
17984
16128
38480
10684
51905
53574
10186
82910
82489
72369
93739
88026
38682
67383
14484
461
36020
21688
8599
639
3364
87601
71276
79175
38283
46595
71285
25192
62111
51207
16543
79862
86665
30036
67262
94954
61887
65001
63896
44206
35441
91557
11803
46125
18137
29457
74395
73167
11453
88091
34893
79482
11666
27194
73034
54634
72964
5333
12118
20608
38434
40737
97340
92214
96722
72027
23687
47471
5904
521
56221
12523
12753
41124
6676
64742
63249
71712
4053
33307
32600
32293
48383
44610
10932
12335
16759
1346
82577
33368
47891
21258
38191
60576
30924
62389
67105
13365
24741
63228
78474
62689
59069
91803
82517
59104
76276
58563
25012
71484
39872
16055
52252
44888
2731
79314
84244
32274
5017
45140
47046
68431
67614
52290
49984
38484
94856
79486
21027
74627
58370
18387
91129
85879
92228
81541
94006
92282
37208
92407
69703
95877
5459
11682
86996
48842
8922
31183
75033
18477
94052
61116
18231
91443
1973
86483
44594
60332
92603
58555
44664
14319
66403
77096
82442
53724
46475
34315
72864
59425
70026
32880
77575
21799
8932
18106
21524
51500
58255
88920
43061
17696
65760
17410
1248
75670
58872
28284
53654
86180
9687
70326
73994
89045
71805
99229
40417
52014
40591
2671
60456
28664
63462
43631
6992
71279
85646
26821
20473
99074
74754
91815
35243
69170
92302
22975
30868
63902
93824
84534
86843
52960
32523
18976
3673
95520
13341
20067
46253
19747
38768
37722
582
66045
70383
22858
1815
49968
73851
97540
63953
29430
6097
68565
28083
23504
32120
57233
81398
83989
90726
99305
93779
25999
83855
30698
81277
66881
65912
64965
28082
51328
42938
7577
33512
75156
42059
34953
57056
93879
71822
2520
32905
65321
17831
62202
9678
311
14162
71413
75108
67372
133
85742
33530
60993
60946
34408
24652
29194
84157
37630
71399
13528
73552
93235
87144
70209
54338
72061
74840
29274
52431
75867
17885
26615
54857
81845
4498
80019
78687
55758
97280
53687
64852
59750
25482
72447
9430
41704
92470
89172
48946
49986
25272
9933
22516
54777
61270
23014
923
94822
17405
60318
65521
19459
227
4324
38989
59643
42542
49891
51814
7932
13577
72623
16546
99018
2984
60806
13063
92373
33288
82741
4955
62407
60973
21306
11155
18136
34111
42910
62520
40734
8452
70192
1956
30791
25646
51347
53125
59708
55687
35561
18792
53599
37128
3326
78473
61607
81221
66150
92665
98390
57543
19286
8543
40013
28387
47333
61115
90117
79391
47672
64587
49929
6375
47789
53420
24566
4589
94613
39226
49813
30088
18414
72080
74735
81812
84760
17903
22527
70130
3954
37879
49084
38516
17835
64554
57191
61886
63670
84429
18495
21317
48255
48353
52599
19654
54431
43023
73169
11576
88738
14857
15719
41202
35575
99345
17065
35888
26238
76279
86951
42999
13624
12181
53866
17189
15483
69880
42012
63562
91156
47516
42495
66978
91204
67282
35490
38730
87669
40984
66391
92909
70880
34659
7202
44586
85150
88526
50586
99822
13194
14854
8267
71590
41400
11577
76374
79446
90078
66150
17345
80714
76935
2510
60088
93659
80379
14007
71874
35106
75322
70520
80237
21875
77872
81689
8577
2755
90583
64373
92389
71021
92060
83469
7368
90647
80714
52769
53651
51679
43073
7709
87386
75734
95183
69502
92076
27552
36106
46871
94579
21227
30558
67191
72615
87015
71136
13277
53215
15394
16867
22451
82128
75967
49647
23993
23233
54679
96410
98032
32293
9861
76400
8557
54204
97304
56893
71277
38141
73039
18578
68649
36558
19090
83795
42529
41881
50528
83368
30712
87832
75776
50392
25816
75052
1218
98533
5837
50970
74257
50822
5406
75363
54232
71635
38537
13582
7119
11172
46704
5804
9164
58729
51242
39824
76786
76223
2142
49047
26473
87636
90938
22618
80782
28881
38839
51478
12484
46067
46604
28552
72553
19622
50740
88048
10751
37970
73014
38358
33410
32061
37754
32774
98563
83015
31292
70075
80303
2661
32569
38917
61879
1021
55455
48967
25440
97267
30736
7069
49194
24440
34773
13677
35645
49717
59876
34847
4429
53157
58130
27360
81810
13274
29615
23310
21982
65713
98131
23029
82637
57419
35088
43215
19723
21453
55996
48970
33378
39188
69536
30874
64517
81364
58114
60469
36480
72478
26494
53134
64987
25320
72816
62519
82925
82688
93132
10928
32840
11743
69229
52504
30383
30036
74682
38151
39395
10119
26414
15071
23759
48393
1404
95043
39705
52012
88158
73288
62278
88222
44585
41746
82235
42078
51022
94936
97355
49324
26019
95708
72394
96811
37259
43243
24347
75427
20670
83853
64597
48242
52029
97571
85525
10010
25860
32906
85667
61967
20989
30551
7039
98068
57959
34017
87632
45597
18730
74321
55978
8824
73513
18111
19214
56767
95866
62123
65797
67520
41626
8908
76842
79344
60742
28916
64434
61676
77852
72924
20924
70096
88759
64387
37874
99125
42129
1812
16642
81582
38384
67698
12345
76028
96626
57994
88046
49044
90977
83719
86840
55288
48976
34670
79914
6891
34322
68057
24022
58497
47455
37627
14302
3548
6491
44860
26091
61983
82735
4807
58142
24041
99014
12194
36596
54301
23480
59324
4118
15986
48473
50712
23128
79365
69230
70976
56286
45570
48267
16709
28655
72319
99654
16879
63247
14952
15870
41270
24577
654
69617
55008
7401
85483
30185
18963
63899
11990
5309
97582
40771
30826
33989
94303
63901
96210
83187
73514
57159
29374
90955
48978
53042
42015
67926
70825
20237
68398
55546
79496
36829
42294
11733
33221
68406
41511
24426
6313
29676
24334
1588
78996
35604
66550
8081
69508
35998
20794
93021
9696
93554
58618
46759
24726
15294
86147
81641
92399
86845
38677
88006
21025
67164
29261
75946
89446
65240
35058
79692
28767
27018
68160
75840
24384
35046
63046
39337
56786
91628
18725
72866
55845
60236
47009
