51592
48793
48949
50161
48804
50991
51345
51737
50341
49167
50494
50830
50214
48509
49997
50073
50309
50170
49542
49333
50237
50386
51077
50283
50279
50427
51771
50733
50710
48073
48702
49801
49000
49045
49809
48825
49117
49340
50047
50092
50779
48937
50439
51189
50835
49607
49800
50306
49985
49604
50457
50513
50918
48816
47003
49628
51393
48346
49487
49868
49549
50563
50430
49163
50374
50204
49640
49360
48996
48996
50341
51591
49556
49777
50676
49462
48635
50478
49535
51295
48920
50175
50300
50365
50812
48925
49941
49249
49742
48169
49278
50344
51067
50391
50754
52935
49168
49780
50243
49031
50051
50704
49761
50263
48986
49308
49746
51118
48833
49191
51142
49800
49788
48133
50427
48953
49958
48566
50368
49710
50164
50005
50766
50636
50879
49183
50612
50938
49873
50135
50992
49917
50834
49631
51650
49134
50443
48968
49932
49032
50394
49269
51126
51078
50757
47872
48607
50584
49893
50820
48807
50509
50151
50867
49256
50211
51705
48214
48389
48050
49191
50461
49293
49268
48283
49844
50073
50742
49890
51109
49260
49336
49218
48767
48164
50773
50638
49741
49791
49102
49750
49526
51139
49441
49537
50206
49866
49689
49743
48623
50591
49312
50107
50815
50736
50693
50205
50903
49188
48828
51712
50421
49929
49472
49459
50467
50116
48343
52371
49923
50515
48847
50013
50348
50096
48627
49557
49431
51604
51100
49765
50754
49726
50792
50284
50415
48869
50169
49146
49145
50176
49048
49034
49212
49199
50965
50417
51759
52165
48034
51114
51013
48555
48535
49488
51025
50426
50544
49427
49256
50013
51058
50602
49276
50039
48329
48684
52448
50279
50015
48974
48619
46770
50262
51059
49536
51296
49475
50861
49650
50724
48903
49789
49960
50099
49293
51020
49538
49420
51371
50691
49093
51669
49883
47560
49887
51105
49855
50310
49493
49766
49852
48829
49985
50682
52366
51694
48771
49976
48035
49203
50757
52594
50695
50694
49502
49883
49798
51151
49126
49653
51067
50206
51561
49833
49996
48294
50450
48928
48985
51219
50672
49555
49489
50556
49494
49353
48362
47260
48982
49771
48575
50526
49225
49304
47868
50993
49746
50236
49161
49117
50838
49968
48992
50855
49804
51258
50950
51389
49882
50463
48309
50742
52263
49311
50031
51316
50933
51485
51368
49442
48964
50658
50638
51661
48651
49099
50208
48583
50665
48578
48712
52190
50530
48831
50701
50438
49181
51071
49571
48637
50048
50334
52565
48539
49561
50365
52416
48905
50951
49766
49034
49249
49389
49272
48468
49162
48671
50885
51425
49368
50100
49494
51472
50559
49561
49507
50825
51402
49939
50089
49980
50469
50148
50835
50415
51186
49673
48992
51035
50203
48463
49772
49887
48575
48856
49053
49641
50205
49859
50290
49861
49496
51322
49728
48233
52103
50366
48251
51668
49597
50491
48321
50231
50932
49563
47709
48295
49034
48846
50737
49412
50535
50445
48902
50752
52349
49449
49743
51114
50497
50624
51345
48673
50263
51085
50427
48248
51257
50341
49912
49219
52821
48910
48403
51132
50091
49492
50640
50728
50297
50394
50325
49171
50686
50937
49078
49143
49713
48696
49339
49621
52157
49882
51404
49469
48210
51579
49616
49915
49966
51163
48839
49532
49425
50069
51027
49283
49325
49200
49305
49399
49603
50665
50884
51947
51732
49353
50161
50270
50153
49664
50162
49438
48964
50598
49205
49095
49202
49538
49936
48824
49771
51200
50032
50216
48496
49928
50306
49797
50346
50148
49237
48200
50023
48644
49397
47751
50822
48187
50465
50977
49139
50770
50714
49718
49881
50197
49099
49470
49278
48666
49672
50123
49892
48432
49194
51437
48155
49398
49493
47479
49968
48630
50923
49387
49772
52079
49905
49305
50325
50950
48996
48256
49513
49238
50326
50990
50109
50965
49324
49150
51490
49468
49167
48927
49342
50398
50974
51123
49325
51553
47870
51580
49288
48859
48566
48854
50948
51677
49303
50929
49468
49481
50318
50837
49816
49868
50280
50429
50212
48792
50217
50289
50914
50184
49018
48858
49585
48188
49218
51725
51225
50179
51139
48927
49461
49490
51071
49640
48944
50617
48016
52147
51776
50350
50459
52007
50393
49802
51263
47852
49307
50894
49297
48667
49421
51845
48241
50682
50761
48150
48485
49091
49226
48989
50346
51512
49818
50855
50422
50571
50698
48629
48969
49806
49617
49783
49339
49952
49842
48781
50225
50762
49909
49615
51696
50427
47469
50183
49612
50130
49490
50415
49219
50347
51111
50263
51069
49357
49320
48437
49509
49060
49169
50882
49456
49509
51424
49414
47923
50491
51356
49387
50430
50602
48744
50500
49940
50519
48890
49734
48921
48203
49595
49612
50430
49445
50026
51105
51441
48487
52209
48918
50135
51167
51226
49081
49143
51572
50232
48393
51242
49581
48894
49677
52034
49993
50249
50289
50944
49291
49499
49202
48765
49599
49117
49770
48878
49770
48874
51432
49078
49282
50298
49680
50428
49239
50675
50023
51155
49961
49601
49707
50304
49460
52038
49119
50870
50147
49841
49036
53116
48555
50255
49483
50587
51096
48547
49481
49740
51122
50245
50236
47835
51665
50911
50894
50142
48454
49384
49940
48555
48722
49429
49542
49637
50188
50149
50377
49674
49978
47394
49554
52181
49521
50228
49908
48629
51142
48887
50555
50309
50640
49107
51409
50342
49671
50544
48667
49496
51165
52099
49068
51334
49979
49350
50388
49701
47932
51127
50151
49375
51488
48901
52288
50893
50693
50025
50064
50276
50844
49140
52417
50381
51018
50795
50068
48875
49319
49076
50213
49537
51664
50754
48542
49441
47899
50173
49279
49989
52212
50451
49016
48819
51395
52318
50199
51011
49674
48269
49960
50006
49030
49774
49584
48943
50467
50507
51230
52393
49558
48508
50850
49564
47746
49338
50736
51680
47659
49861
48831
49662
48924
49665
50942
48104
48942
51090
51374
51201
49912
49017
49130
49929
51014
50929
50487
47919
50471
50615
49687
50000
51791
50334
50624
50726
49928
49808
50402
48730
48649
51419
48323
50051
50718
51173
50625
48698
49360
49537
50231
49581
50942
50633
50120
51867
49383
50113
49598
49109
48933
51372
49397
50083
49926
49087
47408
51328
51527
49395
48621
50944
50989
49565
49441
50311
50132
49433
50795
50594
50662
50756
51129
48892
50679
50081
49288
51430
49309
50157
49200
48765
49257
50863
49151
50641
48179
47621
49072
49938
48778
50972
49887
48490
51076
48366
48957
49045
48475
50785
49983
49656
51249
50727
49354
50356
49292
50135
50546
51839
50181
49809
48974
49338
50423
50458
50565
50512
50283
48681
49021
49466
50826
48920
50721
48617
50932
49741
49917
48457
49651
52400
50673
49417
49807
50736
50546
49188
50200
49586
49320
49655
51856
51189
50143
51467
50625
49754
50510
49774
49860
50631
49582
49550
48940
51075
49958
51285
50624
50926
48876
50451
48353
53193
49991
50159
48067
49875
49320
50690
49229
48990
48995
49225
50987
48784
49288
50954
50252
51038
48952
50431
49939
52514
49396
50521
50140
48882
48972
50187
50211
49940
49808
50938
51024
50325
51406
50100
49327
49053
49862
49843
50455
50210
50330
50311
50456
49666
50839
49359
49954
48743
51072
48876
49260
48837
49114
50751
50336
48769
49726
50032
49270
49898
49558
50046
50791
50325
49075
50573
50772
51267
52284
49377
49708
50196
51470
50212
49847
49568
49144
48755
49649
51775
50643
50053
50003
48093
51426
48700
50513
49804
46990
50082
50329
49546
49701
51002
48022
47965
49187
51394
49830
49285
49011
51022
51501
50391
49596
50861
49983
50018
49530
49037
49925
48976
50392
49715
51387
50351
48922
50228
50895
51194
48455
51191
51234
50165
49707
49960
50589
49761
51246
49283
50256
48427
51336
48543
49623
50626
50649
48350
50608
50372
51264
51240
50848
50052
50363
50037
49968
48055
48231
49481
49325
50422
49553
49778
50718
50827
50157
51021
48955
50108
49238
49502
48790
50093
51507
48951
50290
49412
50803
49692
50079
49421
49152
49312
51693
49513
49696
49823
49317
49228
49003
50468
49963
52061
50030
51715
50066
48087
50473
49879
49660
50166
48473
52153
51091
50229
50391
48074
48913
49703
49649
50489
50459
51486
48696
50861
49390
49378
49282
48860
50437
49745
50402
49902
48767
50085
50226
52188
49784
48708
50047
50684
49833
50459
49734
49714
49140
50239
51607
50745
50929
50927
50194
49211
48187
49555
50111
51864
50539
50734
47877
51734
50330
51054
49344
47134
49672
50538
50549
50024
48690
49570
49877
47961
50458
48610
50038
51816
51237
50421
51182
50220
51152
49660
48261
50486
50436
50860
49387
50072
49371
47846
48305
50431
49634
47943
49461
51832
50630
48728
49700
51217
50993
50351
50012
50544
49963
50726
49588
47920
49337
49190
49607
50205
49521
49493
49382
50457
50305
50358
49658
48605
50284
51047
49223
49562
50125
50151
49520
49608
51306
48611
49973
50607
48330
49202
48620
50491
48923
50573
49248
50690
47797
51341
48765
52673
49810
49910
50143
52070
49035
48939
49368
51005
49711
49362
51383
49481
49418
51100
49418
49465
50082
50125
49682
50489
49317
49549
50371
49789
50335
49477
49808
49411
47468
49324
51925
51561
50216
50565
49094
49664
50232
49292
50334
50433
49542
49133
50855
48884
49322
49712
48347
50558
51765
50963
51092
49713
49210
49454
48581
48354
51041
48521
50491
49935
49609
49218
50760
50894
50749
50558
50598
51392
50926
50517
49787
48386
50891
49583
50519
50510
50306
49874
48165
50049
51501
51548
49650
50646
49750
50534
49950
46977
48862
49200
51997
49836
49936
50130
49293
48493
51581
47938
49232
52088
50668
48994
52639
50817
49843
51243
51418
51786
50566
51253
51111
50877
52203
52177
49988
49602
48637
51025
52175
48179
49273
48369
50514
49517
50797
50773
50576
48185
48460
49387
50372
48220
48335
50801
49846
48537
50965
49450
48345
50372
49889
50726
50760
50937
48788
50146
50571
51411
49735
50056
49645
51247
48158
50642
52742
50275
52132
51316
49632
49479
51204
50486
49914
52402
50454
49506
51472
50490
49629
50662
50172
49832
51009
50079
51122
50240
49376
50366
49179
49050
50306
49098
50399
49447
50137
52331
50641
48917
49829
49683
49750
48890
50947
48954
51424
49412
48755
49765
50238
48023
49630
49278
50035
50526
51865
49242
50475
51002
51007
51791
48824
51797
50969
51982
52193
49054
49951
48858
49096
49432
49268
50315
49644
50668
50964
51247
51382
47914
50189
48698
48740
50293
49008
49287
50119
48653
49758
50582
49434
50792
50927
52134
48365
49443
50296
48426
50455
50207
49851
50190
51199
48528
49342
50054
50725
50214
47726
50713
50253
50206
49492
49810
48587
49888
50516
50067
49928
49627
50442
50466
50356
49966
50480
48523
49077
50859
52074
48956
50314
49529
48011
51565
51020
49319
49586
47571
50838
51509
52101
50196
49501
49197
48450
50048
50350
49139
50093
51443
49219
50044
48847
49957
50431
51150
48470
49045
48890
51985
49669
49207
50647
48044
49257
50424
51937
49614
50073
51035
50112
48849
50807
48030
49748
49037
49603
49907
49495
47217
49117
49797
50820
49111
49606
48477
49208
49016
50531
50279
49514
48856
48531
49280
50705
49771
48831
48983
51488
49563
50854
50850
50211
50157
49306
49752
49881
51656
49752
50750
50440
49229
49253
49922
52107
50983
50806
48800
50333
50631
51439
50831
51081
47186
49643
50074
51016
51115
49637
52512
49600
49253
48847
49863
50457
51044
49623
50217
50338
51212
49978
49227
50525
50364
49895
51264
49800
49942
50288
49646
49293
51491
49578
51482
50087
50718
49501
50216
49042
48570
51440
50669
49280
50627
49423
51554
49701
49222
49539
49575
50656
50411
48670
49944
50710
49143
49130
50566
50340
50783
48823
48365
49554
48905
49974
51438
49779
49959
49807
50790
51050
48768
50495
49431
51169
49767
51277
49109
50631
50545
49320
49209
49230
49262
47627
51435
49951
48893
49433
49608
49827
48376
49807
50347
49193
48169
48241
50602
49612
49258
48888
50507
49811
51037
49451
50240
51957
50948
50970
49016
50686
50846
50084
51532
51323
48944
50924
50498
50403
51171
50045
48447
50720
48554
51018
51572
50032
48836
51517
50502
49435
51399
49895
49637
49791
49380
51039
51122
50939
50544
50059
48634
50932
49446
49386
49069
51857
50834
51299
51298
49985
51000
52413
52227
49793
51242
49311
50512
50232
49523
50096
48994
49757
49861
49821
49320
48662
48017
50700
49907
50125
50109
50734
49512
50537
49835
51577
50607
49166
51259
51404
50798
50911
48969
49218
49899
49352
48549
49173
49992
49699
48092
50453
49094
50377
50079
48783
48595
49363
49705
49173
50266
50148
49841
49550
51359
48610
50971
49566
49278
49121
49204
50235
51429
50223
49592
48435
50956
50328
50296
48830
50187
48685
50447
51196
48607
50144
49461
49101
49431
48589
49592
49010
50734
47359
51762
49583
49249
51488
50712
50552
51110
48725
50199
49004
49494
50219
50424
50113
51191
49049
49313
50365
51837
50052
49282
51289
50793
50250
48366
50838
50464
48998
49059
50738
51093
49868
48591
50075
50186
52560
50426
50857
50903
50495
48705
49843
50187
50163
51277
49759
48884
50137
51406
50457
48162
51005
50713
52214
50250
49517
50704
51063
49255
49546
49277
50386
50182
49722
49113
49352
49372
50457
49876
48805
49507
48785
51344
50764
50009
48191
50732
50650
50993
50541
49078
51176
50012
49199
50365
49570
49431
49729
50571
51698
50437
50265
49581
51126
50554
51306
51257
48982
50998
50165
52322
52213
49345
50569
49332
50407
51050
49415
50146
50257
51366
49391
50334
49903
49937
51038
49012
50504
50689
50227
51784
49552
50843
48247
50378
49688
50051
48546
49253
49069
48592
51338
48425
50003
50322
50702
48920
51729
49736
49446
49938
48793
50639
51388
48933
50970
51140
49999
49135
49147
50709
50351
50169
49677
48457
49810
49376
48844
50797
51583
51737
51964
50539
50722
51685
50972
50833
50137
50411
50009
49343
49100
51148
48335
51029
50131
48889
50084
50287
50070
50838
49056
50597
51122
48884
48863
50278
49761
50383
48665
50290
49958
48607
50675
49857
49456
49056
49020
49603
51243
49336
50680
49223
49035
51016
49104
50547
52491
50309
48487
50427
50950
51140
50090
50162
49290
50267
51010
48359
49942
49461
49598
49016
50324
49717
49408
51903
50467
50377
48977
50074
51632
48916
48762
47881
49640
50203
50389
49690
50119
50505
49376
49772
48426
49023
49599
48378
49506
49183
48743
49826
48401
50866
50878
50814
50726
50669
49697
50723
49956
49269
50176
49554
50680
50563
48666
49282
50083
49225
49653
51331
51283
51887
50465
48659
50775
51539
49650
50119
49708
49291
49561
50997
50131
50327
50319
49238
51102
50600
51705
49773
49885
50732
51474
49712
50612
50105
50004
49979
51310
48734
49129
48106
50156
50516
48628
49142
49785
50257
49396
49807
50393
49764
50428
47942
50698
49888
51483
49466
50095
49051
50111
50569
50432
51866
50161
50105
52494
50141
49616
52467
51983
49027
50218
50736
48116
49682
49040
52105
48695
51453
49045
51015
51464
49924
49471
50261
50724
49770
47938
50047
50653
50891
48641
49442
48904
50971
48250
49480
51272
49164
50178
49783
50381
51284
48980
51346
49520
51669
49194
49037
49626
50347
51514
50781
49710
50824
48514
53024
49676
48934
50375
49278
50455
53067
49722
50225
50285
50660
50888
49286
50326
50845
48418
50260
49495
50166
49571
50938
49654
51345
49786
50871
51003
52726
51719
50239
50131
47640
49558
50678
52336
50220
49378
50137
48447
51669
48628
51912
50176
49537
48948
50425
49750
51200
49188
50146
50210
49581
49944
51496
48171
49672
50337
49456
49647
48920
47412
49540
49416
49679
49890
48855
48193
48718
48550
52104
50066
50417
49777
50179
50599
50623
50118
48037
51420
49136
50464
50765
47794
50665
48765
51539
50463
49086
49837
49056
48933
50738
50393
49307
48399
48887
48231
48871
50455
49114
50627
50701
49030
51211
50508
48957
50332
51013
49586
49597
49502
50402
51065
51225
49114
50254
50086
50356
51844
50383
50058
50823
49245
50129
50386
49535
50259
48816
48434
47500
51130
49606
50216
49610
50202
49921
47872
49032
49942
50813
47944
51123
50045
50291
49288
49675
48519
51023
50257
50420
49486
49535
50311
50025
48198
47520
51295
49885
49317
50790
50958
49707
50990
51304
48858
50482
49886
50183
49284
49606
50516
50333
49837
49516
50112
50530
50747
49716
49725
48945
51910
48402
50498
49727
49137
49970
50576
49632
50594
50570
50439
49865
49573
50037
50155
51666
49884
48889
50294
50468
50249
50739
51698
49679
51506
50841
49569
50268
50248
50162
49180
50119
51129
51485
49675
50955
51709
51361
49717
49237
50045
50714
49713
50535
49940
48637
50301
49257
50712
49566
49524
49279
49423
51450
51782
50631
49027
50538
50108
51000
49611
52033
49744
50515
51087
51478
48697
49347
50650
49510
50171
48808
50490
51296
48670
48075
48673
50972
51120
50993
50601
49454
49948
48579
49315
51455
49363
50824
52519
50774
49510
50275
48557
48862
51354
49025
50745
48732
49991
50366
49822
49469
48571
49751
49288
50311
50147
49525
49983
51516
50560
48895
47787
50002
50166
50679
51290
49076
51014
49833
50739
52501
48590
50271
49650
49291
49172
49062
49652
51029
49065
49326
51562
49844
51298
49603
49965
48107
51360
47900
50748
51073
50132
50036
47731
49203
50775
48732
48222
50081
51227
51226
50301
51458
51974
50103
51549
49893
51632
51229
48235
49174
49623
51117
49626
48709
50925
49164
50563
49958
50806
49976
49547
50139
49968
49473
50058
48540
49323
48764
50298
49541
50606
49450
49259
49589
51483
49751
47901
48685
50030
50407
49379
49587
48698
51204
49976
50031
50376
50600
49754
51348
48631
51542
49371
51911
49421
52119
50070
48495
50347
49883
50179
49977
48633
48734
50429
48957
49766
50711
50218
48804
50217
49723
52348
50182
51096
50035
49489
51948
48092
51019
48630
51513
49491
50179
49152
49390
51991
51278
49641
48233
49980
49799
49328
49376
51217
50399
50031
49698
48405
50309
51140
50219
50821
49289
49615
48858
49571
49865
48008
50018
49265
51030
48258
49279
50455
49067
50749
51705
50239
50264
49592
49707
50879
49956
49393
49753
49737
49706
49765
49074
50458
49681
48904
49860
50987
50646
49325
50337
49093
50652
50235
49780
48702
50664
48655
50699
50777
49824
49153
50543
49941
49312
50911
50367
50136
49701
50709
49771
50022
51156
48908
51169
50659
49549
50401
49411
49654
50558
49785
48224
49135
51884
50320
48302
49588
50146
48191
50211
49802
49587
48618
49495
48724
49109
49137
49271
48440
48821
49444
51811
49680
50216
48645
50445
48591
52033
49846
48314
50823
48104
50355
51362
51472
50759
49973
48151
49866
50599
49528
50063
49440
50067
49602
50177
49953
52004
50204
49236
49842
48156
50238
51802
50082
51200
50143
49159
50179
49652
49539
50212
51375
50247
49572
48855
51003
51247
50258
50812
49061
49807
48295
52402
50249
48550
49812
50741
50224
50593
49642
49568
49297
49640
49654
51419
48850
47984
49556
50336
47320
50604
47871
51483
49913
49616
50107
49723
50240
49659
51404
50124
51430
50291
49790
52313
50219
51152
50798
47901
50891
48402
50248
48752
51703
52062
50015
49913
50353
49958
49946
50683
50117
50135
50648
50718
50620
51065
50764
50235
50419
50939
49002
49249
50472
50166
49709
47271
51044
48970
49953
51836
50315
48434
48491
49034
51256
50019
49082
49794
46330
50882
49702
48393
49739
51000
51182
50644
47997
49095
51073
51127
51380
50967
51351
49981
50236
50014
48731
49698
49567
49998
49962
48568
50901
50586
48838
50275
51507
49669
48175
50167
48696
49767
48838
49688
49916
49466
49668
50158
50499
50920
49206
50086
49733
47104
50939
50788
49035
48486
48608
49654
49770
49652
51207
49753
50310
48705
50536
49684
49178
50043
50773
47048
48622
49456
49739
49389
50103
50350
49516
50547
49926
51200
49962
50010
50592
50568
50822
48501
50682
49170
49437
50102
48408
49636
50392
50830
49935
50340
50359
51267
50126
50292
48535
49113
49166
48611
50327
49732
51144
49100
51749
49531
48205
50207
49836
51356
50259
50425
49012
51029
50251
50345
51206
49157
50834
49570
48683
49160
52061
48638
51086
48825
49589
50604
52329
48819
51627
49994
50210
50512
48225
48900
49136
49514
51087
49596
51368
50533
49926
50618
48721
49621
49012
51924
50472
49358
50397
50318
48571
49547
49534
49448
50246
49921
49718
49507
50086
49944
49989
51229
50213
50518
49935
50484
49527
50811
48291
49312
51039
50163
50228
49095
50711
50017
49412
50981
50044
49945
49608
50961
49652
48960
49710
52340
50672
49486
49440
51653
50122
49295
50200
49148
50474
49929
50472
49253
49941
49795
49598
51350
50572
49537
48422
50069
50669
51248
50291
49251
49871
48356
48951
50354
49832
50865
51240
51094
49051
49085
50780
50951
49773
48909
49783
50284
50671
51012
50588
49392
48204
49135
49571
50573
49322
48926
50567
50842
49512
49033
49486
48890
51394
49377
51053
49698
50721
49614
49578
50381
49948
50393
51038
51391
51254
49931
49329
49567
49679
51419
50159
49106
51212
50844
50254
49109
50485
50601
49711
50612
48934
49207
49479
49930
51088
50485
49483
50434
48505
51149
51428
48803
49859
51320
50007
48722
49315
51955
50669
48274
52478
50070
49689
48064
51478
48498
50350
50909
49730
49561
49393
52615
49552
50334
50777
51900
51068
50291
49907
48810
49153
50523
49387
50061
51535
50436
49698
50299
49118
50832
50629
50411
49286
47654
50252
49086
48743
49938
50498
48918
50303
50929
49185
49917
48540
50718
49123
50820
49660
50804
49594
49975
49254
49806
51900
51159
49921
50182
48650
50573
50410
52070
49156
49056
49566
50253
49647
51406
49665
49408
48328
49449
48908
49335
50409
48564
50446
49631
52261
50312
50729
48090
47217
50471
48867
50950
51419
48740
49892
48501
49874
49642
47731
50037
49421
50021
51278
49361
52612
50905
48885
50388
50810
48799
49840
50904
48909
49672
48607
49909
49929
49389
49779
49057
50178
48970
49133
50277
48043
50750
49246
48421
50436
49386
50471
51221
51299
49954
49865
49705
48747
50624
50657
49924
48304
48877
50535
49271
50625
48499
50310
51881
50933
49668
50294
50432
48431
50308
51055
49058
49931
48218
48535
50669
48223
50572
50665
49737
49686
51153
49745
50246
50583
47657
48992
50387
50577
49302
50368
49102
49483
51329
49423
51575
48985
48974
48999
49753
51789
50728
49201
49245
48882
50114
50705
50880
50858
49549
49940
50018
49627
50584
48972
49547
50276
48966
49404
49382
50691
49096
50072
51010
50208
49097
49086
50682
49546
48088
50673
48966
49154
49161
52043
47745
50608
48228
49387
49477
49316
48336
49095
50340
49631
49741
47881
48099
50890
51338
50711
49302
49567
50230
48394
49632
49279
50225
47129
50354
48965
49989
50715
49153
48108
49501
49365
49067
49753
50707
50642
49719
52359
47486
49990
49955
50328
50333
51437
48373
51075
49923
50139
50703
48907
49616
50619
50562
48921
49675
49519
49934
48135
49949
51594
49800
49679
50066
48452
51308
48827
50386
49793
49349
48987
49547
50428
50584
48630
50340
50292
48729
49893
51998
49103
50664
50528
50901
49627
49848
49986
50429
51183
50566
49028
47993
50661
49394
52123
51492
48501
48801
50291
51083
49899
50208
50074
50452
50099
50824
47859
51135
50796
51087
48824
49327
50359
47905
49470
50252
49345
50037
50770
48694
49632
49728
50162
50369
48927
49022
48234
49336
50135
50282
49804
51724
48257
51467
49273
49592
50982
49471
50323
51388
49598
50738
49884
51389
50223
50028
49136
50337
51263
47231
49379
48361
49544
48034
49260
50758
49873
49471
48340
50837
48853
49893
50434
52126
50088
50035
48253
48164
49650
48872
49705
49949
49286
48976
49650
48764
50467
50023
47875
51389
49895
50486
50685
51361
49470
50469
49682
48431
49392
48742
49611
50217
50488
49565
50820
49847
50295
51947
50577
50119
48178
49396
49993
49825
50381
50615
49341
50880
49813
51406
48480
50723
50306
49124
48922
50353
49780
48015
49373
50401
51102
49641
50540
51318
49461
49244
48112
49731
50047
49953
48769
50711
49274
49111
50688
50954
48467
49027
49431
50092
50591
48309
50228
48661
50791
50344
49746
49046
49809
50249
49249
50674
49936
50962
48515
47857
48781
48705
48702
50161
51457
50542
49970
49993
51185
50076
50302
50710
49110
50177
49959
51703
50997
50990
51097
50580
48760
51285
50884
49288
49709
50735
50438
50424
49759
49881
49093
50780
49817
49740
49688
49321
49584
49888
51166
51271
50222
49426
48821
50259
50746
49425
48375
50091
48368
51929
49271
50427
50006
50205
49851
51386
51357
49140
49192
49423
51306
50382
49529
50933
49522
50140
50997
48498
50127
48927
49611
49386
48495
50980
50420
51131
50450
51497
50251
50017
49922
50265
49823
50390
49030
48592
49171
50142
49834
49937
49079
49891
50592
49998
50486
47742
50753
50671
49787
51482
50300
48631
49149
49212
51262
49260
50169
50325
50680
49898
48507
50498
50058
50310
49986
49984
48916
50541
49018
48016
47968
50769
49315
48543
48615
49517
49031
50729
52472
51435
47846
50900
51641
50105
49468
50728
48846
49749
49947
49745
50284
51977
48701
49689
50542
51105
50608
48502
51365
49535
50665
50452
49840
50519
50943
48310
51149
50303
50050
50508
49005
48924
52141
51480
50589
49981
49875
48876
48467
49387
51182
49555
50634
51537
52419
50921
49684
50056
51110
49778
51755
50594
49592
51085
50953
49056
50904
49226
48153
49110
49519
50513
51511
50818
50370
49283
49659
49316
51973
50573
51849
49779
49407
51648
50898
50322
50170
49894
49778
51392
48848
49712
49953
49771
49256
50937
50956
50367
49716
51217
52117
49226
48919
50893
50218
50883
49205
50472
49102
50456
51332
49412
47555
49172
49592
50063
50042
51384
50418
50031
49626
49451
50155
49642
49695
50867
49771
49400
48347
47989
50943
47745
50735
48263
49890
49737
49521
49873
49085
50330
51029
49910
48309
49645
48174
50732
48577
49876
49160
49872
49890
50280
49797
49728
49251
48422
50315
48580
52022
50293
50428
51166
49572
47898
50304
49130
49919
49546
52055
50727
51828
49197
47351
49868
49242
49612
48873
48405
50455
51436
51171
50362
49641
50678
52440
49762
49922
50218
49510
50440
50017
51015
49546
49342
49570
48494
49556
49465
50233
50624
49870
50904
51851
52187
51722
49482
50673
48899
50211
50369
50484
49752
49588
50257
50917
49438
50496
49889
49100
47519
51264
51525
50768
50484
49180
48061
49858
49783
50055
49457
49346
51749
51008
49613
49539
49632
47908
52111
49389
50141
51333
51395
49864
49886
50353
47526
51101
49766
51164
52075
48384
49770
49806
48887
51637
48943
48660
50398
49452
51262
49349
50151
49982
50241
48252
49238
51185
48098
49877
49474
50743
49782
49523
50837
50854
49481
49397
49562
49741
48592
49961
50564
48705
49481
50084
50207
48753
50434
50817
51279
50523
49363
50551
51319
50743
50275
51803
48038
49036
49862
49848
48798
49058
51050
50480
50551
51192
51541
49497
49996
49089
48443
50445
50788
47406
50205
51006
49654
48417
51229
49786
50636
50117
49241
49544
50614
49748
48562
50896
47807
48609
50405
51339
50327
49618
52367
50304
51156
49907
49384
48482
50293
50522
49942
49529
48514
49338
50245
50184
49975
50115
50408
50223
49221
49969
49476
49537
49536
51088
49234
49465
51082
51040
49102
50578
49441
49690
49004
48634
48999
49566
50648
49055
50243
51741
49688
50019
50026
49591
49203
49467
51648
50581
50708
51950
51119
48409
49642
49191
49150
49625
51041
50365
50158
49829
51344
48536
50707
49090
50245
50619
48661
49509
48305
51631
50263
51490
50827
51012
50748
50387
51363
48740
50226
51629
50132
51481
51177
51844
50085
50046
48406
48767
49340
50663
48616
51072
50821
48405
49914
49238
51005
50636
48471
51256
47612
50765
51263
49375
50120
48602
49303
50130
50307
49644
50060
49498
51538
51064
49332
50690
48819
49659
48885
50359
49851
49984
51738
51027
52734
49791
50593
49802
49748
50153
50988
50452
49497
49511
49804
51781
48197
49371
50707
50888
48687
49714
50762
51069
50033
49332
49573
49909
49958
50019
49317
50226
50749
49775
50741
50818
51414
51303
51409
50250
50078
49923
49109
51802
48089
50105
50205
49198
49365
49764
50980
48420
48970
49128
47058
50922
49692
48637
50825
49327
49609
49403
51494
50681
49462
49317
51707
49804
48564
49861
51396
51637
51467
51362
49259
51759
50092
48921
51536
50188
49692
49054
49694
51178
49162
48102
50480
49785
48991
50566
50452
49472
49999
50465
50818
50213
50543
51161
48493
50324
51969
50439
49986
48751
52015
50639
49246
50262
48337
49990
49818
49601
50396
50581
49106
49864
51228
50137
51345
50666
50262
49073
50513
47579
48512
51398
51078
48290
50187
50746
49053
49973
51012
51013
50197
50422
50084
49242
49993
49717
50619
50171
50059
49411
52334
49523
50933
49420
51187
47650
50473
49420
49439
50488
51308
49497
50623
50039
48905
50370
50347
49392
51284
48468
50635
48880
47832
50491
49500
48541
51136
50033
48779
49323
49968
51102
49793
50535
50954
50972
49439
48910
49194
48641
47995
50806
49238
50390
51026
51769
51177
51564
49692
50126
50034
50665
50562
50436
50194
49685
50516
49489
47765
49116
50862
49284
49358
51150
49743
50679
51671
49474
48422
50321
50363
50330
49391
49107
50632
48370
48877
49470
48466
49413
49884
49583
49421
48883
48477
48430
51224
49618
50673
49609
48908
52110
48857
50720
49671
50304
50991
50385
51249
48106
49317
51570
48123
50201
47954
50757
49665
51255
49884
51618
49331
48211
50753
49444
51037
48798
48439
51194
48332
49651
48621
50113
48284
50022
49345
49888
49864
50095
48861
50161
49922
48481
50276
49243
49301
49943
48943
51060
50980
50984
49454
48910
50596
50581
51005
49692
51003
50060
48292
51226
47374
51431
49142
51103
50324
50159
49660
49898
47930
49015
51021
49879
50859
50762
51492
50401
50344
49383
51200
49910
50195
49409
52863
49834
50037
49167
51251
48211
50742
50616
49883
48567
49185
50545
49970
49136
50776
50622
51250
51866
50398
50249
50281
49697
48873
47946
50930
49601
50647
47528
48742
48094
49016
49421
50169
50416
49552
50338
47888
49765
46147
49867
50754
50454
48391
48839
50242
50678
50495
48270
50554
50431
49539
49909
49790
49325
50947
49638
50805
50401
50221
49571
49006
49382
48317
49214
49017
51101
48311
49114
50542
49207
49220
51396
50620
47939
49945
51261
50279
50797
49086
51241
50537
49868
50877
49796
51180
50835
49370
49273
50246
50851
49388
50084
51311
50734
49924
48442
50674
50300
49860
51509
50975
50474
51248
49340
49725
51444
51951
49328
50355
51344
50587
49418
48656
48660
50022
49362
50336
50387
50096
50936
48031
51835
51194
48254
50501
49520
51045
49193
49829
49629
50363
50048
50369
49299
49798
50399
48118
50369
49584
50512
51319
50919
49468
49541
49981
49162
50767
50061
48039
48592
49676
50795
50735
50693
50896
50947
51099
49299
49799
49324
51214
49513
50290
51629
51121
49275
48029
49674
49943
50956
48173
51345
50184
50925
50835
51259
49140
51462
49939
49636
50710
50148
49902
48774
49874
49953
51038
51380
49966
50169
50549
50159
50472
50349
50241
49990
50005
50766
49395
49858
51713
50901
50811
49920
48490
49842
48977
50515
49480
50040
48159
48069
50197
50484
48873
49939
50352
50730
49409
50283
48680
50282
49065
50522
49916
49311
49315
49519
48543
51118
51275
50902
49188
49347
49744
50467
48806
50951
49454
50743
50746
50304
51616
50116
50718
48605
50538
51458
50867
50069
50227
49551
51492
49644
50677
49881
52343
48163
49842
49961
48117
48888
49780
52093
49670
48612
51440
49422
48532
48508
50611
49988
49007
49021
50367
50831
50602
50570
51214
49347
48189
49727
49781
48440
49911
51168
50179
49433
51561
50320
48803
49453
50762
48815
51352
52299
50807
50330
49973
48191
50619
49183
50723
49032
49328
48312
49559
49815
49252
49146
49251
49035
49603
49651
48941
49682
49776
50856
50130
50095
50387
49809
51767
50871
49813
49187
50825
48459
50475
49503
49997
49729
50498
49209
49045
51385
52551
49749
49106
49667
49720
51094
49212
49434
47864
50213
50640
49867
48759
50804
50013
50928
50426
50308
50817
51369
48752
50770
49457
49530
50609
49584
51092
49787
51693
49894
50670
49185
47819
50997
49546
48977
50381
49830
52640
49827
50771
50198
51135
51554
47776
50254
50039
48571
50838
50652
49695
52165
50507
49749
49639
50625
49802
48580
51734
49565
48755
48658
48497
49623
50895
50269
50255
50275
52585
51004
49399
49875
49733
48705
48607
49872
50091
50253
50346
48991
48903
51864
48012
50364
49635
50037
51015
48712
48866
49747
51291
51088
49053
49688
50047
50418
51347
49411
48890
49553
50418
49913
49546
49475
51010
47679
50679
50018
50481
48397
49617
50106
50308
49221
48229
51610
51202
50249
51118
50290
51839
49686
48167
48564
49978
49096
49721
50032
50439
50467
50556
48844
49525
51868
52172
48987
50254
47004
49285
50842
50278
51402
50170
50617
49023
50278
50601
51150
48754
50035
49824
48611
51674
49542
50579
49494
49240
49343
50278
49878
51657
48562
50513
49925
48739
49595
51079
50536
49883
50886
49898
51324
48124
51624
50343
50388
50639
50173
49276
50036
51044
50922
50383
49897
50180
48938
49938
49020
51537
48773
50347
50957
49849
50912
50203
49938
50366
49260
51112
50404
50576
50540
49745
50291
50075
51313
47879
51532
49733
48434
49469
49195
49350
51338
50849
49792
50015
49870
50558
49774
50576
48850
50047
51131
48804
49083
50754
50758
48729
50463
48925
48231
49783
51361
51454
49488
51174
49507
50169
50737
50841
49056
49606
51114
52005
51935
49244
52222
49288
52038
51019
50495
50104
50688
47602
48013
50369
50079
48970
50435
50451
50401
50673
50469
49659
49185
50849
50078
48428
50496
49266
49653
51623
50790
48797
48974
48804
49388
50559
50134
48814
48950
49275
48353
49721
50015
48471
49683
49804
49578
49044
51067
50099
48758
48762
49013
51421
49113
50826
48408
50004
50435
48660
50469
51154
51142
48943
49503
48542
49421
51489
50692
49516
49327
49196
50248
49548
51565
52941
52624
52077
51234
51909
50088
50575
49934
50470
50318
51464
48439
51281
50560
49735
49998
50764
50501
50957
52669
51333
48389
50639
49444
51226
51846
48286
51010
49130
48784
48267
49492
50150
49081
49691
50683
50370
50919
47333
48780
49275
48332
48385
48715
48364
51486
49777
50852
50257
51088
51535
49251
50217
49919
48958
48149
48170
49208
48459
49756
49740
50411
49622
47973
50833
50200
49935
48526
49931
52164
50262
49960
50799
49906
50256
49066
47673
50270
51799
48782
49857
48761
50643
50555
50948
49713
48926
49554
52005
50082
50241
49518
49272
50803
50187
50925
50922
49283
49919
49198
49292
50315
49129
50379
47726
50680
50158
50154
51165
49150
50024
50429
49715
49400
49197
49841
49138
50621
50916
51206
48908
50502
49624
48961
51010
50645
50994
50007
49595
50451
49533
48332
50759
49712
49699
49073
48938
52237
51279
49513
50063
51639
49919
48946
49700
51420
49911
48182
49286
49196
48726
48313
50193
49007
48771
50167
50672
49421
49565
49090
48795
47911
48731
48823
49239
51535
49086
50917
49599
50245
50067
50521
48418
48063
50733
49925
49319
48974
49838
51349
49124
51782
51956
51148
49704
49649
50185
49856
49124
51233
50444
49925
51554
50054
50227
51179
50701
49196
50686
47912
48118
48961
50757
50585
48915
51178
49319
47713
50426
49465
49942
50489
48635
50427
51256
50718
52164
50296
48886
48440
49865
48961
48843
49711
49512
48420
50701
48418
48002
49667
50930
49449
49540
51071
50557
50751
50162
49484
51845
49830
51384
48717
48172
49196
49347
50298
51829
51348
48162
50342
50191
49643
51007
48843
50364
50792
50438
48061
50316
49885
51084
47855
51547
49142
51031
49647
49785
49934
50272
51054
49913
50228
50102
48702
48884
48657
50851
50200
51548
51878
49311
49813
49787
50630
48897
51037
51487
49053
50874
50903
52209
50374
49531
49326
50425
48851
51382
50072
51372
51876
50236
48983
50796
50728
50131
51042
52649
50182
51068
49432
49478
50505
50449
49211
50677
50515
50122
49438
49247
50237
50279
49117
52266
50774
49879
49414
51484
49571
49220
49212
50954
50518
48306
50929
50748
50329
49596
49695
50294
49436
50713
50260
49668
51917
49299
49033
52772
50326
50122
49693
48582
49316
49362
50196
50162
49868
49405
51539
52588
50433
48347
50704
49182
49215
50519
50208
47775
51151
49380
51427
50003
50209
48334
51081
50235
51729
50192
52425
49498
48787
49844
49825
50197
49391
49686
49615
49372
48299
49313
48733
53178
49173
49950
49758
50477
50827
49773
51216
51840
49414
49106
50069
49523
48996
50151
51104
50252
49572
49668
50773
51004
50730
51386
49463
49407
48090
50425
49650
50632
48869
49321
49852
49596
50924
48677
49137
49807
50431
48916
48750
49773
50068
48932
50402
48880
49857
50699
48893
50084
49921
50921
50105
49846
48893
50757
50254
51215
49129
49550
51869
50054
49975
50393
50015
48961
52266
51227
51740
48522
50920
49113
50737
49775
51328
50096
50669
49063
51107
50695
49091
49189
51759
50944
50209
50451
51382
50254
49768
51984
50225
49205
48529
51328
49438
50089
50602
48633
50815
50102
49339
49313
50336
50721
51576
50185
50778
48784
49592
50108
49797
49464
49255
50387
48436
47810
50330
49873
49391
49085
50543
48743
49586
49509
49185
50283
51346
46885
51589
50171
49367
48929
48674
48257
48228
50264
51080
49177
49293
52110
49856
50153
50714
51034
49033
50830
50977
48507
50520
50921
49399
49922
50604
50650
49525
48942
49584
49577
49778
49378
50149
49762
49236
50722
49384
47930
50584
49416
51024
50149
50360
50114
50175
48510
52433
50494
49291
49941
51140
49575
49707
50107
49086
50947
50148
50919
49739
49702
51662
49993
50014
50433
50189
49724
51897
50648
50628
48787
48738
48944
49867
49833
50567
50665
48345
47655
51908
50026
49774
47748
47455
48743
49611
49779
51920
48402
49368
49919
50039
49848
48636
49641
51080
49141
50934
50704
50591
51080
50096
48946
50051
50585
51367
48711
49544
48579
48556
49997
50029
50805
50736
49430
50197
49219
51010
51866
50888
49580
49537
50418
48587
51982
49727
50138
49576
51619
49762
48805
49877
48072
48540
50321
51449
49419
49848
50468
50833
49051
49623
51009
48895
50132
50666
49508
50030
49939
52539
49001
49621
49878
50271
49014
50599
48130
49483
49939
49286
49705
49400
48684
49691
49534
49705
52710
47887
48514
49856
50161
49497
47995
50352
50317
49044
50068
50341
49166
50431
49302
49811
48987
50379
50526
49020
48839
51182
50576
51078
50035
49239
49567
51111
49480
50833
49891
48859
49447
51163
50387
48221
49753
48417
48908
50647
50387
52415
47168
52330
49340
50354
50291
50876
51432
51406
49489
49275
50225
49695
53157
51854
48508
49437
48224
50348
48983
50500
50703
49888
49965
51167
49876
50163
50954
50184
50545
50494
49086
49042
48562
49444
49769
49883
51399
49031
50274
50932
47885
51276
50434
52258
49211
51046
49652
50575
48487
50663
50328
50584
49702
51984
48055
49578
49680
50384
49575
50955
50371
50914
50320
49986
52043
50220
49851
50716
49586
49944
49552
51392
48679
50929
49033
50295
49026
51112
49821
52867
51305
50070
50821
51478
50643
48409
50487
50087
49233
49864
50112
50135
49587
50908
51254
49845
49242
49781
49497
49311
50296
50026
50120
49519
51620
49574
50987
49150
50340
50337
50584
50073
50612
47847
48852
49515
49106
51226
50428
50360
49706
51460
48831
49151
51847
50796
50846
51055
48932
48911
47911
48690
49041
50887
48252
49094
50070
49264
48866
49272
49911
49802
50894
49778
50504
50432
50825
51153
51678
48894
50743
50801
49848
49128
49499
50428
51260
48608
50322
49808
51014
49075
49797
49745
48946
47738
50335
50073
51087
48607
49377
51147
49669
52355
48969
49070
49860
50243
51150
50643
50668
50683
50688
50078
49892
49757
49219
49953
49350
50803
48863
49990
48828
51143
50481
51239
50400
48975
50163
50064
51809
49662
50049
46930
47709
49404
49535
49553
50994
49371
51023
49150
50046
51454
48797
50150
49897
48705
49430
50680
49788
50547
50124
50347
49430
50749
49951
50817
49844
48999
50394
49457
50430
51386
49622
50113
49248
50408
49828
50244
50820
50063
49363
49458
49020
50364
49346
49681
49964
49333
52048
50531
50300
51011
49116
50358
50685
48697
50603
49208
50723
50425
50341
50123
49861
49929
48810
49019
50818
50598
49221
50653
49870
49855
50685
48976
50112
48131
50456
48260
50044
48743
51566
47958
50777
50542
51268
50350
50401
51222
51920
49129
51496
48655
49647
51097
49700
51185
48429
48922
50373
50296
48971
51236
49699
49528
50388
49115
49771
48913
50699
50182
48881
51169
49892
51820
50545
49754
50878
51253
49285
49394
50399
49578
49745
50309
49021
52101
51826
50971
48043
50265
50410
50330
51659
49370
49046
49732
49785
48992
49887
50386
47702
48633
49940
49359
49730
47787
48295
49647
51090
51082
47680
50471
48619
50221
51268
50832
48997
51367
51852
51063
50696
48737
50166
49141
49379
50678
49467
50482
50418
49552
50931
50441
50815
49365
50110
49003
49733
49866
51559
51048
50009
48804
50111
49074
48825
50619
50073
50824
50453
51819
50932
48869
51857
49808
49620
50524
49260
50418
49721
50873
50428
50012
50088
49098
50269
50991
50019
48590
49886
49993
51222
50755
51679
52062
49734
50316
50744
49775
49294
50262
50650
51131
49743
50197
49951
50577
51661
50813
50392
50433
48594
50144
51539
49049
51690
49028
49144
48984
49948
49452
49363
50298
51548
50869
49896
50014
48995
49858
49095
49731
51265
49017
49612
51667
49486
51258
50262
50360
50551
50338
49794
48744
49926
50895
51559
50001
50367
49080
50687
47665
51138
50655
49966
50671
50370
49812
49107
49040
49195
49209
48742
50258
49774
49926
49338
49153
49577
50823
50192
49430
48608
48427
51280
50478
52449
51437
50969
48733
50117
50728
49478
49267
49453
50167
50337
49282
48978
49667
49863
49692
49135
49745
49153
51089
50548
49042
49460
48800
50092
50668
49237
49137
51465
50154
50495
49457
50388
49743
49656
51103
51434
49395
50009
50277
51466
49739
49749
51837
48824
47763
49124
50690
50310
48748
51768
48516
50196
48572
50527
50354
51083
47926
50802
49805
50069
49305
50644
52070
48709
49210
50359
51141
46909
50163
50380
49577
49132
50835
50699
48991
47678
50747
50375
49418
50767
50859
49104
51591
49770
49611
49734
48479
50791
49909
50182
51458
48575
50589
49723
49365
49971
49864
49313
48974
49584
50119
52472
51232
51345
49974
48820
49761
49728
49871
49970
49052
51626
50781
49989
49622
49315
50902
51197
50005
50272
48994
49084
51332
49939
50990
50842
50409
50162
48911
49986
49566
50549
48612
48672
48761
48807
50498
47807
49347
48852
50626
49849
50655
48132
48722
49562
49950
50905
49958
51106
49997
49983
49469
51004
49695
49676
51287
50047
50327
49126
49824
51015
49003
50841
49610
49309
48441
50776
48752
51237
49827
49658
50108
50162
50885
50787
50029
49929
50450
50572
50477
49723
50460
48447
50236
51213
52731
49896
49457
50722
50070
50925
50348
50311
49109
50559
48742
50931
50108
51207
50029
49865
49094
51091
51733
50204
49608
49385
48737
48400
50538
49532
49824
49905
48648
49888
49582
48114
50211
50875
51177
49311
49917
49338
49336
49426
50332
50566
50742
49991
49652
48598
48554
51440
50158
48530
50885
51548
50496
49566
50002
49524
49678
50635
49778
51807
49099
50471
50153
48074
49446
50573
49447
49348
51563
51937
50202
50054
49529
51566
49799
50251
50144
50574
48866
48991
48521
50898
50946
49212
50367
49558
53433
50100
50554
49299
50273
48846
49469
51041
49513
51614
49764
50075
50212
49899
49494
48828
49361
49213
49230
49803
49778
48775
50047
50014
49248
49695
48883
50799
51240
50169
49938
51216
51292
51155
49723
50619
49859
48760
49333
50637
50456
50150
49326
51076
50201
48868
49626
50770
48867
50418
51386
51230
50571
49306
50891
50411
50989
49742
50141
50631
50289
52507
50586
50110
50514
49591
49109
50874
50287
50944
48360
51276
50775
49789
51133
50880
50335
49548
50176
50669
50277
48233
50465
50366
49077
49975
49566
49778
50485
48921
49985
51048
49519
52114
49327
47197
48907
51104
51798
49628
49950
48699
50989
50967
50291
49613
50071
48664
49635
50809
50297
49461
50380
50127
50949
48605
50308
48934
48687
48987
50089
49947
50688
49705
49480
49271
51623
49289
50309
52838
50427
50039
50452
49014
51955
50777
50253
49616
49605
47724
49147
50702
51668
51243
51754
50905
49843
49933
51593
49319
49662
52026
50901
50432
49057
49439
50602
49308
50523
51302
48864
50431
50049
50580
49761
49239
49302
49939
50912
49543
48436
50592
48258
48597
52765
48417
47215
50565
49696
48714
47579
49036
51383
49068
49325
50082
48372
50569
49969
50322
49353
47907
49576
49202
48947
51337
49322
50566
51552
49025
50308
49913
49228
48806
50576
48463
49624
51546
48915
50671
51685
49923
50172
50786
50625
48817
49889
49253
48917
49720
48163
49483
49869
50948
50987
49979
50687
51127
47899
49875
50214
49874
49214
50810
51303
47322
50604
51066
50703
51329
48812
48144
48732
50883
48616
50124
49477
50363
50713
51431
50526
51948
51770
51172
51118
49468
50051
50364
50227
49747
49879
50920
50317
50819
51223
49694
51800
50314
49984
49668
49604
50282
49192
50347
48841
51713
48164
49076
51203
50893
48824
49990
49474
49992
50907
49353
51374
49947
50139
51879
47765
51185
51045
50250
49518
51034
50601
48429
49430
49715
49627
51222
50301
50174
50839
48957
50388
49067
51492
50098
50103
50365
51236
47875
49317
50174
49641
50354
48806
50877
51300
50125
51451
50535
49837
49962
49214
50330
50129
52309
48755
47971
51149
49177
49724
51077
48695
48992
50381
51209
50176
51079
49189
50110
50896
50791
50224
48660
51023
49246
49026
50397
49141
50787
50424
50901
51382
50104
49825
48719
48278
52409
50459
47435
50323
49356
50052
50322
49237
49300
49813
48094
49910
50419
50379
50511
49904
49466
50002
48338
51242
50087
51104
50281
49441
49645
50085
48384
49023
50846
51726
50408
49566
49501
50235
51027
50965
50779
50323
49741
49068
49063
49567
49051
49294
49066
49530
48990
49880
50189
49185
50441
50222
50223
51074
49549
49935
50582
51245
49448
50930
50191
50351
50527
49728
49131
49918
51322
52034
48671
48912
48033
49247
50202
50933
49157
48455
49636
49195
49567
52138
49623
49731
50470
50896
50276
49041
50298
49004
49437
49056
49516
50846
49017
49803
52885
49877
49556
51383
50031
51019
48320
50515
50107
49824
51245
49279
50143
49585
52750
51274
48208
48613
51548
49640
49934
50284
50592
49602
50337
49449
52190
49023
50439
50753
51078
48176
48452
49613
50176
49239
50484
49603
51214
49340
48553
50814
48140
48611
51036
49307
49967
49582
49957
49528
49773
49160
50936
50677
49895
49602
49865
50336
49875
50544
49410
49562
47766
49193
49271
49215
48765
49011
50665
48885
50091
49764
50518
49265
51396
50568
49501
50920
49446
51282
49204
50102
49880
47545
50290
47890
48907
50566
47928
49914
49032
50125
49575
49817
49170
50740
50833
52493
50836
50369
50056
49485
49151
51054
50170
48883
50062
52028
48018
50692
50663
49616
49042
49574
50649
47969
49293
51359
49390
50799
51061
47236
49507
48835
50964
50797
49377
48877
50059
50334
51438
50976
49553
49148
49297
49494
50125
49960
51172
51650
49905
49887
49222
48907
48153
50856
50454
50615
48446
50183
49019
49326
48555
48610
48233
50030
49776
49943
50637
48116
51747
49749
50613
49806
48653
49282
50832
50184
48679
49605
48940
51149
50290
50174
49752
50887
51429
49782
48528
49547
49391
49690
50101
50285
48667
50783
49597
50760
50695
48714
50810
50384
50758
50731
51403
49892
50898
49118
50873
49008
50983
49812
49741
49487
48503
49335
49709
50053
50434
49282
51543
51268
49801
50085
50287
48490
50830
49034
49080
48908
49573
51380
50209
49109
49057
49956
50622
49396
51288
48608
50319
49766
51368
49148
50250
49859
49723
49054
48846
49890
48307
50241
48972
49583
49898
50368
49159
49568
50322
49654
49266
50091
50954
48238
50236
51901
50552
51004
49818
49591
48218
49769
49870
49671
52160
48708
48836
50560
51886
50106
50213
49899
50591
49368
49848
50186
50367
50028
48179
51457
48966
49148
51636
52677
51691
49102
50959
49283
49753
50810
50866
49520
50387
50218
48336
49488
51402
49333
48804
49192
50684
50327
51047
51114
50216
49557
49595
49292
50837
51952
49216
48366
50375
49468
50950
49275
50692
49690
49364
52680
48889
51155
50542
49673
50723
49562
48515
47069
50570
50285
50300
47792
48682
52181
47794
50494
48347
50136
51153
51182
49045
49780
49236
48595
50986
50197
49627
50389
51814
50810
49743
51236
49643
47964
50738
49771
49229
49576
50350
49214
50561
49481
50266
50058
50199
48418
49854
50647
50685
50425
50025
48912
51867
50421
50547
49987
49967
51609
48620
50767
51533
50737
50311
52005
50787
50826
50016
48010
48538
51628
50169
51828
49775
48575
49785
50402
52517
50690
49802
47350
49755
50918
48990
50241
50524
48527
49481
49339
49011
50144
47587
50132
49592
48157
50539
49773
50166
47964
49915
50795
48695
52088
50342
49347
50119
47681
50637
48970
49708
50049
50209
49904
50437
50997
50119
48440
50136
50498
50280
51133
49697
50620
50194
47854
52550
49300
48057
48898
49252
49448
50906
51814
49410
48392
49350
51264
50296
48114
50143
48708
50115
49955
48837
49191
51130
49393
49918
49622
51031
50488
50163
50997
49742
49982
50089
51960
50541
48305
49544
49518
49828
48672
50534
49062
50972
51179
50142
50650
49097
50050
49580
50871
52049
49115
49902
50874
51599
48865
50343
49422
51066
49497
47847
50927
49113
50067
48683
48351
49777
49770
49712
50138
51491
49406
50192
49844
50128
50179
49209
49179
52918
49940
51005
50487
51572
51091
51159
49319
48924
48951
49698
48178
50398
49467
46348
50741
49764
48365
49695
51133
51820
51445
49582
50312
52634
50018
51328
48974
51449
50725
48640
48982
49596
48099
51411
50267
51062
49419
48609
51155
47323
49510
49600
49206
50517
53218
50743
51856
49004
49632
50445
50348
51536
51009
48985
49745
50042
50320
49400
49929
49245
51794
48511
51262
49466
49371
50739
50416
50478
49163
49163
50126
48626
49692
50962
52463
48093
50176
48895
50573
49219
48825
50831
50685
50039
50718
50490
50103
49314
50003
51842
52272
49822
50932
50014
51059
50183
49379
49765
50375
50144
50901
50354
50587
50356
52198
51534
49516
49374
50063
49343
49749
49939
50317
49543
51304
50541
48297
50385
49809
48860
50884
49925
48310
51736
50193
50017
49371
49105
50573
49039
49259
50890
49900
50605
50547
49930
52549
51410
52027
49706
50003
49048
49386
49819
50320
49676
51139
50221
48970
50195
50210
51257
51033
49599
51617
48545
49873
48172
50633
50005
51352
50715
47584
48849
49889
51609
48635
50217
50507
49077
50101
50739
49618
49717
50842
48688
50560
50198
50905
49338
49544
50285
50893
49999
51506
49726
50728
49366
48346
50057
48487
50648
48398
51508
49494
47803
50283
48192
50579
50753
49128
50550
49742
49768
49923
48933
48731
50675
47647
50686
50166
50248
49927
50601
50804
50908
50029
50200
50447
49685
51064
48756
50076
49548
49894
49104
49646
49778
48591
49172
49378
50843
49738
50840
48659
49791
51434
49780
50396
48914
50077
49191
49954
51462
49912
49115
49457
51620
49887
51137
49167
49613
49874
50335
50899
51728
51501
50749
50336
49252
48914
51850
49288
51069
51785
50176
51310
50595
48411
48273
50811
48568
49261
49217
49244
51545
50434
48494
49949
48654
50182
49314
52100
51044
49602
49660
49044
49952
50039
50648
50248
50365
50508
48854
50397
50850
51104
49765
50482
51322
50539
49709
49683
49522
49938
49114
49328
49190
51036
49482
48511
50577
49858
49521
49452
48932
49545
50535
49478
51056
49633
49965
49937
52590
50492
48887
50084
50605
50382
48888
48214
49336
49968
50530
47550
48199
51006
49174
50551
50721
50493
49940
49623
51227
49567
49294
50205
51008
48725
50214
50965
49959
50576
50117
50323
49642
49228
48900
51135
49492
49921
48954
48911
50166
49143
51774
49210
50087
51691
50901
50433
49168
51204
51022
51066
49772
51582
49782
50735
50093
47299
50426
50438
49337
51416
50888
49457
51658
50405
48632
51087
48794
49263
50537
50625
48813
48324
50998
50406
50485
51287
50653
50047
49816
50209
50471
48771
49717
49917
51191
50151
50805
49840
50090
49558
48849
50464
50014
49644
50351
50402
48037
51216
51061
50324
49575
50077
50100
50598
49941
52226
49850
49213
49289
48582
51717
49572
49444
50910
50404
47038
48790
48846
49374
49999
49796
49120
48287
49817
50467
49240
48273
48534
50239
49524
50821
49770
49807
51770
48182
50053
51945
49867
50925
51199
49604
49689
51718
51376
50641
50463
51658
49737
49110
50576
48584
50044
48598
49224
51077
50638
48653
48719
50431
49186
48066
48545
50321
49569
48198
49491
51309
50698
51681
48928
48444
48990
50645
51817
50566
49181
49225
50811
48868
48179
49577
50021
51192
48460
50720
49568
50271
50562
50260
50251
48337
50264
50433
52314
49708
48946
49816
49406
49870
49483
50518
48694
49435
50258
49285
49210
48356
49486
49959
49000
50965
49511
53009
51439
48438
48039
51094
49040
49439
51645
50904
51263
50453
49886
51283
49601
48470
51008
48929
49711
51321
49380
50364
50265
50177
49681
49835
51103
50207
51349
50243
48599
48145
49866
49562
50370
49771
51798
50844
50927
49695
48315
52000
49369
48775
49593
49000
49917
50606
48803
49762
50568
49013
50339
50699
48765
50501
50049
50001
49371
50459
48758
50484
50599
51332
50251
49006
51132
50779
50599
50979
47571
49954
50405
51617
50030
49337
48143
50482
49656
50895
50018
50777
47868
47951
50004
50303
50056
48287
48899
52977
49968
49678
50106
49301
49720
48862
50237
48610
48605
51408
48674
48674
51196
49538
48605
50092
50067
49080
51997
51367
50082
50089
48675
50532
52396
49217
49521
48968
49521
49383
50352
50632
50140
48795
49750
48709
48251
50882
50438
48701
50449
47154
50801
51952
47819
49775
49745
50522
48054
52298
48927
51430
49358
48758
48752
52115
51274
51919
50239
50187
50978
48926
48555
50254
49225
50737
50087
50010
51111
50566
49461
49792
48717
51069
49483
48852
49909
49082
50593
49935
49429
50084
50338
49315
50525
49384
49680
49076
49698
49429
49406
50620
50757
48751
49877
48686
49477
48534
49901
49669
49707
47484
49213
52732
50731
50246
48471
49495
50112
50857
51339
49368
51651
50376
51147
48902
51900
51270
49894
50580
49272
49304
50366
52116
50064
50074
50281
49691
51712
48934
50392
50108
49038
50171
49162
50996
50100
48679
52566
48895
50100
50263
50563
50265
50526
51410
51128
50411
50916
48653
48414
50594
48954
50641
51626
49351
48397
49510
49703
49384
50123
49731
50642
48731
51472
51504
50150
52260
50361
50358
48868
49658
48394
50955
49305
49760
49542
49650
48932
49310
51865
48737
49013
49552
49115
49805
49818
49807
50550
48876
50500
47178
50840
48710
49846
48951
48863
50402
51668
49789
47861
50936
50606
50078
50260
50979
50982
47952
50571
48226
48656
49463
51223
49256
50729
49452
49719
49801
50489
51197
50178
50617
51292
49814
48544
51200
50095
50376
49589
49941
51381
49834
52383
48496
50057
50521
50352
51100
50523
50209
51886
48968
51223
48440
48826
50962
50249
51585
48447
49769
50140
49809
52355
51720
51115
47642
49840
49602
49850
48929
49406
49457
51320
48814
49919
49846
48444
50783
49474
49104
50472
50241
49995
49549
48841
49848
50392
49682
48919
51606
50826
51630
49715
51350
49181
46987
49781
50066
47830
49124
49911
50518
50878
51120
50628
49512
48548
50692
50505
51637
48822
48899
49575
49306
51241
48531
51309
49525
50530
48179
48807
49937
50563
48622
49677
50644
49985
50272
50448
47829
51035
52177
50426
49682
49314
49284
49907
47813
50659
51811
50749
51182
48957
50298
51290
48478
49746
50102
50058
53356
50767
49920
50178
48705
48287
48508
50840
50618
50299
50192
47832
50111
50555
49059
50634
49994
49766
50150
49019
50125
49924
51045
50270
49616
49965
50745
48972
48340
50212
52180
48754
50565
51307
50239
49886
49374
48880
48615
50496
48329
50181
50439
51072
49660
49952
49782
50068
48345
47723
50171
50538
48933
48751
51791
49342
51900
51518
50332
50484
49388
49324
50129
50626
51312
48847
49610
50366
49827
50089
50422
50105
49835
50602
51854
50984
51039
51338
49607
51338
51006
49049
50968
49655
49796
49128
51180
49278
48866
48423
50051
48961
52158
50572
50899
48329
49464
51160
49940
50005
50954
49822
49961
51087
49274
50695
49874
49277
49357
50065
50396
49429
49103
49960
49817
51054
51080
49443
50833
50904
51198
49329
49059
49326
47984
50321
48278
49527
50272
47638
50856
49442
50536
48575
50142
49366
50081
49882
50347
50902
50630
50132
49335
48265
47443
49889
49773
49780
50192
50006
51427
51092
52431
49103
51205
48450
49522
51281
48809
49511
49796
49667
49587
50369
49788
50576
49022
49608
47979
50260
50321
50806
50738
50366
48815
50309
51095
49887
49733
50749
49867
50113
50163
49548
50447
51150
50996
49279
50466
51373
52112
50537
50904
47532
48277
51208
48394
51345
51027
50393
49150
50251
50109
50404
50440
49921
51270
48140
49572
49768
48829
49719
51094
51635
50783
50847
51366
50309
50660
51056
51090
50292
50952
48794
50552
50080
49623
50612
50589
51126
49690
50896
51441
49623
48161
49773
51386
52082
50852
49047
50874
48761
50572
50758
48792
49870
50682
48535
49698
49650
49692
49577
51172
50667
48521
51025
50897
48932
49309
49559
50499
50528
50922
51400
50228
49401
48810
50129
48869
50502
48637
50501
48629
50553
50271
51053
49593
50997
49504
49930
49141
50594
48462
49357
49551
47755
49323
49467
51557
50566
48533
49659
51533
49420
49201
50665
49816
50923
48968
51513
50777
51535
51766
48206
48976
49974
50564
49802
50685
48684
50557
51444
49860
49410
50694
51241
50534
50882
48977
50883
50193
50116
49147
50195
51750
49114
50527
50169
50919
49408
49296
49421
49106
50057
52126
50288
49910
50310
49543
50583
49564
51168
49282
47964
50528
48824
49855
49610
50676
52136
50475
50748
48087
50250
49185
48785
50572
50086
48888
51112
49962
49167
49412
48998
50423
50210
51696
49349
51069
50483
48467
51099
49778
48456
49789
48189
50350
50320
49560
51785
50406
50013
49548
51095
49834
49655
49039
50238
49438
50991
50764
49291
47979
51790
50591
50733
48530
51232
49368
49668
50577
50449
50024
49363
51080
50279
50890
50692
49093
49337
51415
50466
50071
51191
50527
51134
48510
52174
51120
49683
49072
49077
50077
48097
50413
49830
49548
49251
50101
50293
49272
49086
50989
51835
47595
49283
51913
48810
48747
50986
49072
49698
50989
50260
49121
49125
50295
48821
48165
50132
51338
49197
49496
51267
49988
49912
49751
47589
49698
50181
50492
50851
50241
48248
47873
50709
50719
49517
49135
51043
49969
49802
50230
51782
50239
49568
51102
50970
49678
49391
49475
49724
49665
51181
48500
50931
48982
50651
50129
48134
50751
50208
50712
50310
51052
49395
49512
49377
50555
49896
49172
49688
49974
49120
48968
49315
49097
49536
50505
48635
50134
49037
48286
50039
48121
50843
50232
49867
48777
51469
48542
51050
51004
50840
51074
49758
49461
49379
49956
51663
51837
52326
50627
48852
49970
50895
50232
50369
49349
49628
49840
48573
50199
52203
50181
49853
50096
51326
51856
52945
49333
50748
50880
49740
49116
51098
51776
50932
51252
48904
50599
50994
49652
49975
50799
50802
51026
49307
50355
50523
50129
50240
49403
50814
49091
49897
49385
51042
50379
49389
49552
49613
51753
51826
51632
49967
49331
48983
50092
49600
50626
49788
49568
50231
51846
48220
50290
52072
49383
50412
50223
51352
49639
50758
47194
50987
50076
50941
50385
49593
50345
51451
49473
50171
50005
49906
50349
47768
51595
49806
49185
50362
50901
48406
49538
50663
49216
50518
51304
48028
49388
49522
50008
49526
47663
49475
49604
50800
48942
50571
53038
49536
49660
51749
50427
52193
49587
49769
51620
49846
48636
48612
51010
48481
50318
50018
50120
50700
50828
48552
50157
50191
50999
50592
50583
50340
49800
48851
49897
50372
50087
51793
51308
49182
49866
49165
50866
50169
50735
48534
49318
49209
50814
49971
49241
50360
49843
51420
49296
49353
50381
48703
50143
49806
48667
51145
49226
49749
51126
50303
52144
51618
50773
50471
49287
50755
51462
49112
51395
47455
50880
48632
50383
50590
51000
50027
49341
50445
49154
51882
50765
49985
50317
50331
51331
50271
50849
50179
47958
50881
51097
49726
49512
49553
49855
51071
49375
50991
48875
49167
50981
49407
49415
50495
52263
49531
50982
50790
48579
49286
50218
49429
50695
49885
50597
49068
49800
48625
52082
50213
49399
50112
49385
50518
50896
48501
50233
49237
50047
49506
49896
50598
50006
51247
49992
49649
50414
48819
50526
49392
50682
48596
47869
49831
50708
49133
50673
47659
52676
51569
48720
49717
49138
49691
49906
49535
50698
49939
48742
49522
50290
49278
48621
48763
50933
49627
51084
48755
48190
51389
49911
51708
49703
51567
49893
50206
49317
49454
49663
48673
49595
48974
49574
51793
50023
49156
49155
49221
49835
48554
46935
50500
48958
49096
50876
49222
49046
50065
50450
50331
49743
50561
50161
48908
50126
49268
50913
47475
48706
49500
49928
48618
49152
48830
50368
48423
48627
50301
49983
51966
49750
49215
50171
48825
49973
48596
49099
49320
49805
49407
50111
49499
49471
50883
50669
49440
50514
49030
47977
49312
49319
50460
50722
50793
49987
48293
48595
52044
50331
51028
49898
50948
51179
50475
48319
49884
50596
49411
50339
50081
50014
49715
50563
49415
48734
51300
50091
48985
50123
50522
50086
51334
48258
49770
48906
49451
50104
49496
50150
50275
50533
50472
50702
48051
50930
48991
50702
50726
49669
49584
50695
50792
47471
51506
49673
49845
50045
50896
49752
49555
51254
49310
48922
50065
48275
50050
49367
48568
50182
50018
50074
51931
50460
49758
50290
49298
51613
49250
51598
50828
49312
49974
49992
50257
49358
49860
52089
51165
50391
49532
49802
49129
50777
50717
49679
48949
49575
50444
49754
51129
51373
49635
49799
48739
50559
50519
49177
50379
50876
50707
50819
50728
49457
49617
50369
50339
47746
49110
50535
49744
50749
49736
48917
51102
49452
49371
50198
49886
49288
49575
49537
50791
49036
50852
49302
47999
50168
49688
49868
50290
48857
50846
50246
50894
49463
49554
49187
48858
50242
50978
49626
49117
51748
48435
49721
50452
50364
47000
50290
50117
50936
51089
49402
51211
48783
49258
49957
50157
47174
49919
49578
49328
50230
50663
49305
50929
51034
49546
48391
48306
51839
52062
49996
50858
50679
50657
49214
50475
51773
49603
51026
50837
50340
51822
49056
49873
50188
50583
49903
49494
49604
50641
53158
50439
49741
50980
49580
50731
50803
49048
49135
48342
49662
49534
48739
48543
49854
50334
51478
48016
49450
50008
49679
51478
49590
50673
49834
50138
48939
51215
50580
50976
49950
48884
50754
49757
49114
50038
49368
50809
50353
47607
49592
48466
49342
50431
50666
48824
48670
49859
50221
50920
51783
51240
50424
49969
49531
51111
51813
50490
51394
49980
49739
48873
49302
49987
49041
50765
49784
48047
50173
50824
50779
49311
50880
49122
50481
49263
49111
49603
48269
49795
50280
51253
49799
47623
47133
49060
50507
50553
49748
50333
48442
49961
50019
49728
48456
50181
49883
50370
50996
48627
49873
48441
52209
51727
50877
50468
49847
50884
51288
50830
50682
50426
50450
50443
51356
49491
50421
50683
50064
49558
50656
51197
48979
50912
49110
50174
47990
48593
50923
50122
50824
51786
48796
49728
50144
49737
50846
52237
51445
49869
49440
51384
49775
47895
51148
51380
50147
49192
49949
50949
51863
49490
50960
50378
48744
51498
49411
50529
47904
49529
