49589
49958
49254
52122
50081
51677
50601
51571
48972
51613
50355
51527
50627
48793
49853
48685
50010
50030
48851
49555
51144
50442
48421
50454
48851
49541
51174
49962
48980
49525
52332
49206
48675
51679
50262
49640
49303
50411
50189
49215
49186
49362
49709
50378
51142
49514
51245
50648
49277
51935
48687
49856
48285
50497
48488
49719
49243
48798
50723
50536
51674
48447
49923
51616
49710
48841
48911
51635
50698
50663
50282
49709
49577
49662
49096
49542
47997
51201
51563
49715
49489
48649
48998
50554
48616
49741
49775
49456
50611
50884
51799
50774
48195
51236
49311
50523
49323
49330
50249
49494
