48946
48311
49883
48557
47939
52411
49141
50272
49707
50541
49032
48238
50305
51815
50471
51014
50341
49863
48070
49758
49586
49789
48404
50745
50234
50536
51700
50041
49594
50455
50741
50437
50970
49739
49440
49190
49711
50063
50727
47375
48605
51751
49977
51294
50508
49418
50544
50554
48849
49116
50160
50865
49504
48628
50388
50233
49171
48147
50346
48597
50466
49007
51245
48708
49573
49759
51998
48548
50447
50980
49417
50547
49521
50130
50064
49632
50237
49421
51559
49896
50683
49314
49552
49573
49036
48831
50398
48195
50737
51580
49314
50398
49151
48150
49775
49032
49510
50157
49161
51804
50761
51541
49362
48923
49905
49948
51007
50208
49800
49404
49510
47613
49216
52086
49123
50725
50753
50697
49476
49255
50449
48706
50518
52099
49808
50729
50769
49814
50530
50087
48495
48352
48836
49947
46856
49099
48833
49487
50122
52731
49897
48914
48090
50174
49184
49293
50188
50820
50481
50862
50230
48751
50568
50620
50482
50497
50006
49502
51273
50241
52399
48815
48773
50505
50563
50772
48993
51069
49738
50779
48827
50846
49286
49419
49024
50249
50285
48896
47682
51103
48778
50666
51478
50340
50502
50716
48840
47884
49534
50454
49723
51693
49672
49385
51277
50769
50691
50336
49151
49706
49986
49706
51433
49654
48606
49847
50779
51037
51796
50052
50882
49450
49319
49218
49802
48541
50891
50262
49923
51021
49295
51231
51851
49460
48339
49002
51067
50410
51075
49084
51771
51815
50374
50110
47906
50330
49022
50559
49436
50108
51074
49677
49656
50632
49884
52020
50021
49254
49213
50183
50122
48689
49585
49984
50846
50067
48321
50777
51726
50822
51363
50356
51166
49663
51072
51205
49841
50848
49373
51309
48563
49175
48673
52446
50659
50657
50028
50533
49752
48578
48698
51105
51275
49106
49604
49659
50480
50296
48937
50609
51913
50592
50010
49219
50603
48918
51245
48457
49104
49101
51255
50935
50934
51435
50732
49194
48297
50539
51589
52061
49958
49874
51667
50232
50055
50105
51280
51155
48678
49683
49401
51437
50858
49895
50279
49591
50291
49722
49172
49587
48952
48352
49386
49456
48992
49800
51299
49166
50995
51041
49692
49559
50908
51445
51850
50128
50656
50022
50535
49689
50974
49161
51842
50639
51568
48796
49846
47961
49040
50664
49752
49288
48731
49706
49561
49018
50127
50723
49336
49023
47403
49902
48967
50366
48726
50728
49432
49952
48639
49681
49438
49217
46984
49326
50440
50038
48427
49363
52107
51800
50081
51354
51035
52206
50196
50467
49607
51126
50435
50680
49010
48770
50084
51384
49232
49922
50085
50391
49845
50611
49358
50182
51455
48562
48800
49607
50568
49405
51410
51835
48088
49457
52181
51002
49400
48143
51081
50272
50779
48449
49720
51814
48827
49743
49195
50601
49694
49015
50524
49559
50511
49685
50588
49238
48617
50196
50837
50897
50507
49573
47583
50074
50723
50352
52276
49265
48779
48413
50269
50235
50669
51278
51933
49582
50374
49652
50411
51218
49972
50431
48225
49483
50512
50836
50528
50011
50928
50782
49927
49673
50729
50234
51133
50863
49319
49146
50356
49296
49923
50051
49885
50151
48643
49409
49750
50473
48419
47865
49650
49885
50142
49749
51522
51391
49927
51201
49458
49787
50762
51316
51379
50321
50592
50845
49418
49230
52154
48222
49895
51326
49101
51161
50047
51030
49159
49626
51382
51712
50381
50825
49396
50237
49548
49572
50230
48884
50457
48605
49983
50706
51005
50159
48899
51064
50557
52164
49872
50155
50675
50883
52188
49553
53700
49932
50519
50168
52158
50022
49984
50367
48490
48326
49662
49223
50603
49368
51126
49475
47480
48782
48853
49668
49499
50344
50929
48702
50576
48890
47506
48747
49658
50169
49891
49274
49725
49369
48425
51572
49444
49825
50725
50101
50483
47720
49325
50733
48773
51854
49600
48284
50743
48925
50647
49955
49441
49235
49585
48045
50514
48548
51084
49351
48342
48980
50060
49367
48834
48277
51646
48399
48547
48942
47416
50586
50131
50402
49819
50548
50076
50017
49838
51413
49238
51144
49097
50100
50997
49200
51196
48917
47606
48453
50255
47785
51603
49279
51143
51127
50451
50995
50073
50097
49904
50101
51186
48253
51676
50344
48105
50674
51616
50995
49161
48445
49355
50507
52114
51789
50042
48352
50588
48798
49468
51872
49764
49919
50845
50304
49548
50688
50870
49741
50907
50099
48820
50489
49133
49139
50457
50207
50997
50331
51678
48974
48647
50472
49309
50270
49180
51120
48847
49623
48633
48245
48623
50219
48480
49497
49518
48023
48553
50728
49490
50278
50191
49445
50228
53186
51521
49738
49721
50149
47740
49960
49184
50037
50645
51888
51406
50762
50234
50123
51944
48382
51324
51678
51627
49393
51459
51241
51506
49141
50676
49748
49246
51131
48077
49557
51348
50842
50710
50272
49546
51402
49450
48975
51251
50501
50466
50011
49597
49106
50453
49205
49257
50904
51188
49477
50809
50431
50542
49644
48386
51267
50855
49176
49432
51791
49628
51184
50667
49536
48574
49945
49053
49660
50090
48412
50237
51667
49311
50078
51298
50131
48685
49869
50199
48512
50226
49349
51492
49537
50025
49546
48919
49955
49713
51014
50099
48782
52543
50466
50942
49369
49560
49540
49282
50447
50877
49713
50377
49251
49681
49688
50757
49995
50286
49565
49401
47945
49322
52344
51528
50507
50519
48919
49338
51892
51297
49467
50421
51232
49395
50396
49458
48296
49561
48333
47881
50773
48679
50873
49103
51228
48745
50640
50297
50294
50424
49623
51129
50080
49764
51531
50232
49643
51007
49538
50594
49424
50066
48801
49647
51958
50533
50153
48678
51774
48793
51363
51203
50353
50629
49074
49970
49022
47787
50675
50137
50013
50527
49668
49522
48756
51461
51535
49463
49099
50456
50223
50943
50635
50328
48056
50182
50608
49582
48214
48552
51434
50407
51566
51653
51619
49669
50179
51021
49479
50785
49828
51048
50821
50744
49932
50111
50948
49969
51152
53151
50068
49456
50835
51427
50657
49633
50414
49716
50074
48826
48987
48163
49646
49598
50144
50062
47772
49898
49591
48753
49424
49450
48612
50922
50125
50277
50941
48557
51766
51848
49394
51218
47951
49029
49570
49751
51340
48284
48467
51218
50348
47244
49746
49550
50405
48699
52151
49039
48850
50339
50017
49551
50624
50851
49558
49248
48801
49584
51150
48716
49852
50291
48589
50105
47891
49828
49245
49408
49795
49146
50715
