68207
62303
33322
98764
76834
69434
10629
37342
69526
24974
420
92744
7017
32739
92186
75481
34561
41567
87323
17584
94043
10066
42854
29627
47745
17912
64137
93664
71224
55231
73651
45716
32732
78391
23320
710
48195
21110
90978
79733
32679
41091
28727
2626
19118
49191
91847
18020
87371
50465
32249
46874
47105
77744
63792
11696
69767
99020
34231
88535
88840
69712
21498
65609
2544
44876
6473
70026
77896
44420
66686
51765
6741
97057
58856
34901
90507
18731
15922
58446
76899
85869
50529
83852
79748
62840
40669
35052
17889
83713
27921
36870
28444
50208
31500
21507
60916
13896
47632
58933
