51051
49084
48884
48734
49010
50461
50223
49175
49892
50150
50443
51408
50781
51491
50244
50996
52561
49215
51180
49392
49797
49798
50645
50310
49636
49770
49907
50458
49978
51028
51236
50705
49458
50341
49360
51221
51283
49499
49828
49508
51355
49259
49396
51378
48500
52417
49651
48817
50595
49360
49826
49401
50921
49105
50750
50600
49066
49099
51613
49470
51540
48746
48716
48999
50275
49524
49213
50335
49769
50367
50079
50132
49555
49980
49963
50098
49486
50078
50398
52624
49991
50455
49196
49960
49984
48325
48175
50735
51861
49833
48861
47926
50050
50770
50001
51629
51342
53824
50358
48608
49427
48472
50911
49359
48140
50105
50789
49922
49667
50383
49572
48619
49333
48002
48967
50556
50159
52263
48822
49055
50605
51151
50301
49867
48323
50172
48394
49928
49837
50652
47695
51955
50477
50227
48802
49069
50515
47764
49264
51160
48289
49299
50186
50409
51463
50921
50033
49076
49773
50119
51489
49502
49955
50141
49777
50648
49243
49204
50406
50256
48435
48828
50001
50435
48683
49058
48496
49568
50815
49764
49826
50272
50488
49178
48744
50676
47560
50655
50368
49929
49107
49635
48664
48495
49906
49278
49486
50531
49658
50053
48425
52677
48722
49332
50705
49448
50261
50148
49492
51234
49962
49952
50512
49483
50324
49324
50193
50508
50194
47987
49834
50707
48318
49417
51445
48840
51810
50214
50751
50100
51972
50034
48963
50397
50252
48820
50285
48656
49931
48156
51064
50136
50469
49504
49876
51731
51125
50192
48627
49354
50062
48697
50539
49647
52408
48052
50700
50243
50649
50641
49630
48672
49730
51562
50841
49337
49132
49375
50137
49270
50711
50388
49882
50262
49088
49203
50163
50194
51104
50601
51718
49528
50749
50915
50746
48362
49555
49366
48759
50060
51599
51627
50698
50650
49655
50007
49176
51869
50419
50001
48287
49198
50040
50387
50757
51449
49375
49000
49443
51449
50565
50663
50415
52168
50636
50664
49377
51103
49538
49469
50882
50337
49832
50625
49281
49035
51200
49465
50892
48456
50441
48794
49784
49319
48066
50328
49307
52148
51595
50545
50163
49790
50355
51042
48455
50167
48253
49795
50691
50808
49636
51504
48757
49975
50229
49526
49635
50037
50610
50185
48185
51016
48813
49763
50626
48582
50657
49714
51533
49484
49917
50288
48814
50697
50524
50765
49358
49935
49205
49426
48146
52465
50971
49246
50510
50214
51046
50137
48432
49848
50719
49913
49956
49273
48091
49882
49388
51356
50831
51509
50615
50061
49635
48379
51061
50191
49260
50364
48514
49997
50623
49910
50031
51044
49865
49971
49602
49624
48997
48969
50581
49494
48430
50049
51677
48286
52264
49541
52050
50468
50683
51157
49727
50173
49952
50664
50974
49907
49644
49166
51260
49530
48599
48731
49716
50821
49889
48923
49794
51659
50478
50882
50067
49852
51362
48802
49227
50141
50474
49205
48982
50784
50649
50330
50789
49649
48419
52302
50994
50857
51549
48990
50487
50151
50139
49854
50178
50264
48789
49577
51474
50134
49784
49073
50333
50033
50115
50368
51472
50514
49349
48377
51740
49358
50099
49476
49815
51941
50205
48164
46921
49192
49869
51216
50277
49286
50804
48771
49473
49011
50116
50659
50276
50051
49032
50966
50828
50367
51995
50664
49914
49441
50601
48645
49295
49839
49415
51512
50448
49411
51808
50361
48337
51418
50958
51105
50563
50862
49345
50693
49935
50623
50342
49068
47757
49666
49951
47790
50302
50913
50394
50159
50944
50407
48409
49459
50040
49396
50280
50649
49864
49654
50676
51567
50611
50381
50430
50028
50735
48973
50037
48328
50916
49179
50541
49852
49278
51810
50152
48907
48653
51661
50723
49850
49390
48991
49221
49335
48968
49671
49228
50315
48724
52331
50693
50531
50721
49028
48941
49025
52878
49947
50728
51386
50195
51149
50542
49973
50553
50057
49615
48776
48405
50925
48612
50343
49482
49571
50548
48669
50044
50589
48238
51583
50574
49739
48529
49882
48809
50293
49654
50558
50061
49500
49256
50618
48866
49548
48303
50061
49453
49467
49539
50656
49721
48912
50795
49373
48599
51109
51837
50698
49976
50904
51414
49771
48532
50430
50665
50452
51388
50129
50818
51000
50647
51014
52628
49865
49462
50389
50497
49263
49969
50166
49925
49734
50743
49164
50675
49118
49944
50326
50695
50962
50134
48789
50257
49394
50396
50848
51199
51319
49841
50954
51265
50470
49638
48970
50090
50585
49244
49248
49950
50150
51425
50987
48293
50618
51185
50212
49314
48327
50642
49420
49880
47089
48737
50033
52188
50930
49808
47844
50877
49352
51242
50819
51446
48231
50605
50160
49916
50204
49048
49796
50798
49787
47855
49695
49160
50201
50746
50163
50325
49021
49319
49841
49633
48312
50070
49793
50495
50913
49207
49724
50416
49918
50808
49811
49434
50424
47685
50984
48567
50786
49631
50178
50554
50087
50247
48320
49016
50264
50248
49557
49284
51095
48477
49805
48955
50149
48101
51018
49033
48995
51742
50094
48406
50565
50685
50380
49398
49326
49874
49996
50674
50485
49643
50025
49625
50008
50084
50563
49503
50274
49206
50899
51577
49446
49638
49802
50797
50967
50551
50640
49272
50370
50221
49022
49903
52038
50091
50986
50860
49266
51528
49905
52139
49805
52548
50038
50675
49803
51450
49272
50612
49384
48886
50461
48687
47006
50121
51677
49870
49800
48836
50764
50867
48133
50057
50723
48939
48812
51410
49614
49309
48780
49925
52101
50925
51380
48988
51795
49057
50651
49344
51306
53123
50817
49820
49771
48594
50607
50326
50238
50168
50877
50072
50084
50914
49224
48939
50097
49612
49281
50404
50015
49384
51330
48986
48630
51156
49231
51376
49690
49562
50922
51008
49967
48772
51604
50300
51274
49666
50135
50448
48736
48841
49420
49846
50073
50780
48980
49220
51940
49485
51669
48886
50218
50234
49934
52021
50816
49623
51409
51009
50105
50551
49495
49303
49427
50606
49937
49414
49917
49257
51794
49154
49445
49654
49682
48535
49788
49868
51032
50402
51235
49881
50436
49729
49519
48561
49438
50332
51090
50327
51103
50366
48742
49921
50454
48674
49697
49566
49525
50369
49557
48966
50153
50746
50592
50643
51207
50343
48717
49513
51538
49009
50093
49249
49916
48913
50992
49297
50438
49508
49699
50484
50869
50653
50677
49181
51172
50895
48840
50142
52385
49861
50791
50447
48422
49626
50295
49603
50312
50833
48804
51392
50016
50639
50548
49719
51333
50608
52985
49496
52676
49721
51234
51219
50453
49561
51162
50764
51443
51352
51153
49578
50048
49591
51288
49774
51589
49198
50074
50233
50779
50898
48669
50138
50208
48941
48044
51317
49704
50910
50598
49287
49471
50855
49695
49953
49854
49158
50008
48386
48146
48677
50604
51112
48755
48060
49154
51877
50350
48931
48953
49459
49871
51311
50338
51214
51739
49112
49980
49106
52479
50582
49047
48654
50079
48875
49180
47578
50616
49124
49633
50678
50427
48558
49770
49738
51206
49069
48862
48426
50623
49974
51546
51667
50997
49401
49338
51169
51875
50316
49084
50217
50767
50462
50331
49107
49901
50343
50962
49074
49746
50764
49453
49989
51335
48892
51499
48669
50419
50429
53180
51088
49626
49103
50036
49369
49034
49064
50667
49491
49204
50821
50156
49937
51128
51076
49814
49419
50331
48978
49412
49949
50276
49450
51288
49049
49386
51254
49913
51003
48362
50290
51266
49124
49216
50677
48638
49389
48801
51195
50671
51409
48694
49693
50387
50350
50421
51762
50203
49230
49389
49488
50196
49246
50748
50909
51054
50731
50547
49912
51309
50576
50252
49113
49157
49846
52138
50513
48934
51773
50878
49912
48306
51685
52716
50618
49948
51713
50143
52375
49693
50643
50653
51379
49316
48262
49434
50186
49916
49593
50198
49083
50320
49543
49821
49899
49488
51092
47500
49032
48887
50384
49559
50758
50317
49017
49599
50382
49127
51203
50843
48566
50880
49389
50163
51993
49205
47972
51183
49874
51430
50128
50743
50559
50255
48394
47740
48436
49350
47577
50721
49842
49996
50034
49511
50096
49925
51285
51297
49101
48869
50202
51199
48884
49783
50299
49221
50361
49182
51116
49956
51361
49993
51457
49093
49266
48671
51686
49952
51757
49138
50038
50278
49549
50818
49265
49206
48351
49561
50531
51903
49931
51197
48084
49996
49888
51218
50898
50640
51100
51015
49278
50472
50147
49959
49296
51735
51024
50154
49821
50726
50269
49229
50569
48525
52118
50682
50675
50480
51024
48931
50097
51430
50215
50049
49663
51156
50167
49427
49391
50799
49208
49885
49631
51918
49057
51141
50999
49113
49796
50135
51102
51362
49512
49381
50238
49518
50995
50684
50004
51289
48404
48717
50751
50638
51745
49453
49508
49788
50361
49966
49656
49331
50488
50117
51632
50606
50404
50566
48886
48879
47446
49127
48692
49816
47344
50090
52214
48794
48747
48010
50491
48105
50086
50735
49530
52823
49907
51637
49020
50840
49829
48733
51447
50469
49376
49676
48833
49577
51207
48790
50027
48983
50092
49138
50975
51484
49024
50890
50559
49263
49965
49189
48968
50105
50252
50587
50798
50371
50143
49705
49582
49527
49421
50941
50439
49337
51399
50213
49236
50140
49667
51096
49860
49678
51017
49460
49916
49480
51450
49927
52172
50789
49437
50636
51992
50265
50933
49016
48637
50734
49585
49273
47765
51745
49879
48134
50304
49010
50508
50147
48375
50002
49537
51588
49403
49529
50108
53150
51089
50271
49451
49215
50772
50086
50453
48325
49800
50494
48982
49839
50449
50743
48551
50464
49445
50606
51896
48856
49183
48345
49252
50510
49260
50191
48882
49135
48838
48369
50330
50441
47973
50872
50382
52408
49954
47666
51864
50565
51056
49028
49273
51011
49657
49392
50275
51458
52436
50528
52074
48981
49870
48471
49081
51597
49288
52095
50394
48955
50127
48490
51233
50175
50483
50222
50840
50091
49635
50870
49638
50612
51597
49818
48264
48993
49259
48926
49001
50356
50338
49251
49295
50471
48435
51026
50238
51162
51109
49276
49506
48864
51592
49323
51072
50259
50573
49873
50797
49604
49610
49917
49910
49142
48856
50956
50395
47990
48762
48553
49712
51352
49446
50278
49732
51122
49578
50166
49826
49545
50706
48320
50266
47985
49070
49331
49755
52024
49494
50390
49724
50885
48380
49788
51287
49945
50928
50471
48189
50386
51141
50978
48422
49865
52166
48936
49167
50458
49624
48751
49517
48967
50465
48356
51303
50880
49071
50325
51105
48920
51697
48078
49846
49961
52111
49281
50540
48211
49551
50797
51517
50410
50723
49709
49804
51023
50779
49292
50665
50500
50153
49206
50487
51307
49352
50825
50319
49392
50138
49395
48849
49545
50616
49636
52479
48902
50405
51037
51524
51118
50186
47512
50294
51008
51026
50594
50713
51028
49832
49162
50117
49177
50626
50298
49700
50431
49934
51421
49744
49988
48871
50118
51536
49651
49444
49767
50032
48210
49819
49944
51386
51126
49900
49851
49690
49474
48315
49334
51559
51533
50767
49908
50705
50373
48992
49665
49261
50575
51533
50020
48530
48315
49458
51148
50151
49949
51370
50497
49637
49592
49806
48147
48677
49430
49598
46758
50083
50494
49175
50507
49363
51024
50729
48961
48973
49984
48021
50499
47379
49994
49554
52189
51367
51156
50607
49950
49684
48975
48254
50910
51232
50396
50559
50935
49649
50016
51060
51277
50711
49115
49903
49128
49622
50070
50262
51779
48930
50111
51498
50784
50965
48647
50547
51690
50927
49168
51338
51252
50967
49661
49707
51427
50903
49261
49458
51732
49804
49661
49568
49879
50185
49564
51042
51033
50735
50247
51188
49601
49819
50015
49518
49175
49276
50222
51181
50798
50453
51129
49565
50549
51463
48584
49819
49758
49741
50987
48864
49107
51707
50504
51051
50380
49604
51035
50506
51214
49535
50811
51192
50568
50194
51146
52601
49001
49901
48815
49850
50081
50319
48563
50132
48911
51315
48993
49512
49891
51678
50192
49368
50242
50680
50180
48708
49304
49973
49616
48254
50585
50394
50642
50258
50598
51136
50644
50405
51066
52023
51253
50158
48605
49493
50791
48947
49206
49750
49169
50910
49885
50658
49411
50496
49085
49658
49251
50571
48044
49526
49544
50598
51046
51531
51338
52629
51321
50181
49972
50353
49221
48420
49397
50356
50398
50514
49479
51423
49974
50278
50753
49108
50282
50764
50945
49222
51261
50852
50915
49236
50910
47736
50497
50852
49261
51280
49856
48287
49922
50757
49510
50260
49606
49177
50683
51215
51385
49972
52338
49869
49996
51962
50563
48393
50228
49752
48782
48408
49230
48921
49875
50231
50198
49347
50866
50237
50447
49693
51096
48951
50162
50994
50123
49675
49463
50089
50039
49711
50454
51117
52310
50520
50690
48703
51159
48466
48315
49063
50523
50770
49837
51814
50653
49765
48993
51306
49619
51197
50016
51606
51504
49612
50094
48369
51741
50594
49639
47839
48862
49262
51169
49290
48599
46420
48728
48812
51304
50357
50189
49849
50634
50231
49999
51750
49533
50940
51220
48152
50858
50499
50004
51286
50809
49347
48973
49896
49923
49591
50204
47957
51342
48531
51576
51396
50874
49527
46282
49549
49191
50976
48391
51268
49864
51352
49012
48959
50562
50118
51557
49990
50923
49768
49818
51204
50424
49946
50264
50859
50159
52044
49334
49438
49399
50011
50292
49629
49630
51252
49322
50127
50427
49009
50568
47919
49323
50806
50380
49442
50660
48972
50066
48106
50444
47380
50066
50179
51364
50497
50674
49688
48348
48661
50843
50740
50957
51868
48913
49682
51277
50293
49973
50022
50697
50292
50608
51111
50745
50827
48300
51430
50660
51163
50949
50263
50711
51960
49037
50188
50082
48498
49346
50361
50077
49151
50668
51003
48386
49215
49520
49398
51289
48985
50121
49542
47904
50604
48546
50738
49217
50112
51333
49958
51304
51997
49477
49466
50751
48864
50495
48290
51298
47546
51312
50620
51375
49436
50728
51400
48677
49112
46831
47654
48925
50043
50646
49277
49869
50562
50982
49907
49245
50320
49076
50084
49242
48669
50190
50194
50553
50011
50647
50046
48693
49420
48322
49997
50785
49509
51234
49651
49356
48371
49704
50481
47879
48982
50629
52078
50914
52513
52225
49703
48864
50195
51403
51238
48236
50430
49914
50253
50988
50425
49181
49648
49097
49373
50913
49524
50935
49765
50490
49417
50551
47696
50949
49850
50140
50635
49671
49662
49063
49997
48451
48493
49386
48423
49698
49088
49788
50013
50010
48666
50962
51568
49944
50662
50051
47673
48624
50375
50055
49701
49568
50112
50430
51488
48236
49485
50840
50612
49554
49673
48273
49704
51200
50491
49274
48266
49755
49944
50815
49316
50377
50880
49040
48308
50238
49174
49743
49322
49226
51695
53001
50336
48338
50567
48548
48886
49649
49718
49759
49213
49984
50008
50834
51391
50116
49799
50001
50947
50212
50504
51130
49779
49623
49383
48164
50628
51616
50469
49664
50572
49843
48929
50004
48716
51855
51841
49407
48959
49493
50373
50979
50435
49621
49134
48590
49040
50106
48878
49510
49423
49099
50159
51789
49899
50971
49867
50558
50801
47056
50655
49850
49533
49977
49248
49537
49617
50287
49702
50599
48921
50835
51880
49619
50593
49716
50703
49722
49052
50462
49247
51617
50134
49160
50285
50462
49289
50173
49562
52787
50181
51523
50131
49888
51008
50794
49378
49138
51590
49366
49073
49080
49802
50049
50237
49574
50248
50212
50760
50737
51672
51058
49978
49627
49309
49058
50677
49525
50362
48942
49493
48433
50863
47994
47965
48476
49035
48695
48975
49514
49225
48928
49178
47911
50605
48584
49524
52441
50332
50188
49512
50386
50073
50499
49332
50788
49865
50836
50263
51955
50452
51080
51842
50547
50433
50381
50517
49668
51455
50717
50329
47918
49866
48824
48563
50847
47865
49090
51993
49266
49852
51404
51058
49164
50107
48579
50239
49619
49521
51545
50041
49668
50033
51874
50799
50486
50126
50215
49127
49452
50336
49905
50304
48374
49406
49010
50265
47681
48852
50538
49721
50691
51381
49136
49461
50909
51551
50260
49147
50269
50988
50201
49657
50282
48653
51062
50014
48063
51537
49935
51172
50575
53011
48995
48049
48493
50430
51073
50247
49967
51284
48101
48480
49425
50933
51018
51494
49190
50541
48326
49597
49910
48704
48715
51094
50958
48535
49396
50191
50923
52969
49678
50421
49739
48628
49897
50970
49268
51052
49154
48459
50103
50680
49378
49468
50964
48763
51357
50708
50696
48854
49580
50046
49325
51266
48145
50893
49704
51678
49380
48740
50438
49168
50323
50066
48673
50691
49699
50197
49477
50104
49445
51019
51308
49471
49769
49427
48506
49788
51144
50772
51158
48925
50148
50492
51667
52754
49496
50563
50553
49713
50297
48968
48458
49449
50750
50052
51254
51482
49234
50427
50834
49530
50625
49632
49660
50073
50141
48895
50422
51495
49757
49644
50959
49807
48991
50776
49268
49562
50383
49647
49474
50904
50678
49421
51819
49885
50357
49229
48332
51957
50987
49359
50630
51527
49942
50239
49150
50389
48819
51052
49480
48943
49054
50971
50485
49311
49329
50829
49784
51622
48246
50278
50363
50392
49887
48723
49744
49723
50724
50029
51811
48528
51087
49008
50659
51004
49593
50843
49634
49970
51288
50778
49549
48787
49300
52055
47907
51373
49740
49945
50648
50903
49899
50702
49012
50790
49854
48428
50571
49491
49155
49633
50054
51778
51698
48969
50930
49157
50853
49190
49672
49990
48556
48545
49491
50361
51675
50713
51311
51007
49012
50670
50310
50696
52329
50791
49861
48693
49871
51493
49778
50357
49239
51107
49829
52488
49475
49797
49400
48638
50501
49966
50453
49618
49863
50064
51027
49768
49771
49288
51097
50290
50929
49859
51530
49242
49140
49408
51926
51612
53080
48995
49900
50024
51232
49899
52453
49075
50201
48615
49686
48866
49650
47791
49959
50759
49070
49855
51802
51162
51235
52096
49898
51172
49161
48642
48821
48290
52058
50164
51209
49358
49722
49348
47630
51506
48347
50110
50117
50109
50573
50656
49476
49138
49960
50705
48086
47931
50636
48768
50341
52364
49847
48615
49839
49423
49848
49832
48189
51513
49399
51337
48218
50062
49700
49411
51444
49730
49562
49767
49248
49985
48958
49903
51139
47880
49395
50910
50567
49100
49142
50047
49641
49674
50961
50818
49328
50070
50332
49735
48771
49542
50771
50067
50536
51862
50200
49947
49360
50715
50888
49593
50067
50097
50933
48533
49461
50097
49842
50561
51029
49668
49773
49056
51771
49998
50148
49408
50863
48588
50498
50521
48408
50590
49843
48261
48928
48714
49622
49563
50660
50109
48862
48750
50161
50288
51171
50824
50058
50184
52141
49484
50415
51818
50332
50631
50607
49234
49566
51381
52137
50732
51391
48814
50046
51378
50526
49790
48775
50173
48246
52291
50641
50613
49874
49432
52237
50936
47773
49796
50840
48775
50670
48992
49162
48725
51183
49775
49933
49641
47316
49499
51456
50690
50247
52716
50775
50836
49999
50841
49151
51319
49416
50762
49453
50075
49361
50402
49610
50583
50281
50110
49918
47732
49630
50463
52105
48387
50184
48377
49305
49542
49739
50706
50832
49579
50618
48686
50684
49531
52539
49822
49607
48346
51031
52561
50667
48308
50404
49047
50602
49241
50922
49437
49831
50010
48793
51345
49408
49759
51603
51410
50650
48802
50138
51019
50563
50940
50517
50690
50567
48665
51212
49161
49664
51068
48734
49695
49783
49674
48355
49447
50721
50861
51881
50072
50663
48168
50062
50927
49693
48932
49505
47801
50574
49240
49883
50619
49541
51978
49459
49095
51330
50579
49044
50170
49811
51396
49329
48419
47506
50038
49248
50287
49872
52264
50294
50872
49556
48627
50199
50983
50441
48528
51814
50140
51295
51414
49573
49795
50209
51890
50381
49713
48664
49499
50427
50461
51565
49665
52079
50074
50426
51073
49062
49987
49577
49901
49328
49201
50862
50195
49618
50352
50643
48216
49033
49122
50296
48805
50103
53068
51593
50799
50051
50543
49664
50070
48220
50315
51156
50166
50700
50370
50701
47854
50827
50454
49849
48279
49259
47777
48443
49916
47364
50385
48539
50911
50175
51056
50178
50656
50424
49496
49570
51286
49262
50909
50420
47974
48482
49429
48182
51214
47389
51697
49984
49856
50864
50745
49606
49112
49718
49923
50941
51268
49581
51014
48996
50387
48382
50129
49066
50831
49278
49574
47955
49723
50118
50615
49925
50073
47791
49114
49813
50142
51373
49882
51822
48360
50394
50392
48780
48757
51625
50698
49694
49634
50267
48748
50203
49924
50497
48745
48480
48503
50207
50325
50821
50781
48456
50381
49897
50516
49691
50312
50489
51840
49045
50429
50821
49995
48971
48801
51224
50077
49440
50250
49018
53202
48943
51251
51502
49563
48524
50014
49616
51700
48954
50235
50525
49862
49444
50111
49939
49656
52114
48069
49434
49531
49234
51682
50831
48694
49969
50569
50873
49701
49566
50433
51246
49518
50774
51228
49991
50087
49908
49748
51286
50404
49229
49172
50163
50572
49499
50726
49719
49783
49662
48751
49662
50547
51440
48670
49228
48901
48053
50505
51145
49561
51180
50302
49535
49018
48964
48526
49004
48771
50708
49636
49854
49619
50562
49787
50785
48546
51561
50541
49302
49632
49531
51175
51056
50374
49675
50559
50316
50610
51306
49958
50969
50066
50053
50749
50292
49552
49711
49663
50168
50314
50401
48912
49692
51293
51161
49791
49381
51337
48863
49626
48720
49624
49755
51114
51483
48706
49953
49308
49374
51758
50044
49853
51022
50127
50206
49081
49418
51519
51563
51466
49771
47992
49911
48215
51670
50769
49072
50327
47894
50565
50337
50522
49179
48699
50060
50101
51553
50105
48416
50346
52431
50464
50815
49804
49122
50051
50811
50182
49871
48770
49531
49172
49965
48496
48151
49171
51624
50519
48708
49335
50320
50326
48582
50688
49889
51446
50973
50639
49432
49955
49394
49102
49909
49253
49884
49370
50190
49575
49538
50038
49726
49643
50583
48417
50215
49840
50827
50688
48773
49847
51017
51095
49986
49771
50230
49837
48521
53058
49741
49474
50726
50794
49924
49075
50617
49429
49776
50767
50867
49297
50603
48514
50758
48903
51287
51051
50271
49933
52911
49571
50354
48778
50152
50061
47886
49946
50601
50459
50054
48573
51306
49987
50965
49701
49895
49238
50496
50419
51275
49948
50479
50226
51104
51043
50037
49824
50780
50401
48909
50893
49621
49427
50213
48968
48922
49451
50118
49395
50881
47966
48768
51076
51436
50404
51435
49743
51229
49813
49723
50583
49829
50587
50615
50169
51547
51291
51073
51719
51234
50848
50628
50676
51047
50912
48809
49235
49116
51530
48583
48352
50827
48413
50894
49014
48995
47476
49807
49042
52209
48813
50351
50152
52360
50148
50265
49251
49903
48326
48155
48275
49902
49440
49541
51144
48492
50857
51266
51246
49812
51834
49546
50647
51418
51037
49715
50801
49142
50815
50879
49861
50756
51479
50045
49439
49306
50522
48934
51470
50341
47231
50096
51997
49924
49582
49943
50938
49109
50468
49328
50958
51860
53039
48640
49662
49002
49607
50047
50988
49862
49960
49578
50419
49596
50577
49208
49919
50320
50201
49074
50671
50011
50623
50753
51944
50277
49210
49486
48994
49671
48113
47765
49485
49966
49828
51577
50782
51042
51094
50029
50701
50079
52163
52688
49433
49463
49710
49250
50351
49861
49981
50940
51214
50242
50677
50667
49042
49826
49958
50575
49366
51221
49983
49145
51292
50989
49967
49720
50810
51089
48788
50967
51960
50018
51231
50618
50715
51584
48510
50744
49442
51308
50097
49801
50743
50668
49602
51033
50239
49219
50726
48639
49927
51194
49255
51081
49506
50336
49600
49270
49763
49548
51747
50425
49735
50218
51749
50388
50348
51717
48259
50763
49422
48183
49543
50044
49200
49978
50464
51276
47463
50271
53254
48877
50616
49305
50478
50683
47943
49592
50046
50705
50771
48455
49315
47847
50159
48327
51303
47844
51251
49878
50427
50526
51051
51077
51034
49655
49239
49415
49280
51014
50901
49172
50009
50339
49729
49672
51625
49396
48758
51611
49338
49177
50090
50354
49357
49256
50021
51142
49465
48851
48600
48690
50070
50196
50664
48799
50187
50240
51507
49110
48565
50519
49596
49679
50094
51348
48555
49284
50303
50118
50621
48977
50750
50468
50919
48564
49782
49927
51830
49553
49992
48703
48389
49685
51017
47562
48124
49747
47809
51609
49784
48210
49596
50835
50969
51001
51464
50000
50610
50790
49047
50823
48990
50676
49854
50766
52707
48285
49177
48836
51923
49533
50900
50364
49620
50063
48877
49812
47748
50610
49305
50198
48397
49491
49858
48438
50594
48934
50059
48987
49509
49087
49394
51050
49218
49726
50984
51629
50504
48166
50571
50902
49555
49889
50417
49459
49520
49139
49329
51123
49407
48748
50199
51078
50034
50424
50549
48371
49314
48661
50534
50761
50642
49672
48485
49609
48869
49465
51898
51841
49933
49196
50163
49607
49606
50782
48270
50490
49537
52159
50240
50333
49935
49741
49277
50363
50266
50945
49675
50418
48152
48699
48964
50719
50123
48474
50676
48213
49262
49761
49845
50758
48692
48797
50901
48899
49458
50376
48906
51615
50939
50212
50589
49333
49145
50683
48861
48789
50774
50479
52783
51040
50524
50492
49662
48995
50262
51285
49762
50217
49912
49870
50770
47619
51369
49642
49432
49985
50749
48815
49437
49081
50602
51429
49590
49809
49863
50812
48705
50957
50321
48930
51031
51183
49054
50797
49287
48936
50663
48240
50643
51760
50553
49160
48802
49329
51514
49593
49944
50500
49325
50450
49879
50367
52659
51359
52079
51092
51283
49338
49413
51514
51455
51778
51500
49776
49269
50182
50438
50053
49702
48167
49783
50536
50757
50930
49200
49769
49576
49984
52862
49184
51004
48304
49166
49987
51452
50409
49664
49715
50282
49934
50591
50024
48772
49944
50411
48879
49655
50599
50690
50238
51321
48495
50400
49444
47857
49284
51107
48913
51246
48412
49018
50507
50841
50902
51439
48559
49329
49874
49054
50427
50420
49873
50573
48931
49304
48011
50928
50510
50288
47741
49984
49803
48834
47745
48787
51761
50489
49962
48700
48765
50075
50739
51261
49224
50065
50184
50053
49445
51935
48508
50490
50731
48221
48353
49667
50619
51260
49592
50725
50557
49789
49357
49657
48679
49193
49360
51840
50469
49725
50269
49656
49966
51773
49885
48290
48578
49300
49434
51283
49486
50869
51010
52639
49238
48073
51771
50372
50558
50273
48604
50510
48857
50879
50126
49719
50353
51730
49619
49941
49453
51640
49865
50163
49262
50441
48612
49764
48235
49227
50388
49111
48529
50072
50191
50617
50229
48865
49551
51730
48966
50310
47228
49598
48285
49258
50944
49734
49886
51230
48511
50775
50743
49025
49398
49641
50816
49953
50055
50400
50634
50028
48733
50315
49933
50496
50372
50875
50352
50606
50606
50283
49689
51553
49968
50121
50635
49057
50586
51839
48987
50960
49406
50084
48526
49801
49364
48874
52743
50505
49659
50046
50419
49794
50949
50203
49231
49358
49896
50083
48693
50346
49493
48502
49743
49949
48547
52034
50157
50126
50308
47869
50724
49484
50339
50527
51797
49647
51528
46572
49485
51175
51320
51739
50625
50184
49953
50457
47885
49343
50384
50948
51572
49443
51480
49095
48833
49316
50643
49281
49144
50263
48983
49219
50263
48257
50459
48817
49244
50902
50428
50695
51373
48803
48901
48605
49692
48208
49800
50881
50006
47925
50838
49586
49924
48827
49392
49954
48246
49778
49038
50395
50774
49206
51843
50375
49940
50565
52405
49786
49332
50270
49089
48606
51001
49398
49659
49186
50537
49785
48300
50406
49471
49539
50825
50695
49691
50732
50239
51587
49463
48379
50171
50213
50374
48620
50816
49615
49409
49583
50454
48209
52128
50164
51669
48473
48287
51027
49859
49508
51421
49858
50190
48877
49961
51531
49750
48566
48318
46775
51360
49698
47653
49882
50198
49660
49580
49591
50530
50840
49458
49840
49652
49756
48764
49994
49559
49537
50102
49105
49856
49086
50240
50483
48571
48945
51301
49566
50084
50229
50994
50240
50711
49008
51290
49835
50476
50479
49902
49608
48116
49689
48668
51074
51044
51677
50188
48752
49165
48388
49671
49514
48283
49026
50562
47714
49248
51070
49815
50475
49095
47743
51693
48859
50748
51505
48241
50423
49341
49644
50467
48340
51185
51010
50877
49778
51292
48835
48751
48345
51301
48303
47979
50036
50676
52368
49182
49588
48539
51290
47640
48115
49394
49539
50109
49383
49572
49286
50373
49204
50088
49738
50378
51106
50657
49258
51197
49670
50682
50661
48450
51610
49623
48736
48135
50488
48915
52080
51442
50976
49990
49560
51665
51471
48984
48448
49649
50908
51347
48890
48613
49289
50851
48515
49882
49675
51414
50772
49691
49292
48640
49955
49331
50715
50851
50180
51399
50237
49800
49840
51223
49593
51840
49045
51584
50150
49399
49325
49930
49617
50892
51090
50252
50374
50059
50944
50415
51388
50083
50070
49955
48314
50316
49807
49139
50087
50758
49933
50576
49898
51114
49119
48995
48138
50720
50406
50489
50977
49144
51745
49999
48317
50457
49927
50725
48393
48628
49347
51253
50131
50040
51153
50004
50070
50660
47668
49018
49617
51641
49627
48206
48956
49535
49532
49614
49958
49774
49464
49060
49883
50043
49405
49573
49700
50345
48950
48973
49583
50786
49041
49995
50334
51511
49246
51649
49360
49722
51228
49405
48780
50340
48676
49770
52164
48343
51757
50460
51786
50002
52335
50009
49427
51200
49584
49960
50205
49451
50787
51129
51645
48121
48584
49264
49498
50154
49310
52581
50257
49994
49745
50204
50436
47757
49044
51823
50322
49832
50885
49335
50523
50883
48049
50622
49741
50849
51143
49409
50597
49774
49678
49322
50316
49355
50500
51525
49899
48990
52908
51449
49193
50318
50008
50263
50822
49372
51254
48481
50417
48714
49995
49131
50101
49609
50742
48621
47314
48039
48581
49285
49977
48895
51297
48549
49754
50187
48832
49806
48942
51189
49249
49313
48695
49903
47596
50107
48895
50701
48891
50899
50624
51064
49129
49082
48130
48988
49768
51413
51537
49529
49838
49577
51170
50321
49197
50203
50468
49558
51620
50901
50506
50176
49801
51201
51120
50172
49181
48808
48977
49163
49841
48908
49583
49093
48063
49128
49467
50261
49129
50095
49878
49733
48733
49515
49950
51066
49725
48782
50277
48301
49406
50395
49940
52233
50128
49203
48861
51524
50317
51561
49841
50723
49349
50407
50206
49517
49884
51330
49722
50284
50391
50298
49283
51867
51289
50061
48445
50376
49564
50818
49038
48814
50439
50626
50960
49979
49342
51512
50510
49550
51392
49615
50705
50295
50052
50815
50564
49102
49334
50751
48930
50011
50309
50698
51638
50632
50362
51270
50274
50230
49904
49829
51318
50791
49425
50808
49022
49857
52732
51380
49640
49778
48775
51045
49373
50297
49238
50147
50931
49747
50167
50120
49900
51074
49328
49752
50141
51416
51585
48753
50851
49960
49057
50256
50135
49477
50280
49091
51658
51127
50600
50504
49505
49566
49795
51346
52449
50570
50891
48649
49317
51976
50356
50277
50277
49329
51047
50665
50605
50153
49514
49837
50181
49394
48656
50372
48314
49115
50566
50224
50345
50775
49314
50171
49177
47735
50656
48545
53495
49075
49873
50436
49718
49000
49293
49754
49071
51580
49767
49599
50433
49252
50468
49419
49849
48906
49631
47947
50764
50360
50797
50355
50510
50430
48463
51033
50574
50929
51013
49371
50675
50775
50481
49430
48968
51764
49828
49921
49956
50194
50596
50495
50185
50002
50988
50248
48291
50200
50745
51271
48380
50477
51411
50184
50814
48618
49078
49722
48649
50364
47872
50145
51212
49318
50714
50288
51717
50828
50426
50810
50055
49833
51106
49988
50019
51753
49195
50042
50761
51457
49177
50772
49737
49124
50947
50164
50616
49894
50104
51770
49063
49377
49783
50100
50731
50944
49850
50882
49087
50548
51637
47647
48981
49841
49710
50534
49870
51095
48807
49574
50825
49625
49846
51393
48551
50083
50031
50495
50678
48899
49578
50891
48114
49076
48759
50100
49626
50616
51801
51923
50585
50409
48303
50391
47997
50052
50431
50574
51624
51146
48464
48948
49921
46846
50039
49472
49080
50238
51204
49207
49997
50987
49920
49726
49255
49462
49768
49742
50111
49836
51146
51359
51640
48702
49235
49675
50608
49359
49935
51016
49444
48520
50314
50041
50976
50284
49874
49274
50051
50687
49605
51679
49083
49306
47776
49688
50720
49136
49714
49659
47897
51428
49729
51063
49418
48902
50225
49564
49909
48332
49776
50077
50752
50192
51323
48658
49945
49830
50191
49423
50109
48866
50358
48165
50177
50840
50387
50738
50187
49416
50219
50053
51282
48638
51777
48657
51239
50058
49184
52301
49420
48083
50257
49961
50265
49711
51800
51070
51086
48851
51075
49985
49472
49837
49221
49850
49218
51260
48291
50679
48307
51555
49783
48519
51265
50227
49587
49787
48565
50424
49601
50313
50164
51641
49913
47900
51075
50312
49598
48312
49704
48234
50256
48475
51524
50032
49358
50003
48456
49708
50873
49956
50873
51571
50200
47496
48901
50612
51118
51246
49767
48757
50556
50482
49549
51113
50840
49869
50983
50522
49841
48478
50095
50669
49340
49136
51981
50130
50001
49870
47650
51365
49615
50800
48274
49778
49881
49316
51299
50331
50680
49130
50759
50920
49438
49396
48907
51227
48803
49655
50608
49585
48182
52578
49932
50334
49601
49426
49889
50563
48827
50116
51616
49831
50030
49395
50022
51754
51504
51726
49655
50377
49847
49904
47437
50838
49747
49965
49633
50483
49553
49880
49064
49636
49984
48093
49528
49257
51852
50269
50939
48070
51693
49952
48125
49467
48483
49008
50796
50808
48897
49081
51208
49609
49596
48531
50464
50292
50766
49506
50365
49207
50322
48584
47788
50192
49887
51787
50749
51058
51602
49878
49351
48618
49885
49353
49296
48325
50736
50125
51272
50297
49796
50478
47577
49539
49156
49351
49723
48388
48227
48663
51752
51345
49493
49835
49463
49798
49273
48720
52014
48199
50868
49432
49705
50758
49141
50882
49679
49276
48995
50630
49835
49576
50904
51065
49952
49830
50868
49840
49625
50529
49902
49320
49946
50647
50166
49754
47701
49460
49147
49306
49128
48911
51651
49924
49360
51139
50338
50762
47841
50615
51225
50538
48795
51770
51495
51991
51636
50091
48479
51003
48053
52382
51070
50356
50064
49850
49737
50602
49601
49580
48899
52865
49458
51138
49599
48592
49031
48503
49067
50113
51707
51188
51765
49862
50193
50076
50216
51126
49061
48572
50281
49082
49411
50291
49087
49579
50914
50464
48579
51019
48812
48545
49478
49320
48963
49284
48816
48882
49549
50261
50852
50540
51388
50529
50656
48708
50316
49342
47862
51792
49894
48900
47892
48918
49286
48810
49660
49584
51245
50484
48833
49805
49348
49516
49139
49857
49791
49815
50287
50865
48610
49725
48550
51370
51738
49759
50169
49313
51128
50095
50263
50628
49123
49319
48579
50076
49404
48941
48929
49610
50826
51449
48642
49051
51156
50584
48766
48738
49357
50336
48959
51414
50314
50686
50575
50151
51061
48222
50427
50500
49136
49871
49194
49643
49445
48779
50965
51549
50244
50639
49458
49646
50872
50351
49778
49261
49156
50488
49890
48845
50828
48788
50905
49667
50086
49303
49176
48637
49849
50406
48987
49354
49410
50920
48160
50153
50548
49359
51218
49654
49347
50292
49453
51173
48353
53606
48788
51188
50746
48667
48373
51388
48835
50266
49137
49736
50469
48828
49837
49991
51114
51763
49231
50335
51321
48297
50314
49732
49590
50747
49658
49255
49792
48091
49262
49689
51234
52502
50843
50690
50371
50247
49964
50107
47510
48060
51010
49197
48605
49627
50119
49992
49199
49729
49668
50513
48437
51315
49615
49827
49518
49859
49848
48504
49472
48754
50438
48852
51400
49293
47996
51524
48393
50170
50330
49961
49664
52332
50702
48617
48832
50062
51223
50184
52363
50872
49417
49167
49524
48952
48607
49728
49249
49229
49952
48383
49540
50431
49590
49088
51064
49031
49854
49651
47372
51143
50235
51410
50754
49880
48241
49926
48328
50125
50076
50037
49746
49704
48792
49213
49944
49020
50258
49549
50396
50204
49706
49852
48407
51176
49475
48778
49293
49560
49465
48654
50168
50569
51562
49807
50060
49337
47637
50849
51422
51659
50395
49219
49181
49117
51031
50843
51262
48656
47695
51311
48074
48388
49307
51515
50554
50389
51995
49250
49387
49167
50198
48634
51038
50177
51352
50801
49696
50723
51084
50038
49322
51733
50503
50359
49344
49967
49557
50056
50035
50886
50189
48933
50799
50626
49956
49178
50034
49601
49592
50266
50687
50264
50404
48192
50110
49725
50051
50787
50295
49256
49637
51467
50162
51898
49696
51364
50484
49572
51355
48903
48685
49843
51666
50785
47200
51634
50391
50838
49552
51711
48619
48181
52087
50229
51145
50722
49268
49708
50474
48269
48153
48666
51499
48517
49467
48133
50079
49206
50389
50918
48793
50085
49764
48694
50812
50189
50951
49848
49866
50856
50171
52814
50898
51019
52879
50215
49661
48580
49840
49827
50363
49122
48803
50794
50120
49707
50652
50765
50185
50878
51707
50587
49396
49050
50885
51033
50478
49224
50059
52283
49744
49793
51385
49769
49442
49724
49290
49248
51344
49802
50341
50440
49888
49469
49653
49011
48913
51322
50482
51033
48965
50198
49456
49495
50670
49059
49918
49010
50051
49208
50654
50448
49053
51034
47708
48477
49251
50689
51246
50353
50017
49279
49183
49701
51790
48284
48994
48859
51395
49696
50176
51264
49619
49484
49178
48897
52891
48991
47972
50693
52082
51089
49919
49986
50039
50555
51162
51092
49996
50191
50844
48318
51207
50296
49391
50684
50458
51488
51073
50630
50161
48294
49724
49249
49695
49574
52178
49623
50009
48277
49614
50053
48311
50277
49555
50235
50653
50096
50669
50339
48840
48785
49367
50832
52077
48222
51098
49544
49511
51606
51776
51809
49217
49759
48794
48550
49247
49452
50939
50548
50655
51054
50857
50818
49544
50965
49542
49090
49975
51095
49502
49033
49391
50654
49479
46667
52277
48530
49226
48729
49210
51266
50410
50454
50451
50247
48065
50575
49090
49202
50554
49375
50274
50199
50371
50068
51133
49733
50013
49916
48887
48967
49651
48811
50124
50639
50553
51438
49149
49315
50097
51282
49196
50886
49542
51932
48785
49819
49304
51203
50310
49687
48523
50636
49098
50149
49005
51684
50326
50330
50928
48980
50825
49940
50513
48972
49821
49075
49564
49166
46991
51667
51206
47448
49953
50184
49355
48717
49510
48534
47739
47661
49844
50304
49944
50045
50283
49584
50170
50644
49574
49329
49513
50836
49448
48260
49752
50208
50072
51222
51080
49967
51240
49518
51096
50157
50166
50451
50163
50144
50419
51105
49960
50493
50984
48346
48718
48769
50139
50180
50162
49985
49414
51036
49027
50791
49101
49616
51866
50136
50460
48393
49542
50098
49736
49667
50544
50418
47780
48956
50518
50036
49041
51001
50494
50372
50186
52665
49905
49755
50973
50253
50229
50805
50140
49721
49585
50356
49670
48830
50562
50438
50711
51120
49924
51665
51297
49754
49507
51693
49397
49327
49731
48899
49370
50077
49623
49565
49969
49051
50849
50022
48962
49378
49063
48917
49841
48793
48920
49718
48718
48361
49205
51756
48642
52265
52017
50894
51151
48106
50477
49211
50814
50360
50183
51350
49887
50107
48977
50452
50269
49555
51531
52669
48339
51770
50956
49944
50751
52254
47758
50251
49429
50145
50467
49537
50430
50089
48955
50523
51080
48031
50067
49845
49299
50513
47019
51566
48183
49657
50444
50833
50799
50910
50145
49521
47704
51039
50750
49310
50468
49382
50328
49364
50497
49884
50332
50174
49050
48294
49691
49994
50137
49660
47634
48378
52128
51159
49216
51626
50409
48588
50999
50483
51256
49802
51761
51556
50192
48710
50034
48815
52221
49892
52270
51436
50665
49426
48961
48174
48814
48955
48614
50761
49062
48069
50263
51888
49782
50226
50748
49128
50235
51288
51046
49650
49669
48642
50176
51658
49694
49831
49832
49942
51761
49836
49227
49776
51280
50047
47814
50337
50607
47434
50211
49858
50314
48838
50082
48662
50412
48463
50329
49446
49460
49163
50164
50695
49534
50231
49307
49327
51844
48713
47873
49167
47894
49855
49541
50359
48847
51551
50398
51350
49885
49928
49702
49495
49364
49653
50732
50198
51519
50663
49153
49163
52945
50642
49186
50858
49827
49361
50017
49727
49422
50124
49493
51640
49608
51168
50095
50128
50597
50429
50015
50369
49344
50395
49655
49493
50357
51843
49705
49707
50877
49559
50981
48742
51133
51271
48833
50837
50456
50380
50106
48597
49167
50832
50861
51130
49578
49541
50271
51750
49880
50529
49516
49455
50016
50788
50591
51234
48622
50441
49914
50095
50711
48710
51661
48624
50692
50374
51405
52238
50406
53104
49851
50472
50596
49772
51980
50161
50123
49866
50758
50173
51447
51089
49307
50944
49989
49476
48720
49006
50125
48522
49219
49813
53066
50310
51463
48890
49935
49863
50246
50682
50496
50298
51204
48965
50129
50159
49499
51639
49509
49546
51084
48559
49985
49659
49136
50106
50485
50333
50593
49943
49908
49486
49311
49854
50423
48864
48853
49630
50237
49946
49260
49207
51112
49021
49827
50705
50787
50528
49070
49665
45720
49919
49383
48259
49255
49985
51426
49936
49477
49716
49839
50223
49977
49357
50711
50421
51030
50960
50306
51619
48588
50608
50905
48392
48458
49681
52201
49837
51409
48511
49314
48991
49697
49412
48922
49510
50719
51209
51893
51399
47836
48731
49288
49781
50070
49271
49942
51413
49193
50313
47825
50440
49427
50910
49553
50545
49521
50025
50277
50049
49452
51133
50828
48463
50478
51097
46040
49596
49929
50897
48135
49049
49605
50660
49620
50135
50625
49369
51176
51469
50338
49079
47739
49261
52056
50956
49677
49243
51413
51104
51281
49818
50414
52080
49693
49578
49665
50788
50635
49513
48944
50282
50301
48863
49638
49627
47877
48971
50623
50888
50377
48347
48555
50402
49877
50850
49596
51097
49989
48952
49355
48461
48339
48627
49359
49919
51368
47570
49538
49389
49466
52057
49416
50210
49439
48799
50622
49897
49749
49543
49377
51250
51786
50131
49545
49875
49196
51066
49404
48798
49366
51426
50297
46962
51278
49486
50810
50070
50106
49053
49970
50818
48999
52029
49821
50549
48997
50277
48595
48914
49718
50780
50444
47867
48222
51082
48642
49827
51440
49937
50853
49260
48989
50563
49834
50079
52698
50430
50114
49541
50871
52584
49080
50304
49357
50865
49609
49910
49346
52014
49156
51021
50738
51116
48441
51926
50292
48939
49045
52095
49523
51118
50865
49417
50759
50089
50816
49089
50761
49215
51126
50205
49289
50324
51403
48216
51092
49647
50479
49624
48827
50665
51117
50237
48471
49909
50324
49448
49616
48362
49499
49885
49197
50124
51266
50545
50297
49476
48807
49937
48478
49668
52349
49113
50137
49559
50064
49534
49777
50811
49682
52620
52247
49350
49358
49328
48693
49122
50077
49869
48495
49832
49874
50579
48279
50401
50560
49737
51293
50475
51184
50885
49572
50891
49842
50429
49507
51813
50002
49261
49527
49292
48862
49780
50376
49097
48155
48807
50848
49978
49692
50422
50770
49330
49613
49203
49539
50771
50275
48730
50182
49621
50890
50336
49816
49782
49306
50602
49633
50497
49416
51134
49348
50068
50247
50298
50443
50262
50260
50894
51242
50570
49595
49989
49339
49838
50193
50575
49609
49658
49724
49929
48399
50506
50230
48177
50983
50429
48472
47612
48879
50002
50518
50721
50353
51014
48504
48653
51433
50342
50724
50423
49624
50912
50227
48546
49027
49120
50735
50817
50150
49960
49790
50595
51256
50489
48847
49846
50881
49275
49665
49390
50606
51202
49262
50609
48414
50641
50710
48394
50333
50197
48621
51400
49865
50873
51412
50044
50202
49496
47988
48386
48126
51347
49619
49433
50069
50236
49512
50078
51045
50846
49456
48792
50472
49431
50586
50302
49130
52164
49722
51010
48522
49882
49660
50906
49447
50467
51561
51010
48437
50707
49976
48811
51262
49997
48459
50548
50962
50572
51330
48990
49195
48912
50418
49407
49590
49692
50952
49205
51149
49453
49673
50145
51201
49007
48525
50736
48967
49789
51259
48756
50779
47927
50248
50283
49451
49406
49891
49107
48813
52036
51394
47939
49846
49755
50838
49940
49451
50512
51535
50046
51271
51299
49140
49900
50067
51270
50332
50064
50428
49574
50041
46821
52096
49143
52568
50191
50065
50531
51709
49311
48788
49988
49402
50747
51721
49126
49287
51189
50758
51545
49924
50646
49490
51588
50756
48823
47801
49761
49288
49596
50802
52682
50333
50063
48120
51627
50051
50773
51594
50438
49535
49093
49652
48289
49732
50537
51078
50045
49648
50348
50401
51171
50051
51279
51144
51616
49344
47211
51297
49710
49875
49593
49133
49885
49516
51479
49071
51477
49572
50320
51248
50666
52398
49902
48184
50178
49360
50570
50611
49730
50261
48876
50190
49830
49099
50106
48932
50513
50323
50417
49341
49133
50060
51043
50638
49227
51405
51271
50143
48286
51085
49356
50757
50848
50155
49886
49807
49119
51178
51787
49604
48733
49838
51187
50113
50448
48842
49604
49400
50171
49877
50754
48152
50509
48819
50395
49982
51419
49656
50613
50051
49565
50853
50338
48119
50281
50186
49246
49490
51463
50051
49381
50638
50220
49663
50365
50358
50139
50886
50229
49392
49548
49398
48609
50017
48057
50484
49533
50514
48658
49781
50407
50061
51327
48843
50033
49241
49403
50220
50171
49162
50234
48962
49919
48161
50721
51164
50400
50906
50036
51141
50808
51336
52159
50534
51659
50879
48471
50188
49614
49580
49733
49792
49051
51557
50466
49648
49708
50218
49232
48151
49674
48513
50652
49868
52243
51073
48634
50654
52189
52434
49812
49108
49865
50151
50346
52058
50347
50349
48046
51734
49725
50959
49333
50776
51782
50269
49634
50166
51279
50720
50109
48937
51154
50926
51601
51190
46758
51617
49721
47845
50629
51759
49702
50693
48234
51924
48457
48688
51208
49970
51187
50153
50490
50960
50758
51562
49351
49727
50130
51469
49979
49571
50535
49516
50004
49680
51048
50557
49076
50819
48104
51354
48915
51502
50276
49724
50258
48986
50851
51470
50148
49550
48377
49291
49423
50677
51350
50055
50311
49323
50258
50340
49353
48833
48895
49581
49418
50902
50607
51244
49997
50624
51778
49919
50197
48560
50795
50263
50924
49904
49711
52751
48666
50533
52093
48653
49420
48395
51019
50545
49231
50638
49616
49446
50460
50022
49663
51374
50217
50494
51904
48283
48606
50634
50238
48991
50682
50159
49972
50461
48879
50336
50241
51329
49899
49921
49670
49196
51359
49099
50747
51054
50911
50424
50423
48328
52885
50373
49946
51237
51261
51647
48603
50329
50500
51781
50564
50748
48750
50031
49671
50521
49404
48056
47997
46866
48876
50885
50480
50398
51148
48527
49789
48774
48447
50707
51747
47701
50461
51057
51153
50462
51038
49431
48708
51056
50780
50824
50063
49264
49271
49417
48627
51318
51959
49448
49284
51236
49847
49948
50378
50811
50285
50799
50465
50412
49711
48843
50332
50776
48707
50640
49950
50187
48435
48819
50236
50832
50569
50122
51738
51954
47427
49068
50014
50741
49219
51550
50487
48736
50293
52532
50874
49358
50186
50400
50074
49900
51645
50061
49257
50368
48183
47929
49456
50850
48992
50251
49057
50511
48151
51017
50187
49568
50351
50905
48299
52041
49767
49192
51160
50853
49787
50805
50021
49124
50125
49338
50878
48877
50774
48212
49161
49959
50182
50689
50592
49818
49461
50207
50031
50249
49669
51389
48768
49514
50375
51258
48920
50285
49949
50171
50091
50528
50892
48834
49936
49278
51074
49821
49411
50021
50095
47821
49719
49496
51495
49154
51883
51397
51083
49987
47821
49306
49108
49473
50018
50120
49635
49444
50292
50354
50592
50115
49294
48927
50020
50796
50302
50459
51763
52195
51976
50666
49669
49362
49214
50770
49575
49127
48904
51446
49435
48963
51100
49426
50653
48981
50929
50506
50302
50998
50760
49887
50587
51419
50886
48562
50066
50014
49739
49258
50422
49840
48624
51259
49297
50678
48662
49981
51615
50240
48978
47404
50765
49824
49155
50494
50639
51393
49779
49311
49655
50281
50968
49470
50570
48726
52169
50428
49806
49848
49119
49751
50589
49602
50409
50204
49269
50597
49906
50119
51074
50115
50189
51188
48822
48983
50062
49813
50976
49799
51909
49254
50479
49811
51297
49322
48165
50511
50304
50649
50613
50007
50306
50653
50804
51546
51243
50725
48627
50815
48182
50057
50942
50918
48636
51429
50061
48690
51397
51382
51422
50194
50477
51624
50249
48780
50367
49893
50282
50202
50664
48990
50069
50533
49715
49970
49917
51323
51125
50417
49478
49152
48693
51246
50654
48856
49451
48804
50205
51357
48140
49669
49244
50839
47812
50271
50844
48587
50970
49269
50210
50694
51192
49168
49523
49000
48669
49134
50083
49659
49126
49372
49952
51496
49265
48682
49539
50441
49560
50767
50869
49563
50474
50577
49174
48441
49547
48326
50830
51403
49450
50318
50431
49457
48874
50881
49582
49899
50285
50536
48700
49017
48829
50370
50679
50286
49975
49714
48938
49779
50704
49335
50371
50368
48319
48588
49660
48580
49209
51122
48322
49232
49171
48515
49826
48888
49600
51793
48859
48424
48008
51744
47487
49041
50471
50707
48920
50218
49673
51052
51029
49091
49827
50739
48054
52034
48887
50743
51486
49870
48680
48999
48723
49774
50488
49625
49382
50499
49644
49130
48940
51000
50318
50034
48890
47864
49090
50794
50617
50668
50328
48878
50049
49728
49810
48588
51817
50706
49957
50359
51016
49678
49466
51054
50503
50303
50526
50489
49932
50337
50000
50753
50082
50614
50281
49242
50898
51237
49809
50896
50457
50734
52068
50251
52030
51695
49853
49464
48690
52526
50093
49362
49488
49663
47994
49814
51260
50010
49604
49520
51139
49888
49558
49634
48604
52429
50119
47848
49007
50040
47734
49765
50287
52771
51343
49709
49573
48784
49880
51047
49586
49456
50787
50445
50939
51590
49998
49304
50171
50125
50944
47681
48884
51179
49346
49814
50863
50110
50349
51526
48269
51052
48430
49422
51036
50472
49750
50412
49697
51291
51920
49473
49175
49727
48211
49744
50941
48959
49510
51077
49961
49632
51037
49196
51100
50064
51160
50336
49903
50988
50163
49108
49435
50226
48834
50009
48028
49803
50818
51109
50779
49458
48961
50301
51082
48086
49222
50728
50283
49611
48810
48959
47664
47804
50878
49949
49679
50757
50933
50753
51293
49950
48889
51646
50684
49272
50687
48180
49404
50249
50007
48298
50957
50163
49231
50898
49981
50346
49141
49870
50267
49971
50450
50064
51283
50332
51413
49973
50000
50998
51431
51278
47775
49928
50244
50490
49628
50068
49594
49556
50845
48879
50297
49560
50216
49837
49290
51936
52080
49114
49364
49309
49594
50059
49307
50141
50596
49811
50260
50208
51870
50813
50364
50587
49624
49131
51558
49135
50451
49163
49260
49522
49017
49787
50205
52657
50888
50878
50752
49744
51400
49889
50088
48906
51151
50289
51663
49711
49690
50884
49921
48903
49556
51622
50841
50436
50473
49520
51652
51037
50027
51544
49194
49184
50973
51130
50310
50104
49702
48949
50579
49643
51351
49755
52683
49727
51361
49337
50398
50188
49948
48480
52310
49938
51428
48790
48589
49035
49329
48844
49856
51094
49946
50527
49279
49288
49441
50045
51268
48319
51158
50903
51182
51431
49455
49463
50935
48759
49840
50990
50977
51167
50791
50215
50476
50400
48847
50222
50527
49950
49422
48839
48046
49086
51344
50908
50223
50618
49542
50776
50569
49770
51056
52349
50803
49617
50776
48982
51687
50024
50603
52820
50531
50802
49260
49767
48707
48552
49720
49239
50534
48999
50275
49264
49826
50416
48733
49618
47890
49733
49883
49659
50830
48459
49250
50524
51207
49431
50047
49003
48256
50949
50238
52294
50340
49007
49446
49508
50298
48764
50006
49877
50366
50400
49979
48516
50057
50979
50033
49842
50822
49425
50543
49654
49421
50606
48774
50455
50560
49770
49905
51067
49770
48578
48603
49773
50267
48119
51381
48423
49271
51273
50002
52154
50974
50461
49344
49914
51886
49673
51004
50467
49211
49742
51196
51876
50556
50442
50416
51590
50700
48239
49809
51443
49418
49533
51970
49226
51475
50781
50484
48846
48088
49959
49126
50413
48645
50916
49000
48411
50893
48520
50794
51148
49942
50577
50920
49749
49526
50491
50076
50877
50369
50526
49484
52469
49913
48265
50556
49893
49026
49597
49944
49148
50475
49356
50038
49928
48222
49926
51274
52117
51643
49901
50309
50941
49667
49790
50576
51717
51377
49357
50814
49340
47310
50218
50862
51229
49351
50051
48786
50843
47884
52894
50265
48168
50022
49832
51393
49698
48630
50348
50546
50173
50468
51248
49971
49435
49648
49024
50654
47351
49292
49746
49815
49645
49022
50330
49967
49649
48689
49737
50236
48996
48263
49067
51194
51368
49798
50355
49651
48065
49977
50203
49223
50738
49556
47656
49566
50031
51297
49620
48948
50387
49063
49637
52074
51298
49596
49532
49041
47998
50437
51488
51103
50627
50452
50258
49184
49753
49962
49384
50625
49130
50258
47980
49648
48914
50625
51910
51433
47885
48482
51583
50429
49498
48588
49441
49462
49466
48362
50631
50930
49736
50133
51196
50438
49119
50353
50573
48319
50136
51670
52462
49789
50775
50036
49088
49521
50043
51136
50117
50196
49306
49310
47837
49848
49890
49161
48786
49881
50986
48739
49550
49946
51314
49772
48792
50774
48579
51053
49740
49737
49739
50317
49554
50756
51121
50424
49075
50161
49925
48660
49719
49797
47996
51593
49299
50388
50334
49408
50239
49559
50141
48662
50696
49623
49032
48987
49318
49298
51301
52061
50887
49899
50221
50812
49365
49737
49685
50002
50483
50377
50589
51187
48350
48590
50615
50207
50110
50902
49360
50411
50192
48725
48116
48119
49541
50605
50160
49695
50736
48317
48838
51098
50903
51066
50824
48968
47747
48382
50332
50788
50313
51051
50018
49941
49913
48674
49671
50588
49022
49463
50796
48488
50866
49155
50607
49654
48489
50823
49700
50417
49487
50072
49579
49878
48718
50921
50706
49555
49553
50303
50755
51799
49446
51573
49482
49720
49791
49169
49033
48493
50113
49718
52057
49591
50109
49813
51139
50687
50678
50426
48317
49847
50094
50210
50499
49984
49268
50422
51415
51216
49469
50268
50572
49239
49746
50856
49884
51330
51132
50195
50367
49490
51268
49609
51968
50376
51565
50905
49520
51783
49397
50961
49782
50019
50968
51943
50563
51229
49827
49176
52624
50415
51208
50636
49937
51576
50253
50577
50657
48356
50239
49544
49463
48517
48873
49710
51129
48628
50006
49971
49214
49820
48850
50243
50044
49755
52301
49006
47814
49110
51783
49774
49483
49951
51441
52127
48272
49117
49792
50851
50851
49438
51110
49381
50735
48346
47781
49059
50148
49260
49820
48561
50838
50967
50851
49156
50383
50794
48745
50670
48537
51555
50355
50347
49632
48596
48659
49427
49074
49643
49587
49516
50180
50250
48988
50538
51768
49392
49936
51829
48905
50796
50572
48038
50581
50842
49831
50828
51024
51069
49151
51621
51283
50256
50817
52169
48736
49782
49368
50814
50483
50303
49348
49973
49666
50710
49426
46769
49400
49664
49750
50625
50398
49915
49730
50872
51210
49381
49099
50689
49402
50844
51551
49460
48922
49756
50087
49562
49340
50754
49420
50384
48890
50442
50235
50812
51184
49767
47847
47476
49635
49112
49658
50232
50005
52644
51360
50696
48597
49746
50033
49924
52351
49929
49888
47465
50766
50472
49249
49611
50473
51564
49786
49332
51319
51412
52557
49619
50391
49344
50175
50787
50003
50317
49200
46737
49158
49745
48714
48962
49953
49064
48707
50192
49777
50515
50309
48057
51141
50849
49624
51427
49890
50366
50839
49469
48750
50231
49093
50908
51018
49230
49674
49238
50654
49434
49893
49072
48441
49647
49214
50100
50223
50217
50513
49076
51693
51163
51005
49795
48798
50811
49534
51096
49902
49522
49516
50727
50174
49326
50189
50911
49967
50022
48515
51847
50620
49253
49023
50296
50741
51722
49587
50260
49917
49690
49299
47444
49109
49607
51040
48626
50991
49578
51835
51392
51042
50817
48596
48419
49255
50784
50217
50707
51107
49603
48541
51373
48445
50473
51293
49688
49645
50786
49932
50265
50867
50789
51933
49848
50798
50142
49780
48851
49439
46925
48840
50028
49255
49729
50100
51209
50030
49072
50041
50631
49332
52026
51288
50472
50545
49833
48389
51051
50521
49995
49787
50152
49519
48754
49666
49827
50793
50163
49471
50559
51083
48112
50595
50724
50131
51777
50430
48339
49338
49183
50178
50942
49932
50570
49833
50439
50851
50047
50247
51261
50291
48539
50663
49747
48293
49411
49105
50380
49327
50563
51411
51662
50409
51015
50383
50071
49461
50140
50104
49581
51308
49434
50370
49520
51066
49109
50364
48124
50420
49931
49222
50032
50832
50950
49796
49359
49827
49312
50289
50047
48211
49695
52720
48905
49691
51609
49773
48975
48107
51512
50068
49425
50171
48868
49365
49186
49870
49945
50027
49030
49190
50160
49485
49118
50457
49399
49071
49819
49396
49297
49863
49877
50014
48975
50433
50912
48318
51990
49045
49253
49159
50119
48886
51568
48624
50087
49818
51365
48194
49171
48549
49851
50240
49757
50409
48124
48500
51130
48229
50860
50075
49393
50741
49610
49747
48902
50642
50610
50255
51527
48975
50593
49674
48310
49483
49994
48627
49828
50406
49788
50159
50067
48406
47808
49567
50143
49724
49888
49098
50201
48759
51638
52506
50914
49612
51396
50021
50879
49127
51119
51518
50515
50117
50620
49930
50050
48776
49194
50081
51168
49832
49672
50332
49921
50938
49005
49736
49621
50386
50147
49881
49826
49762
50164
49619
49373
50027
48969
49471
49263
49362
48885
50860
49520
47136
50804
50632
51257
48944
49820
51960
50644
50065
51449
50485
49842
49158
51245
51669
51340
49727
48340
48279
50229
50021
50231
49920
49214
51877
50023
51570
48734
49892
49064
49371
48773
49360
50182
48209
50789
50633
51746
50399
49760
48859
50906
50610
50856
49721
50900
50827
50773
50240
48716
49234
49464
50853
49719
50679
51206
49566
50560
49809
48992
50000
50099
50993
47296
51126
49973
49073
50599
49855
50028
51160
49019
50290
51686
52414
51409
50843
49627
50201
50487
49251
49780
50698
49385
49569
50924
50138
50672
51595
49388
50837
51591
48956
49723
49928
52677
49655
48312
49952
49641
51111
49318
50511
51053
49838
48820
50160
50004
50215
50367
49189
51261
49127
50077
51301
51112
50337
50378
49466
49494
49292
47738
50229
50224
49364
48785
49364
48917
49423
50573
50683
49233
50970
48881
49691
50983
50390
51043
49291
49826
51773
50731
50827
49685
50348
50036
49446
50194
51055
50371
48266
50720
49660
49630
49221
49055
48253
48969
50870
51215
49482
50892
50691
50633
48745
49553
50299
51181
48999
50433
49087
49425
49005
50034
50812
50760
49795
50100
48821
49977
50058
47586
50656
48862
48512
50089
49228
49104
48570
48846
50905
50380
49512
50962
50268
51077
49925
49355
49777
50912
50421
48966
47741
48354
49267
49239
49636
49883
49422
48332
51084
49657
49576
47394
50070
49266
49603
49634
48027
51135
48776
51001
50455
50360
48464
50382
51440
51090
49406
52543
51529
49924
49210
49511
47797
50390
51696
49022
48448
51572
51097
49304
48120
48155
51787
49580
48904
50890
51194
50892
50385
48819
50135
49647
49940
51025
49426
51200
49989
50126
47703
50705
49651
48237
49999
50428
51843
48596
49859
49894
50899
50299
49647
50972
49978
50999
49873
50714
49983
48902
51391
51605
50993
50126
48427
49848
50761
50251
48617
50217
49175
52105
49842
50921
49151
48638
48520
48849
51143
48705
49809
49207
50452
51801
50114
49312
49400
51648
50509
50300
51356
50307
49367
50889
51840
49795
51628
51680
50570
48305
49713
49229
52271
51302
51509
49210
50587
49523
49888
50062
49753
49555
50152
49714
51438
50556
50871
49784
49443
49130
49336
49548
51740
50049
51271
50819
48847
49869
49823
49833
50143
48480
48949
50007
48763
50397
50930
47864
49794
50977
47765
48686
50496
50268
52020
49842
49412
49440
50136
48466
49512
49585
49082
49400
50375
47864
49659
51217
49823
49236
49021
49146
49795
50760
50013
48846
50253
50498
49201
49323
51004
50085
49644
46985
51632
50226
48707
49686
49850
49947
49801
49673
51387
48862
49948
49369
50378
48526
48995
49692
50027
50037
50631
50523
51273
50380
50112
50318
50461
50388
50465
48574
49485
49635
48814
48376
48899
49783
49812
49539
51119
49970
49694
48648
50036
50625
47915
49893
49469
48588
49427
51144
49832
48482
49922
49631
50598
49262
49892
47980
49397
49057
50837
50341
51054
50266
50864
51402
49681
50816
49520
50582
49861
47952
50246
49722
48013
51424
49301
50646
50051
50792
49016
49344
48975
48036
51195
49839
48167
49430
52069
49845
48759
51154
51333
48902
48676
51554
48782
50647
48467
49831
50033
50487
50585
50381
49682
47868
51276
50287
50805
49362
48478
50203
50360
49034
49274
48521
50222
50943
50131
50831
50258
50053
51043
50793
48953
49348
49999
50308
50157
49213
50469
51195
49030
50907
50443
51283
50596
49571
50391
49674
48782
48732
50277
50012
51314
50221
49198
49614
51211
49163
49027
48671
50490
49646
51314
49317
50140
51248
51204
50248
49688
49195
51316
50255
49447
49723
50460
50564
50095
51537
49632
50161
50066
50657
50118
50495
49448
48358
51425
50462
49025
49809
48353
52430
49919
48597
51386
50127
49119
49629
50150
51062
50354
49534
50910
48721
49368
49682
50059
50607
51541
48494
50168
50011
49504
51617
50081
48104
50683
49516
51484
51187
51228
49544
50614
50135
51097
49375
49203
50072
49657
50152
50523
48949
49402
52154
50017
48221
50577
50505
50902
49295
52248
50667
50116
49660
49239
48430
50398
48809
51758
51145
49125
50540
49505
48916
49707
47733
48740
49173
50041
49586
49667
49830
50056
49242
49805
51146
49964
49250
50044
49376
48396
48998
51378
49372
49363
49986
52183
49378
50791
49621
49074
50689
48147
50022
49983
48705
48619
49635
51838
51174
48983
50782
50243
48742
50042
50449
49351
50935
50029
51235
50246
47931
49169
50576
49372
49672
50985
50976
50798
49897
49066
49893
51263
49797
49252
48541
50357
51843
48981
51450
48114
49694
50800
50604
48784
48489
50022
49718
50510
50080
51195
50865
49833
49587
50324
49466
50882
50594
48755
50460
50543
50262
50444
49575
49657
49349
50900
50365
50933
48917
49614
49438
52145
49830
50088
49915
48745
50601
51736
49975
52207
48931
51356
49690
50294
50233
49229
51592
50328
51166
50339
50287
50383
51313
49388
50980
48101
49886
50801
49567
49971
49632
51345
47839
50043
48698
51089
50280
50473
47673
49172
52318
48419
49176
50721
49061
49220
50397
51802
50399
51886
50371
50505
50684
51530
49248
50817
49880
50514
51026
51497
50981
51942
50427
49178
50871
49010
51770
50141
49316
49944
49557
50559
51118
48999
51287
49293
51027
50223
48135
49161
50385
49735
49437
51126
51482
51502
49747
50714
50168
48682
50771
50532
49426
51617
48844
48319
50330
48717
50057
50019
51514
49208
49832
50084
48175
49608
49915
49989
51072
49481
51507
49790
49296
50006
48354
49927
52834
48547
49121
49307
49538
48847
49875
49949
51628
48930
49493
49354
50826
49909
49706
49671
50543
50497
48220
50865
49849
50902
50458
49811
51481
48481
50148
50445
47301
48595
49985
50214
50238
49353
49731
52473
50201
51440
49907
50139
50463
51554
48008
48244
48552
49561
49051
49990
51590
51185
51494
51047
50162
50236
51165
49480
49828
52549
50412
52736
49889
50642
48647
49921
49225
50542
51854
48981
47962
50456
49326
49913
51692
49442
50525
49276
50385
49994
49175
49976
48909
50059
50006
49894
50589
50027
48349
49408
49234
50420
48662
49404
51272
50232
49665
50830
48972
49900
49917
50590
51938
48422
49609
51100
50079
49038
48350
52345
50865
50783
49437
50422
50209
50306
48564
50061
49429
47882
48225
49916
49767
49645
50492
50128
49946
50206
47908
50581
49620
50774
48976
50648
49321
49820
50059
49413
50781
49512
50193
49278
50325
50683
49190
