49776
40482
30456
16553
66028
71026
48545
10399
97960
1925
14391
39190
67759
84949
49401
6664
61950
74116
73871
71180
35318
14986
55533
30341
90258
41477
76508
64164
9002
8301
12560
29664
60642
82752
78841
65809
62795
18570
16742
87907
41047
51667
96447
47110
72622
54347
14078
13128
67996
64647
76881
25361
20899
53961
17567
41993
80478
16119
76183
7970
48966
41211
65034
51085
83600
98197
1148
15163
13958
3416
11324
46618
10178
983
55399
9119
48131
85123
75964
87798
97787
3165
73586
59658
59969
54311
18085
83539
97456
27851
19933
42685
6219
76078
95609
64372
61107
78184
91783
61534
