72848
18230
70625
42971
21932
11700
574
78100
76124
19776
38389
48869
58742
19898
47651
17047
43664
51831
39512
20091
58651
73047
69900
52266
1360
26591
668
6063
34589
34626
42853
58780
44887
18636
64591
78002
7149
93463
21470
83861
28633
24608
30854
54939
50096
96067
71923
46000
73229
41975
62779
9250
71875
13540
23456
30768
78502
51923
10230
18301
48738
11821
40649
10552
17333
67551
96137
67082
92328
39217
44685
22944
67863
72946
47746
74759
65375
19936
92208
7899
92760
47739
39936
80193
22304
10111
44074
66953
13548
87637
53087
94682
96323
92306
42051
53075
44903
87273
80373
23024
68750
69215
13167
51311
38447
26135
28825
73905
51155
38517
24590
54868
22412
6545
20551
98688
96728
52000
21822
50030
93618
36967
12129
96556
58731
61450
60419
13155
77047
85367
23675
57672
49174
9583
45168
94137
28124
1865
62163
67626
29100
83367
36799
42539
63814
96575
11061
75609
38388
64992
61899
34975
83991
40719
30937
65260
68268
85688
46281
69503
15436
46955
59575
54083
6061
13620
12847
70792
33077
92767
78564
7843
64891
32120
81228
49407
57788
86044
8060
78093
56532
8151
26939
98413
18198
71473
54111
93979
95030
8280
67272
91059
16796
80167
79248
2321
59344
14816
50260
44517
21666
13914
27960
6243
50716
93292
89519
46113
2022
98460
31636
65985
13405
33696
24240
22204
90384
1032
46174
52124
65260
47202
66906
23726
38432
8518
47377
37920
11247
36518
83554
62096
65155
45916
58918
7831
46281
76680
45625
886
57519
74335
77755
59245
35473
62787
28824
15052
70913
81448
75300
86119
49373
8744
93460
55691
20991
42163
47412
56067
86477
95113
29680
9005
16926
37650
54828
33124
90830
29756
573
94183
29929
70995
54060
15500
65370
11573
74514
24622
12178
85272
9848
40260
3028
69062
61966
65524
72319
69036
26963
72208
43484
95791
26078
36605
78765
37590
58239
95786
83053
8273
8702
69590
78671
77205
77671
65319
86660
20608
14805
12736
33053
34149
63642
40915
20371
26342
54386
32123
88192
72033
96646
77876
44413
61553
17590
69085
82036
8110
94640
39695
75470
76994
80776
46102
60626
6963
48856
77760
25696
47981
25038
79666
29657
95113
92391
64231
84320
49079
74265
72660
74230
4507
80487
7681
95616
72266
48723
77265
79380
19879
53825
59860
48756
47654
2157
36173
72399
28078
91187
47226
26416
89808
70174
49382
22031
76575
15003
7288
53923
81638
63193
51793
54234
80327
38121
24720
66416
8240
53070
35129
91971
64136
79311
16970
11809
4611
85225
85572
38406
80858
58116
69471
21655
7015
35900
6912
27867
37500
42388
9394
29289
76021
79671
86196
88411
86268
10917
48965
91689
36101
73634
62443
2177
71198
1488
47671
29229
92528
51111
33099
44014
83381
55633
75368
60637
37428
84800
83950
56762
77954
16877
15549
49015
90923
32119
85126
42005
26462
46378
36290
53640
13631
60499
44785
41199
71084
56266
50951
80170
16213
3038
42273
90063
78614
58638
60103
65268
99591
23138
28505
2476
9530
63849
29609
42025
76676
42400
33890
12219
54694
11818
97332
66304
92681
75577
16784
86785
73998
12222
70551
883
97770
63122
93258
80340
38151
91321
10666
16429
56639
93069
38502
69708
51333
38978
46379
44500
20376
61401
71685
83105
42794
37783
15528
45552
48559
90091
61721
33562
49780
25878
57433
2248
94171
34553
98658
28868
53083
49107
48943
95300
45119
26151
85520
96784
69046
65147
18258
52186
63407
56594
20442
8914
18681
86235
66126
13296
81505
2860
23583
24182
61764
10920
77831
35352
62063
60581
22795
3080
73959
38827
65036
55282
91839
70091
24407
56619
57911
50701
59931
34418
38369
33076
98028
44589
35797
17996
53936
56719
6708
46301
83667
35875
29069
22622
8264
33229
94043
31160
94172
35658
77791
784
33304
58690
9620
23881
69145
38671
40437
13208
63691
1875
19471
95621
34281
29613
93028
52502
12085
99446
83507
27079
36538
38032
89238
29285
66887
57120
94436
18128
12911
55839
35868
73307
93777
88134
55772
12805
98691
76369
11813
23141
32703
1423
87991
70154
93774
82399
75057
31043
80353
94936
82836
45072
99761
87795
52381
12842
94226
94319
82525
74680
86409
28631
26273
97040
94449
81582
23558
41160
12083
14222
3969
51689
66253
40435
53631
64578
92389
6891
22946
42458
46816
61822
37956
98923
73383
22411
11384
96411
14619
57870
87225
25403
22108
85096
99418
37788
73281
9005
13771
61621
63110
39009
61218
26585
31898
36531
63621
2423
92417
6445
4789
24218
29460
13235
75468
7971
60870
18036
57648
12366
39195
4265
82572
74135
41434
63426
89711
10017
34548
56419
96547
35267
19634
65197
60373
41393
55122
20754
34973
44597
29117
2189
20423
71264
61368
60972
4971
91902
32602
73700
90744
27559
50567
3094
88948
92310
68665
29517
89015
56995
23435
16507
91644
43510
19741
17562
31512
39145
10762
60884
81843
9465
77896
64611
73117
88814
93557
61583
99863
70308
30144
93473
52977
64499
91145
60022
21808
69224
51762
9177
10997
27119
70911
52051
17724
29984
74325
94701
68666
95019
74750
81986
83954
26742
48229
26935
95076
10105
42971
21613
74661
73343
95329
27335
39659
50544
7986
97558
12426
68936
88986
93290
81837
40631
3339
96883
92325
86424
43522
96505
72430
3487
91527
54288
64588
79090
27721
33613
57084
83309
13340
69287
55977
36769
14297
19411
8365
66239
28294
87278
23704
25872
1805
66220
18254
25505
75205
27369
54223
98520
24056
33521
60870
61716
97741
96976
75505
11484
6313
47424
18118
39157
95747
75191
69035
37801
51061
53825
80566
55154
88066
92282
85941
39876
49501
22891
818
11804
12906
4273
50443
31836
39218
6375
63086
11186
30867
56122
83544
4357
84096
53389
39736
64735
98217
31670
76567
18995
31752
50860
41085
71758
10634
54687
25886
52894
27190
63483
34074
52287
17917
52731
41345
20953
38892
23639
24994
36164
37146
11990
81820
66522
43570
72510
78777
31661
16803
75890
19459
64646
86350
69174
23980
10504
50823
76344
83001
28374
88069
50861
18400
90054
26848
21916
36848
26818
22963
31823
17617
61896
80598
39252
14078
15470
62436
91819
28214
24230
57732
29109
22683
63352
36041
70848
95532
42905
71218
71349
38336
7795
28234
29219
25486
59174
2460
7915
1510
22998
89818
86950
61302
92318
85487
37480
30215
34431
10830
70766
52869
52073
17124
94434
35983
93844
19648
