19611
34863
35893
53258
55249
78979
59259
43139
5982
39018
53634
96405
86996
84187
72671
47995
18761
99935
78066
58685
799
56036
707
77253
11507
64619
2228
98731
16457
17960
90979
57203
25009
78702
99557
4938
98507
30894
70123
90719
75837
2843
49968
82052
53986
89426
57097
88677
97493
77365
91371
91279
83984
34230
31340
3112
68271
52994
4211
80271
81966
23074
74066
20432
47702
84924
55470
28776
89765
23348
23654
61800
56026
35896
70135
85643
50865
51731
99827
49695
67180
55552
16001
25152
88433
45063
9248
95619
9400
23188
36793
65020
5987
90596
8469
1142
67348
62278
86216
20376
43058
15589
1034
15739
34223
47662
81516
85657
21876
73851
42261
89481
58587
99200
71271
22281
23118
71230
29224
64356
94434
33202
90662
49397
44269
8501
11776
56698
66345
80476
7885
68986
23
71819
55386
30511
91275
66737
58980
82983
71692
32655
95253
72144
19197
84370
92139
56236
44833
49552
80672
58446
30847
49059
71260
28661
7640
81688
30224
91939
91551
74628
826
52981
41571
77393
12862
14236
37843
51232
63836
60167
95408
47439
30512
66030
10390
47687
38249
71104
32613
26695
45208
55770
68515
11836
5044
14606
3170
39868
93050
63886
92267
69924
55262
37795
44188
49718
26716
99041
42795
62723
79901
88747
53342
10730
73353
43762
70571
23185
3307
78956
82879
2944
83456
51719
80062
62954
79354
82584
95286
90068
38517
94776
45555
27003
85383
63455
60850
98913
94032
61600
41687
47149
32467
31526
30841
53361
86974
49604
6837
70441
8590
53137
34654
87549
97336
6152
82910
63200
28286
90241
74613
80
90905
81100
86023
86560
69311
89996
54551
77421
50290
10425
45293
79618
79430
74407
48275
97499
60581
23676
57406
49707
68522
36506
36631
62757
66262
6012
1767
56119
39504
8986
30250
14795
34132
406
85244
26413
43095
46220
65909
5962
97768
55920
74438
93047
93692
77193
6839
27737
1040
77428
77841
21783
93643
72885
79895
62880
58550
53675
1610
49007
50251
24572
87158
5596
48959
97571
22647
8710
58509
77616
85436
86712
23999
68249
14153
59853
8025
19761
20656
91917
18235
83803
78099
48758
4682
73609
16811
6538
36745
35262
24256
99740
58821
16946
9589
3366
1502
51729
63295
27333
45472
85894
83565
17497
1214
59198
74983
62907
28307
99032
25571
95198
87441
49688
6306
38449
76601
61540
97348
10340
74528
72430
30700
74584
32138
31719
20578
27656
65698
55707
63328
82831
56985
49055
71544
21312
25312
58814
32171
35
52264
39392
23294
93889
14136
1836
88870
50650
14956
6214
54132
73383
18792
54646
30268
23091
69537
27670
89265
80183
11087
32134
74658
62748
28635
29102
29747
30909
23426
27131
48245
85191
61638
76068
33188
48505
86351
81844
81129
37453
80709
87434
27704
57059
5157
92505
69970
35242
23261
23323
25907
39813
75373
67396
96229
6244
17329
21675
38935
46003
38619
43239
44980
74882
39341
13607
86441
40406
83695
8332
56593
56579
45422
65862
77245
2786
60801
3335
48334
91306
68044
36647
4266
76252
87682
91550
61946
88880
94524
74210
5104
94076
82670
58901
195
31025
9202
83707
43219
91454
74196
20663
68915
89155
6959
79725
12386
10541
87715
59405
61271
80147
80680
76685
79554
15409
84936
56175
63752
59877
95695
71358
77584
98181
16027
332
6985
99347
32275
18090
37695
64380
27479
62543
32734
78200
97161
86021
26514
24140
99500
15549
82787
82903
37264
96976
22347
36171
79158
49872
47808
72444
33915
82410
35063
57752
83646
66916
57071
83008
2737
84911
45407
5361
28675
93402
73589
90078
17199
55275
84038
12548
93883
61768
36626
84050
43934
11181
4388
49095
54317
40431
49477
4353
728
29924
60757
39735
12700
86597
92805
42791
97677
64829
65144
20097
27805
5248
54592
14474
29500
58377
10770
67092
41945
98640
93118
15906
61939
13952
91881
7305
8821
70972
47604
63310
26158
53303
37321
15596
13182
32160
96022
84092
62067
90929
32376
30926
88402
39775
56663
5295
41460
30816
23946
96330
65524
73986
19809
5745
8509
91876
6172
23999
93313
53210
92387
26281
25264
91199
55357
24156
39398
85204
84315
95729
53135
61686
63697
63361
97053
38525
39864
84804
53402
86140
96277
39068
41628
33339
51020
84309
13395
18216
96303
63811
97927
26636
11358
73644
46172
47612
37895
37896
58562
84847
3869
83927
40752
87814
76094
11677
82088
37441
87658
25621
77321
45854
11919
4191
20751
26967
43636
48529
69633
27795
68055
9243
37227
22572
66156
55413
60269
30181
34673
94291
66132
85644
83929
35758
49760
13160
29716
54867
31011
67822
7657
49038
25716
67880
39290
82823
75985
16486
25625
54231
41021
98712
71283
33576
29318
64069
95230
32208
69525
33160
16360
91832
42793
66858
64443
51794
60451
36790
68095
2056
21119
21903
55239
81638
78636
99273
2899
47251
54518
40390
87991
48116
91824
8418
45299
19816
2192
92424
8950
74261
34548
22093
53654
52211
56922
42003
34413
83681
7508
99881
47622
77229
74989
12275
75621
49614
83318
86558
2020
73911
76686
26274
53050
83040
66265
91274
11153
35112
23651
63657
77068
23980
22085
68128
36313
66793
74298
99605
21064
18595
87939
36942
81268
91123
36298
2027
56498
10174
37076
45898
93365
96614
5637
19414
3875
90808
34500
91315
58641
2744
93491
65445
81748
56045
14011
22090
66726
30414
26957
22043
71926
18162
86049
16632
85327
21514
54323
96318
7555
95845
5087
2273
51144
29777
76395
51017
87585
63475
81620
41005
30446
97112
74843
17872
47254
47603
5887
76280
25806
65900
33952
22718
84353
52686
29300
88097
79092
63058
64663
11653
98014
22462
92015
87988
31550
92688
68240
32236
74637
17878
45598
62450
47188
15140
69946
34761
9132
90458
14037
81692
9631
10890
27801
90180
54667
67978
31760
84333
55945
54322
56718
44360
23581
77941
33442
56213
15782
97790
10042
79256
68659
64913
79799
89906
88374
14493
60277
89771
18068
45336
52731
67852
18099
70577
56363
90663
9580
96714
6321
83657
28211
38875
71580
33854
75728
173
40453
27752
56541
70864
40472
69418
35853
65195
17389
23679
64098
27309
55417
72580
54113
42646
54568
20692
64348
57218
31363
78900
37537
84803
61252
17651
34748
65471
94149
40314
26241
6751
49227
97987
86612
90328
36258
69304
47392
49035
51844
96261
17386
24529
91843
46733
4154
14405
92737
81593
38612
38017
43415
33371
49650
17760
88070
33215
27179
39569
52948
10105
19667
77588
83004
83731
560
20928
99167
47345
98335
14718
81620
16150
14406
78033
36749
33843
15439
2585
99030
65477
60022
87531
90881
27297
28927
85901
83347
38258
52291
37263
48005
36777
89522
69962
14036
87916
58919
28962
81837
72844
75022
85619
59593
62575
75235
88755
32044
74008
76241
58650
62749
66583
2974
70328
31981
50674
47004
54931
3496
92178
16114
29823
67088
82619
28854
71762
4804
72008
12284
76779
30109
64621
656
69084
55740
56117
4996
88334
86205
93239
94506
21476
53981
43614
98837
83614
3220
29255
43365
60316
82334
38575
43432
21138
48810
40654
38318
86467
17104
3055
12837
58242
94818
58120
99385
52291
99237
16659
95640
22991
82974
90861
65401
18436
36104
72911
7583
22977
70789
65563
10364
76249
13397
18044
86327
53429
19978
11358
99351
84632
61459
68930
42250
74479
28172
65330
92229
63246
3794
12740
21333
40226
41301
82551
4200
95359
75351
12415
95888
2620
36680
90612
44434
3160
980
82642
7376
96993
70399
61848
97662
22201
77043
20753
44920
42438
54481
69923
32185
20245
5734
19618
10793
68403
17144
41518
84086
61989
36758
69461
13846
49563
20138
56608
58663
79109
31608
17326
10160
2281
1833
53968
10039
30236
52615
6386
75487
51298
56877
67834
86024
63877
65817
68478
63201
18220
26327
883
12511
93414
57801
93011
70004
95411
9250
4682
53181
37468
74173
42585
80701
92243
51984
56749
50461
35936
58155
15684
37500
17531
62128
87660
86827
97253
99752
75866
2687
57543
90084
39093
4249
23952
22118
1093
34355
71423
43741
42431
30705
54295
44400
18523
52494
14679
27669
14108
91856
54226
23940
28144
59542
25514
91365
90444
68328
85467
82770
57727
94883
88669
24959
36265
92344
64663
60556
26022
61364
12214
1847
49453
75704
49110
78239
91732
15666
16748
73019
91376
22272
66180
15622
7572
84129
92993
69821
71386
57772
35612
69810
99406
79762
57685
30882
86463
72403
45854
78090
37181
89771
84384
21590
70868
85980
89644
59293
35476
74040
17468
29432
22476
75148
46922
73331
26305
59125
22001
43793
10512
30157
4502
7770
66720
40092
68219
68830
88111
12389
70424
19995
77139
87539
19097
791
72611
81976
88520
12870
1120
85586
65492
78467
10097
44559
67033
34598
99999
14194
37749
61892
49646
61688
52960
18403
59472
9881
42621
57901
28166
84977
41700
56530
80140
76473
16560
87635
11932
16958
41663
93614
20854
57612
98620
33249
70874
14828
2956
20137
9453
71241
20424
84437
42143
85570
57557
29636
30236
10749
6584
36816
18201
33570
10348
29284
84602
48393
95277
70586
73491
56993
98717
95846
10631
1504
91545
59261
33396
14520
68857
81099
76383
11312
52519
54510
63286
23732
94680
88562
53718
70301
73428
7625
29139
36759
87986
45394
50126
7265
22521
77777
42537
77116
75658
99188
77247
48394
81395
19131
2586
55585
4873
81537
65364
97740
38330
22304
49986
5994
18153
47259
63994
72781
41749
54286
90602
77586
55201
91521
8351
49187
62689
9695
68430
80628
36796
28363
59749
47320
70059
93738
21011
58492
52146
19720
78683
52336
98330
51237
80500
84758
51894
79727
67624
58629
34568
96666
67713
6254
50016
9052
21638
23886
40618
9029
29108
79654
13213
35517
88643
84815
77710
41734
68781
42411
84546
19556
73724
21815
89473
35957
32257
92894
25984
3779
64468
66232
99925
25356
63058
66718
13482
13758
20692
12417
42675
21358
13840
12067
34835
62225
94573
58966
13106
73130
93161
6581
29183
48939
49655
38179
75351
36174
65996
18749
4503
80864
33135
60689
97322
26494
88359
83136
73347
21084
57867
28049
69323
86186
46423
57168
32256
91786
18097
42651
493
37606
16867
7694
63823
38238
43647
24480
81703
10053
99889
97267
48322
69910
85756
17663
47716
63725
19425
21170
59832
55579
57030
30741
81158
92646
66447
66052
29399
13143
64136
47164
21537
67576
34840
50586
71253
16475
88375
3366
45532
69201
50583
70220
17860
73566
1385
11106
9117
28236
37296
66858
73753
57123
41412
25111
25115
91967
29982
61495
41630
7678
55066
85015
12948
29870
79405
8154
17085
6047
64484
52454
88005
77603
44274
51841
8254
57205
68433
5467
54202
60022
49257
25829
12923
15969
16806
76355
44503
81420
44579
35566
21188
7364
5844
11778
43952
4320
14244
22224
51299
48781
51
66716
23960
94932
85783
30980
86433
42301
8037
49455
73051
69562
96421
41661
54980
33913
35496
96510
44537
42919
13417
81602
51367
74283
75308
1595
56742
33274
46476
61549
59445
72323
63474
64757
79850
72370
97780
35039
85178
40870
71934
14480
90808
50183
13915
59506
13148
98769
93262
91492
29161
12867
84641
45913
86979
35063
41809
41426
50797
4005
22790
84974
72644
22166
32067
34446
42752
84441
22334
17810
26620
60992
49325
60272
68522
25627
62494
44810
44903
80180
79103
26721
1683
843
85780
52155
58422
20893
62862
42590
34203
22687
11082
10010
46979
45095
48230
28361
53491
12551
54215
60424
30553
72679
18512
357
66875
80339
93543
48201
18911
65306
39435
29939
1661
85666
32143
40567
54175
26711
79428
79202
14347
6450
10038
85660
50688
49561
43983
69262
62517
14166
12836
33394
85198
53170
29754
81176
23630
69477
27674
51848
9679
37982
99647
60777
86212
50573
42678
64854
87192
21021
96905
45554
54584
6187
46602
6420
44775
88076
50893
23773
88008
52139
14637
96136
3230
77938
70649
8616
71595
91971
25100
50519
634
89721
37422
55503
54922
85984
77510
94692
99343
58605
63735
18978
88906
42849
17561
44317
48482
1845
65231
37479
7664
5595
39621
95493
32479
74937
64552
31222
59801
48634
17243
74106
68461
86901
69635
14035
51375
14037
74132
19129
43133
41765
63884
15314
49467
74862
61298
6294
28468
14113
2993
14548
82379
85161
51624
85336
93223
71043
16510
10140
88120
59698
53183
6401
16161
68174
81093
45173
97044
1863
11616
7830
445
75843
56595
73914
61273
19156
68525
99672
52404
94322
91001
70297
15433
78996
47716
93013
33293
37078
22680
40509
37954
77883
3401
58569
92383
5786
59782
98768
23191
98650
56520
21537
7186
15042
60396
98569
63965
6933
94051
27469
47559
85898
27399
57606
3857
75510
62810
75102
82013
79361
75323
69516
35779
35027
8893
49909
14527
27319
24285
44992
7067
57706
69915
9986
36787
75862
91037
42446
15875
49091
16868
49636
79385
23002
98873
4208
67675
40287
35574
39376
96380
22712
76985
72818
17857
56748
92649
22445
90316
38072
97534
85146
39869
81095
47053
18479
51368
96015
15432
4218
59384
17869
62005
25808
24701
36679
82310
23801
15283
11343
26319
73250
86280
64528
96427
23184
64475
80336
59776
45889
7028
76767
31589
14353
70003
53731
99209
42296
37032
33224
78678
25973
46065
84364
17258
26662
23502
28843
953
66875
6550
59190
76828
14688
31732
88136
49098
82625
66175
28744
1470
64574
4219
5442
34277
16456
28591
19761
48810
55051
95477
97772
94865
923
2791
85018
81456
43676
34363
51077
96104
15024
12883
49067
93570
54482
12241
56401
29658
53939
66495
99307
16470
25048
67417
2674
36101
29960
68534
10967
20227
22880
49533
3910
29147
99644
73053
20583
8095
46813
85775
25865
65013
87798
24833
82012
95469
13190
88966
42930
4989
35078
42708
86405
1543
82081
73062
80564
18279
14716
6905
56738
56747
12340
64531
55
95876
74264
86572
17689
8928
58802
9295
51836
53847
74778
9988
55600
3317
67459
2569
18775
22101
79682
9591
98678
72236
76625
86241
47688
96232
23211
70374
24135
60672
53951
19488
68655
71169
70688
87346
72660
15474
21167
39751
45158
66353
81976
77841
79267
53637
53377
83539
6282
34934
73167
56142
26710
76698
12384
60664
81553
58843
78859
7681
24419
19603
75266
54137
50067
75575
73697
55860
9793
58201
68442
21588
15602
94468
37912
80599
4466
50772
94449
17493
21186
70549
6668
41498
92098
91512
81405
27063
44910
78220
56523
85211
42364
86887
27323
63631
89243
86864
69612
69693
69588
93028
79733
70791
44052
42098
73541
3842
23754
56302
95294
97947
78398
64746
34007
21392
91845
8429
47551
20514
43469
97490
3552
40802
62638
30186
20557
40278
69861
88301
60831
34834
6017
81084
82182
2731
96702
85109
54549
42366
94958
55485
16374
74650
92092
32798
24401
54377
771
10341
39092
59708
83418
65752
19708
4595
16215
33619
70597
53909
70868
45195
43723
73539
75677
52893
50757
49088
23323
14748
59964
40604
63531
28909
96433
59159
75613
35369
89961
93169
64609
15121
67686
85479
41753
50061
58077
63858
34291
16727
74476
77013
72848
40018
81045
62809
8770
77407
35297
94147
74658
45278
19466
182
6487
44532
61323
35716
7326
39200
85267
6833
31345
12080
46047
56294
98051
6670
33814
45759
99277
84823
86941
12484
49381
79509
76173
20255
9491
28524
76537
45280
62944
23412
97842
43201
27347
15319
58825
7798
38877
29816
26852
1285
2890
68253
62160
35759
62677
93699
22469
58168
64202
40217
48674
75458
6211
92813
43678
78653
11897
39662
18879
73383
35996
5564
56608
44925
76348
11997
8053
31523
25915
27619
74603
35178
5349
82160
52902
5492
696
94363
18699
33685
60145
27320
97293
47861
83829
96971
90455
37186
95552
64678
1050
96409
88025
4222
91312
69903
60945
18000
79266
56934
77309
42681
54714
96960
41838
2628
98700
73338
15906
2218
57206
92220
35049
46197
26525
67129
1864
70005
26976
57322
89249
73716
75135
72602
95077
335
53679
35481
82767
99105
99104
30495
46760
76517
79734
28836
44687
21491
26264
43182
53376
83157
92371
6027
10605
32598
36482
23448
22022
61005
65339
94581
17493
66014
81893
48877
9647
8777
34974
82758
9638
89068
33423
94842
32445
25971
1056
17714
27436
20502
93453
88193
48857
86566
31381
39164
13960
41044
60827
38867
38426
43173
78625
55531
46851
52207
26147
31211
74616
91283
88162
67303
44679
72096
20028
48395
4127
89603
40098
97894
66776
84063
24645
82080
88917
58615
34224
52063
64687
64638
28324
8862
9892
24880
1479
19804
35968
47927
75294
84064
52332
87450
87363
57240
4267
23595
52306
73532
62198
93142
22327
31443
47454
34471
71825
16279
31961
26558
31723
25023
67894
35510
28115
13901
96787
88198
85163
36020
49029
44603
70421
66436
92253
59097
79544
87916
51833
11074
94667
96062
28170
11768
26771
27561
35026
16821
48167
33864
43113
35654
27600
87122
48088
12955
26581
52787
86203
11717
27347
34342
368
72579
74283
55373
88868
74711
88243
25929
47886
46283
43549
99827
68015
94539
36777
55853
52628
94057
25961
78430
39701
86695
12990
76956
76767
99715
30846
11190
18071
15727
35420
14454
44343
13
68880
13581
87157
19523
90511
90425
43107
96405
11846
12778
37584
64065
77580
43951
8271
75708
92584
81678
3178
8492
8461
43451
85980
86571
86022
64646
10109
19585
20392
88425
73069
7102
35375
86501
80122
59072
75408
77179
57031
26617
58461
21014
79254
26546
89397
93897
5739
8784
75160
18652
75722
16250
4635
88316
71945
56102
21513
71127
68804
88148
3896
24279
53672
9364
17098
98236
44615
41020
68030
69956
44474
88705
89539
13496
37340
28380
98646
52253
30975
6902
81201
50595
63750
27463
53664
93522
97483
17989
48684
99101
74022
45329
42574
17311
13156
68297
15260
48313
75776
84289
46946
17612
14818
94302
37286
70375
81402
23934
78040
29323
15716
42235
66469
36885
74040
34846
99165
34723
51363
37873
46838
10626
79109
34057
72891
48514
59751
1388
81027
24566
37316
99586
87096
25787
50042
63738
96928
49478
23083
12485
56762
10382
24815
21639
28220
32751
63100
82248
20796
30173
48952
82466
7968
91847
35785
37612
19063
66698
46334
83608
51559
12022
11997
88769
60986
35168
11688
30895
4983
75911
44574
17100
2917
21375
88844
66779
21317
51488
39129
94989
33598
49989
56322
78856
96936
20115
5518
79989
42751
6681
49689
69042
44578
67225
53776
33639
84387
77229
29944
5228
58472
31969
50275
16211
16198
16326
88283
7082
49034
77459
56208
815
6792
77442
10329
82552
50408
38183
72285
47896
5055
6065
20145
7121
17425
57513
29744
17375
6479
29306
69006
88788
47349
99805
88827
17737
93419
92288
28623
30333
56281
36819
33350
47682
5516
99849
99380
71652
87022
84001
79359
89474
42276
73839
35397
61769
37705
40352
41584
38557
7794
11900
66147
32418
72007
89465
27827
17160
95532
14564
30603
52422
43135
34195
33081
71575
29201
12652
59998
17200
63503
75244
41667
65567
6888
1283
34449
94782
10885
28841
49517
33586
59143
12221
78295
75906
85732
40552
18720
162
70690
35675
4586
58709
21396
3964
23814
15666
85860
837
69418
98614
59585
28565
55882
55517
72463
87993
54183
26025
83326
93924
32391
96627
81264
57461
621
17097
30407
41824
94753
12814
14797
429
14072
66519
97537
21503
77599
93930
76849
83120
39072
57926
49560
68381
59869
92592
26785
21436
32800
97440
40511
46595
84303
64803
5948
13664
45306
73180
33479
91967
99165
65367
60426
48854
20841
6111
1893
86364
47797
30707
65869
40198
24366
20718
61613
44216
6324
80916
57850
74790
16271
1837
5029
49843
74930
66055
52635
7175
17935
53482
39410
36828
88712
20722
58033
77575
10494
90480
4724
69509
6736
70144
83422
76217
70866
77687
23474
82977
48258
46934
50455
96053
64933
13823
15030
22132
91585
85859
27093
29129
63572
5456
56859
79011
48974
95781
46144
54672
48839
36877
11240
74356
10160
35188
85659
71873
52302
12160
50322
40526
36039
19730
42668
28133
23827
16672
50590
19710
46227
92559
63388
60470
24435
60845
31568
15992
52938
7635
96207
20639
30266
97632
31912
26967
2807
46259
21088
5287
83622
86818
81973
94130
81531
59043
51360
42724
56154
55229
92653
77943
69558
26655
43862
17505
93248
17780
19699
42223
83191
53870
84999
33636
86223
63708
2952
21120
14027
57363
88842
19906
27757
1941
45189
8386
75425
76488
26545
21706
93373
79296
79898
35852
65364
97212
5493
58573
74982
40012
15305
97442
25078
34739
25423
98780
47144
62449
26766
10230
81707
86842
53712
34173
92686
28490
73078
28951
78062
66636
78131
54464
10522
95726
94248
6178
99144
7854
97443
99904
63472
19959
22123
23950
76472
618
6213
24623
1135
62306
39982
8596
91206
59172
96619
95958
21344
78249
48943
86
4330
50221
70586
14903
40814
37518
68861
22062
74855
60784
81472
52466
75189
37809
83090
87398
79274
87668
20610
91746
41491
60660
96230
22889
42462
21354
33619
80760
81756
69548
56729
37144
75356
75756
6127
164
63194
33128
16823
12830
35422
1122
10893
96055
7954
22642
85247
28608
33861
41539
32997
8518
88905
89162
8268
3997
42725
42943
33302
88020
5966
50472
87897
40632
68182
70221
49780
95401
98443
66248
12696
68429
54309
31978
19129
80319
96104
55903
25650
77385
87544
29270
76958
70962
37710
65850
21957
38732
3938
18768
30114
66020
20272
3051
48268
80553
85833
41277
83066
45565
16197
6682
67249
97231
57722
10112
10526
80562
14671
65956
38896
50418
29749
3005
49719
23138
29598
32893
21797
9798
88509
81684
92293
48961
4599
36119
43998
72470
69615
60855
29235
80954
1278
1123
62824
80245
14537
1565
538
14344
74588
77359
51087
64216
63656
23822
10562
68123
60393
51660
58702
40280
93226
71971
75088
12048
46220
71108
55443
76695
41602
3408
2905
21778
6293
12692
65244
50777
74875
23944
16609
8318
5608
20400
55552
52741
8617
16651
22043
51166
73984
55569
58849
69445
80356
78564
37000
99192
53712
21725
34326
30358
19961
54143
53664
19898
54398
47174
29206
92652
11833
62675
25317
50967
48053
82445
35929
41949
90129
78327
8727
16018
27062
14580
82706
57018
80464
3840
6280
88211
13358
79906
14521
72324
56713
10856
3643
99198
29997
31337
14665
48649
20769
89708
31398
4318
98027
71464
53789
70125
14636
93218
48274
14661
6325
995
54588
2772
76353
16037
50201
2204
60791
21364
40820
96364
83815
87849
88353
72367
19503
50355
51403
76049
95337
78928
67999
69622
99590
77005
20999
65362
45913
91071
21657
68505
87642
11812
36505
99325
66346
459
19579
73060
26329
92361
84284
22710
87
43153
60722
21341
56067
78452
63349
94411
3624
21456
46605
90932
54131
81747
89342
64640
31944
46733
566
96425
72601
70550
97667
32955
3543
27637
55746
36957
19573
9571
85104
67462
60537
39260
13470
29055
24035
44476
61565
42437
99167
26972
14858
3756
75007
70870
65891
16631
39979
47029
40982
6172
14233
78525
18939
69591
38390
97184
81510
90292
65068
21940
39764
43410
93891
66421
66331
76522
75341
32694
86741
76606
19250
6261
68831
2628
59811
22850
53684
69624
23882
56996
27285
98232
59040
22392
5894
52992
34042
78595
91157
51632
40154
5116
94214
98222
1398
82635
65010
76565
61359
86220
29303
25543
87812
68471
31241
51145
75906
4076
47157
29247
99005
68537
58642
30080
81479
61111
69184
28866
44760
15655
40937
33256
80749
52483
38734
97813
66042
633
94885
53419
25408
14670
66183
72681
91050
90407
39233
16039
14832
99642
45176
50344
62089
36023
60560
91150
42178
96357
65093
64427
13019
4511
61736
67518
74492
13638
49927
15400
2281
99403
26991
88646
90633
71104
63923
59368
57463
57763
56362
53749
99170
85968
46249
88979
89122
56806
60276
99676
33053
50945
92344
53077
2472
57812
39241
79703
63787
67559
5229
61967
36992
72648
94708
97838
18354
90424
72681
23832
79836
17039
9298
89833
80649
28861
20401
88221
29009
78061
70372
86581
66731
8631
46920
54606
76819
98890
87601
22947
74581
89635
89935
17672
34775
70419
77224
51099
65784
81740
72073
65878
43319
26609
68739
16132
21656
23568
65568
779
61662
38576
68624
37582
20787
78857
91498
99416
1980
99441
30735
11144
34912
76937
82550
43478
85176
31636
4408
31669
11527
87498
21524
53883
59851
96428
18859
99937
61045
4566
81057
67060
90129
51854
74048
21784
50447
70096
8026
18764
65014
64134
20419
63958
57493
53939
2714
1565
91169
45553
10665
65345
39823
84599
33609
12199
23692
35960
3615
11146
58029
80811
48045
36822
68109
94427
50937
40043
20004
73084
83441
87105
6612
90889
22709
47020
78715
62956
8744
8110
33321
7010
98884
6711
64981
38657
17771
11766
58934
2958
85219
79631
66878
16168
16998
12649
84591
37940
4628
20781
21379
56498
96300
16981
82809
65718
96468
12412
17910
86229
7372
64846
41194
88728
58790
23788
51753
3519
77975
18544
28729
75737
74668
91177
1256
53916
8793
22637
77111
77996
20492
59549
14964
75068
68158
95387
93323
57611
77797
92840
15194
7304
63331
52213
78262
87194
43033
58902
48744
31229
86182
71011
13451
89008
44035
97030
85131
52826
5602
25273
55962
98917
9806
80838
41488
40264
66057
77282
70405
20472
26216
91416
42348
78394
41706
67875
33655
23927
95051
14286
45701
53925
97809
2045
58725
23002
6724
2814
1618
78038
10635
34717
16485
45563
66986
30695
75461
36405
93576
30553
51052
18666
22899
2302
4073
57538
30502
30135
96612
79497
74010
36456
30411
27391
96237
2193
18575
31539
18963
27928
16410
18949
1235
62979
25474
96387
1043
24218
84648
92536
55076
28399
80897
25782
23979
62521
70617
67732
18367
29108
44725
24969
52623
95297
19650
43393
44903
82347
26704
47116
37996
56936
30883
90855
39568
4380
91750
13618
20886
19959
6388
31093
39674
40041
4605
45305
65454
93519
74922
76029
29214
56757
40720
52690
58680
86922
18241
31367
73738
18166
56732
10274
35318
13537
71426
36386
8254
76273
54253
73773
64743
11858
39732
75426
82682
85336
6107
69147
75266
6915
70374
32385
75966
41879
48894
23294
53676
95078
60532
12354
78222
3345
16435
75572
88273
15578
8741
49991
64015
24229
38371
59039
82371
51865
98035
32428
36814
20968
56854
89740
62668
37708
63125
41993
16563
2941
81677
46968
57852
82397
77492
96498
2660
55651
30995
60683
55360
23470
2714
20172
70026
23593
68321
53481
87045
33568
29020
43147
88884
34932
5588
39258
30035
38049
95481
47362
99980
59369
74401
44945
54047
55370
58574
17015
52438
96750
57381
75283
83575
66325
66914
79155
21576
25203
10240
1763
3712
23691
98312
2632
84447
3624
62362
50131
1980
60487
84788
63945
28625
97851
23971
1175
67330
89081
76619
94677
85009
81865
4455
3973
34829
86804
10366
44968
63462
18088
51123
67031
27555
14766
9983
88708
55572
9009
30390
1144
67113
23295
52643
72870
25193
65779
98262
83360
48575
39053
69326
63774
11521
95398
87225
60531
31680
3973
25135
63717
76623
86214
18165
48497
32762
26395
63664
89328
71071
85324
36885
76743
38713
79638
36637
13132
54641
44357
6206
64923
76666
49421
62963
23257
58888
57178
43483
96664
50631
46865
84075
85647
43004
40802
11880
99798
34654
87737
90935
3642
30844
33091
98948
6967
69325
90926
11269
72326
51261
47408
69106
32481
78263
59840
39951
74809
99742
56157
70331
2031
90187
56813
95095
71755
43583
68767
88949
54946
21558
2837
13187
83178
88915
20949
66373
38567
14203
37133
82307
93628
6819
4213
97041
61437
12301
79268
36237
79288
6151
86725
31976
41893
53300
933
48123
51568
65240
31831
22981
73355
14340
30998
80170
31700
99109
8160
42892
95349
18980
35107
48903
68641
88120
5196
53124
19080
14331
44112
16417
75733
81207
24626
29621
83995
94431
71848
10401
52116
77612
20929
71704
20497
54103
98220
50643
58456
33815
16222
11289
15242
63564
16743
61798
17270
61897
2027
86642
57543
98369
52876
55642
79104
83028
29724
30544
82620
43558
34030
11633
58326
18090
20389
68093
73846
25125
54491
5076
42153
83971
63521
96660
22341
5941
20120
8577
48685
59913
76835
20426
27694
78589
71748
29785
22140
16295
83985
1527
18421
14357
90099
76657
53995
4156
53272
47373
64777
15063
9466
89768
17734
72615
67460
5817
50736
14053
45437
31573
24411
85612
52237
10382
97190
21892
93873
19203
78777
88437
62619
74241
8710
78177
26647
66052
55732
21657
67470
1460
12588
1276
24251
92052
9911
87989
91000
23653
60893
93655
13710
11150
84081
81968
23782
54092
13250
62327
42203
50525
19436
60238
59855
19881
18138
34715
30582
14210
35753
44027
39438
13372
84054
48162
64839
71292
74950
72808
22396
69138
72859
62366
56338
32230
81508
91841
35710
64880
4758
90108
87020
86977
29717
92742
81043
15027
38724
55860
5582
2895
26921
42291
20397
66507
30666
3798
40198
5474
76941
35169
96063
51407
6599
25522
37979
34148
42218
41364
52787
36259
70550
74826
35177
7754
46501
92890
59582
42694
56174
32739
53771
61369
54905
86157
71624
37908
80114
49719
87034
72812
46861
8798
64119
95077
8027
40904
83084
66176
91087
68920
29452
48343
75488
96231
74465
1075
29335
87510
77858
57276
27009
93553
26720
41219
99627
32497
3403
37700
26966
72002
73778
73232
68586
43621
41082
3234
5748
46694
37784
73108
50383
12793
60673
6107
78949
60234
80856
47556
42445
24724
95272
89236
44873
39473
84595
27306
33140
21607
61225
49175
45079
98921
181
31067
5576
11033
6677
15818
36029
40375
46497
45438
12382
79242
12504
18994
11030
348
45015
71095
99574
73745
28922
9791
55415
55160
70837
87737
47592
3896
57173
7815
75171
87041
72399
39785
78583
8889
84360
63816
89354
160
96762
10010
16985
33230
77710
3744
8111
14174
52655
54344
51506
9022
58700
56193
16772
36414
98830
70836
33727
70806
82664
64235
61870
69978
19636
44478
88699
68859
51980
28009
53361
21509
30220
6223
26671
35692
70244
16584
23242
73533
3935
41009
40674
50700
56285
8586
44300
44257
91086
79540
5873
46895
13352
24564
24352
48978
32896
12866
44828
29353
5574
70532
70454
44712
24666
18792
58601
5798
18185
38513
52466
49803
11477
13363
53077
49671
79270
4383
3124
19168
7863
81890
28309
9535
50830
50309
19155
81372
69135
74907
47231
71192
23578
56426
72989
14444
49131
76511
76734
2988
86121
52624
71802
78346
39434
49306
30204
24565
74809
31782
89298
7017
95557
79051
66858
17524
63228
52160
57125
64097
76736
5191
55912
67185
9225
16002
7335
30399
99393
36872
59004
93495
49490
20233
9075
83532
84663
51720
37971
45183
98147
98435
64651
95536
46689
90252
30691
21092
8804
91162
32221
67226
33815
54539
94333
40362
39236
56923
33215
92690
66551
10324
92156
48425
26887
39706
74903
4241
27293
53414
10136
69992
32975
7555
52689
70410
98649
56229
39012
85205
89773
85714
88664
98095
24905
68073
8801
69592
12975
85499
34565
29084
45133
63560
62665
83899
41740
48345
7682
19014
74400
2645
87649
19533
27103
84528
18872
68529
53270
79921
49061
65222
80187
55763
12153
27110
3299
5252
50588
34670
32307
46485
78010
92974
15635
81980
62529
78962
20600
99396
40777
36141
50123
31342
34036
97429
13721
58880
72122
17574
70821
12016
9428
13173
15294
97873
4197
69029
28894
57429
56135
6059
38166
50095
58152
14529
52289
97840
17008
77812
2615
10448
14086
24543
51070
81906
7123
66947
49225
54209
27803
95242
65604
61603
87391
48570
60018
52865
13080
83773
42053
21312
71748
83100
61621
50202
19647
45761
32819
96536
25453
2344
34578
70683
91833
85742
58433
31724
50524
78172
44816
2637
6129
46702
6230
1263
76314
58864
25107
89732
90549
52457
87873
59255
80810
49632
34199
43042
51189
58319
16810
88682
51073
58510
98272
1967
21039
54138
78108
97263
45516
77401
63704
70329
39381
61451
43179
64791
4775
21087
94634
61347
5114
21196
82188
28886
8119
63756
79275
5337
58522
38049
32742
53384
12102
72594
46813
70433
38174
64167
7886
78962
45623
60612
49771
69940
95126
5353
83784
77512
78285
59943
75993
76701
72301
50816
32849
45682
42846
32110
28968
1994
36845
84092
80050
45963
50278
50817
40185
81205
55080
59627
50753
55700
36772
94835
55470
68650
57023
12103
62550
63955
90363
19628
50964
80663
21253
76644
77014
87070
65881
97599
49130
23777
93772
50786
93614
28927
34863
45549
73839
63727
57615
99631
53415
81351
55332
8304
59787
45222
27654
44873
25993
92767
41527
97175
40026
46595
90283
14349
86776
21298
62152
14234
39776
30996
43246
27325
34410
25586
54709
18567
45434
38130
2480
48133
99089
91739
15284
60668
40677
85885
50745
26188
62863
63664
37875
78051
51525
97279
81861
19095
45239
58976
46614
79588
12381
90949
44325
68256
71281
28765
3077
82967
37098
84672
25855
87349
60102
73848
40434
97883
27563
46859
2210
43625
95247
90068
71560
52602
8902
51203
32725
41713
97344
26384
11655
62556
86639
37070
23200
94627
59646
55210
56985
76569
49275
98425
60047
68172
13007
86777
65962
64219
11465
98910
49446
93676
44686
14444
41629
18460
16210
50118
32750
38083
98619
27339
23371
12716
97122
41744
43254
15608
80152
534
26191
15473
84868
631
9291
71
66709
50230
90205
52526
77818
78408
83192
57325
11327
77948
10765
55267
60667
99993
50937
15186
9556
94500
19876
58583
90659
52423
95097
15512
4658
26132
16787
44540
55806
68069
90713
97662
12647
40729
74408
66535
92390
62527
83417
52192
2577
75476
84298
2021
53768
38601
86025
42339
56948
90207
45698
8313
72436
50975
41641
36589
35403
83534
15972
74191
13060
79136
23705
65640
29718
47752
25936
32406
6625
47563
96842
8972
49415
34443
21766
69844
61432
58635
72045
21944
26850
23492
16131
98871
66962
45523
18869
77236
75650
65031
16614
32035
43935
21615
70331
51236
98018
33174
11477
98619
62798
88886
89233
43264
51242
29636
3273
95704
89142
66209
38579
86842
75660
71682
5981
16197
38050
60665
95897
29648
13778
59745
36370
40507
52215
25341
87499
67319
21464
95669
58525
11528
23726
6748
52981
71512
30494
78274
47032
63901
94909
14430
9650
87437
76644
91751
17622
15959
67475
12289
26354
6975
33215
99852
21610
85729
10421
94056
7206
7354
66798
22725
72942
71820
40273
21266
26430
58217
50136
18293
39439
43314
89278
35662
53783
39784
17620
73400
58821
49148
74831
72678
82115
36002
92257
25819
85080
19023
651
93346
54229
68566
7052
87455
2096
53720
73265
29420
12606
169
9304
79657
63876
4502
26694
21485
18241
75117
34253
76497
92262
52349
72004
3169
35634
26955
83731
15212
42889
73851
11955
87045
34857
91621
2120
66860
35640
56419
22342
98572
82576
59933
85702
77238
56345
99621
31986
93495
31931
57660
73573
95505
74703
74997
94958
78759
53199
94110
47053
65532
80757
24070
68267
74978
57989
35719
75693
2094
51750
5714
58050
87209
89001
46480
29550
35067
17654
22716
43871
95671
34823
95562
25835
49747
73470
16260
72290
8949
67867
50708
35589
17526
86723
87730
70934
50328
39554
66102
87036
85842
36145
93620
43718
85573
67839
32272
1847
68257
16500
7029
48795
83893
94661
45190
98706
49972
45042
90855
87496
38565
36062
47235
37114
47595
70730
35013
96048
25206
95358
81181
61005
81170
56403
88056
7699
16985
99634
71564
86249
78293
39540
78621
17487
36226
43417
70634
67774
26566
77609
95189
28821
61033
9399
21770
87160
58930
21498
76703
98737
39717
26358
29671
90500
25052
21759
3813
13098
21219
84518
12016
12462
81475
84691
51866
72126
56929
27156
42109
76591
36315
21345
98890
65517
92815
22880
77662
23176
15547
67700
41089
49733
57613
27984
68802
9558
76441
9681
31509
81239
3423
2277
25916
91904
94922
90445
60205
21831
38040
72594
97263
19245
90787
89444
76326
79025
66974
31549
30705
79187
3422
76646
84161
22512
31469
79416
37410
18588
15897
16258
95624
57223
82980
2757
26400
63964
95158
29636
52242
76392
61271
15728
30252
91491
14133
47170
81897
53811
40453
46316
98540
72746
77332
57416
81554
7044
50381
56541
37798
85291
12715
46296
53796
66849
68735
12630
69635
27475
75956
50634
72253
16978
78616
3942
91621
82348
84289
18037
24708
30113
39389
45746
12384
41199
2435
29787
3525
24546
16152
30302
88459
48875
9591
2288
1838
95938
85306
45862
44779
14939
9434
26405
31375
39919
55829
33866
68561
5473
58917
31480
29521
86139
32657
79728
94597
37447
50898
21859
15547
21555
99016
54969
8184
7271
21158
55978
68040
81001
50816
27645
54252
98288
57264
91635
33579
67971
46714
39364
79913
49533
22840
72257
19765
48108
99323
44244
4662
63830
77743
64142
53222
54611
55362
12182
62363
44365
16067
91869
26729
28337
64544
48028
9122
72291
85322
67361
87858
98580
11726
20062
95232
57338
33081
94137
67915
73977
42929
98489
94860
79201
28965
96611
48567
50494
32432
6911
80405
81463
43764
68275
79179
69549
35186
44930
50776
81281
2003
58153
83773
62992
59848
38427
16842
90684
11745
5944
27703
66790
94557
71351
29303
50658
71295
34647
32659
36756
82624
46487
35326
13621
44104
18125
38630
27014
72747
48246
41290
56779
71778
72550
12815
61719
35492
12671
55583
98576
3788
75865
1355
15709
39778
53770
68153
72862
73416
45515
74673
79534
10658
92483
76762
22014
99235
62566
38907
40469
62482
1404
38066
88447
55750
94035
31045
53787
44947
32377
81868
60511
86602
88057
68762
46373
49554
79132
62666
87471
6272
21160
48690
50549
76218
12646
62009
87461
82901
64258
99196
23521
1806
12682
32372
31562
46926
75496
33751
69904
22520
80347
53102
28960
39978
68875
81114
49831
24641
36085
77515
9621
90076
72512
32614
21150
47687
74016
77905
88863
84472
39929
20358
40057
70334
35429
93297
87025
20716
33628
24607
94130
45285
34241
18293
30106
56764
954
6746
42777
55274
92767
40720
5215
60451
21643
67190
14444
52446
79004
98259
17687
95623
12286
11774
45017
85115
98813
10166
61663
21078
37335
57996
98917
93823
84018
48366
84161
83381
4190
47126
52728
13911
90594
26606
64246
36133
86711
3730
90848
37239
41124
6587
39400
73692
66617
66813
26070
82053
68131
81343
62751
85454
8968
39152
43870
74264
4406
68569
20028
73938
450
94291
11107
39588
78081
86933
76241
73993
9863
1021
9117
41385
21675
75953
41226
87898
83326
62286
14821
23554
61527
57195
10122
57053
51304
35385
44530
2323
90052
56264
6495
66646
52438
15840
74404
63698
10657
81524
27363
77465
87615
70790
81224
94062
1900
94985
42251
57536
17353
8991
26970
15041
89340
16253
95686
85388
46208
51703
57848
83852
48815
55333
15380
59618
49262
9349
2916
909
90464
90040
62868
19661
78195
27081
14366
57762
48234
90706
91648
73743
59495
59754
71110
43114
78512
14186
90946
83537
15616
85519
27738
82132
85380
20804
23840
39734
26308
71526
26215
65470
17646
62211
31132
11798
48223
91743
37570
25030
68270
98046
82602
12459
58720
21852
80180
32655
78282
85813
52573
83653
23362
30157
10620
30244
22532
92231
35567
17778
94746
89016
90473
74129
2906
63084
64901
89940
95420
32299
16493
37740
66775
41995
53376
6997
38508
92149
38474
19453
30337
966
83656
62932
95410
73609
44520
4115
6468
23567
75913
29631
10582
98365
77441
15950
5910
29730
42024
9296
47720
80540
92741
10368
37038
95510
52281
98491
79832
70595
83500
92878
42567
82870
89441
14975
70657
75596
7580
55950
66488
76971
6436
91754
77393
73329
53167
60171
24905
51725
64822
84517
44407
89107
25812
42190
69498
38355
77981
41979
15810
37153
70190
16807
71813
4217
88870
9001
32101
35293
88023
73719
19776
26784
28931
91867
56892
64117
99051
38778
3925
65097
42590
42380
58134
76698
41967
59569
60173
49212
69210
29521
68938
66592
74683
70008
42052
18393
2961
99829
93026
74805
94980
73427
61702
2194
50194
71405
77788
48551
7906
16573
83697
47463
82800
11942
72457
26081
34689
15565
77455
75301
31201
66836
56546
94456
8069
64627
8207
87628
83299
44761
68597
43787
93354
77090
99201
86926
31
45872
58059
10318
24744
69407
81644
40305
14831
92719
71949
1041
74691
86118
36467
43667
80766
69300
27450
94880
90258
66435
41523
50892
63722
20050
78884
72030
44667
53110
35895
31619
49469
63900
7710
73227
87167
61416
96081
50087
11330
3981
27191
66963
29345
34370
55560
77555
69847
61869
38014
91636
95545
28463
84261
39943
83202
55499
73242
14023
40436
71003
29497
549
15133
23082
6967
72188
73046
59611
40812
69059
52220
96317
64471
19341
34078
8705
53442
36199
66529
68425
59033
65249
53804
73450
63671
52940
54300
18099
33929
15813
75910
91265
10281
6194
35780
46974
14989
42092
31481
43500
83595
49990
6170
51844
86511
509
53480
45656
78510
78360
70537
70624
14998
54906
43625
5278
22969
7565
27693
81386
92212
3233
38680
97744
52071
26370
53601
28377
59751
61552
62101
79668
75993
86642
14990
46491
72632
13578
71249
80641
45530
37301
37233
34625
22221
46368
40392
67650
70030
40469
65369
20488
63274
68905
86416
73583
23404
44177
57094
11976
92605
86748
42138
13282
38904
44707
24858
69445
63518
1818
13278
86957
95367
75584
15001
9306
49276
78843
21907
52704
25442
91121
49423
94673
48537
86057
52011
20450
78581
96124
21572
60873
15596
44866
13543
43415
77423
98142
15775
54717
22437
36457
32215
43192
18706
94598
16813
73623
45012
22497
85227
40737
58188
75666
85307
79764
91584
35223
45421
60332
71870
81132
18310
77762
33408
60150
16465
37100
22292
66355
30286
77750
41944
28008
37419
42119
30103
31295
92283
84393
18692
33492
47695
59801
62457
90193
10208
5167
39823
42085
46207
51476
53015
78561
79853
28565
83741
58876
20978
30732
9644
75177
9126
8317
37217
48407
51649
54794
42621
98785
15320
87496
10330
12588
67347
48969
31179
53698
475
42442
56606
71417
28125
17859
83779
10083
86401
24289
19754
16643
37788
82438
68039
31940
47750
25766
80100
41476
34076
72664
25197
44097
79863
65893
39800
25927
12201
86423
27514
71638
76941
91717
99736
97155
7436
67156
72062
58551
61900
88016
16927
71776
2904
46853
4645
54209
63716
76331
76153
13006
65739
17889
84588
2251
657
45746
9544
32240
94511
90288
62295
49421
88729
15281
43156
38717
40685
12927
23433
63452
40175
20389
66412
80660
20217
63466
47171
27810
11504
91356
2665
61418
81076
65425
20668
35983
80750
68097
45908
24847
9844
341
92793
27965
1520
80067
69801
98161
35340
37719
49724
82087
11764
13339
4823
42401
54864
10134
64228
48737
87201
60094
14541
50445
26062
27523
4983
91904
10111
48284
72520
30978
43269
94731
7338
71327
91335
67758
70650
49076
815
17750
52603
19901
8927
4773
95434
87816
83057
88447
52049
70075
5038
40845
60079
90122
39904
30193
38709
45341
59046
32611
21180
5217
2249
35308
27631
87404
64177
28372
1340
82333
4599
74088
22738
25918
49122
98151
99193
78342
85579
7315
6965
40437
39071
88642
41748
86943
31785
6435
16663
59616
3837
2082
90583
87041
61642
411
88209
39326
72324
94298
83830
47365
28321
16721
7085
32530
70383
33449
62275
9907
25254
73530
12015
59773
87904
71915
62489
30055
48633
19941
89603
54873
71880
72554
77837
37968
19253
43858
86737
55883
411
58585
33426
16737
13418
26270
82649
42266
12457
75466
98069
13626
35792
76150
4373
71522
49936
24083
83392
84687
76145
16654
70717
16080
67320
9622
88198
76386
95754
57096
46672
18498
33664
28053
22827
96480
99170
78814
4721
29805
61729
77505
2898
12464
14427
49387
21117
90485
26327
75376
44437
83997
76768
10639
16861
78190
85321
5850
77681
75431
51944
74687
72142
62138
82474
58866
32911
29674
1727
43617
6402
81668
59597
90130
71440
44126
39885
22191
77459
50729
11462
82048
64513
4175
76479
29893
90908
9392
63511
46081
63711
94361
65642
32084
70902
10221
29001
68
73531
8422
81421
95054
87964
60720
55270
972
41923
3994
73469
40764
88198
97503
83713
15700
76614
55966
40846
57843
36451
31553
14983
12169
36480
7565
34671
48698
56407
83773
75901
56192
63462
75971
73587
30935
98292
41083
56518
3671
31159
48221
38267
80259
75039
58738
20476
48598
93979
88087
10906
57174
29424
82015
35576
47806
79021
76766
71536
53361
55657
59881
78061
70656
72758
24980
85985
73406
69421
5703
68986
72297
25096
23335
78342
7644
17234
4050
44716
64317
61887
53331
20322
76548
82266
62590
3161
73259
96036
94247
77487
21991
59212
38615
17596
81052
39061
7994
80458
29090
97518
67943
75450
91950
98857
45499
500
22727
85773
32950
57826
49314
3699
40430
95342
46662
99826
67499
49940
66619
90440
27295
75289
14674
12365
83607
49160
80652
57065
98288
63167
31867
80526
82037
29729
97233
36226
76131
11660
33073
80510
1230
75645
89294
37973
60220
20138
71954
26158
76053
10251
31046
60825
95327
23829
91207
20645
85203
94260
8829
2177
91230
49881
57270
41151
76272
59842
84054
11308
92025
69728
73285
71030
27115
89006
16617
27012
73294
46232
88627
18421
68734
57771
43567
38408
38679
87697
20003
3528
16133
158
90326
26873
59701
30475
37850
32301
31868
7536
40400
194
21410
33634
44523
65825
5805
33584
6215
97004
99159
68960
87996
85800
48951
46582
84050
55059
56407
19371
77560
17145
85550
8937
675
66649
55023
56637
59438
49505
55706
6851
89942
74973
73444
34935
21767
19688
49127
35400
55072
69612
64984
71026
93070
2423
52490
80191
24268
73247
87669
47525
64885
24727
12222
33480
74051
20660
15882
63563
52968
74067
94880
26384
23205
20097
41572
41305
71318
83525
5992
64137
66043
92491
97356
59887
91491
30569
11922
68723
80244
58468
94397
83470
10663
61595
26677
93085
18495
32800
16592
61954
22032
33928
88891
2747
21495
9460
2031
35902
19838
57869
93883
68019
7027
75208
98358
31005
93643
67875
57966
85279
96744
54274
23105
61495
46672
91939
73074
84795
32779
52902
73321
98122
94786
14363
57928
30069
85413
53301
92073
28437
27352
45711
72664
57174
52619
66205
37722
38964
8496
15903
97317
91381
13849
78385
19857
14402
70783
16728
86594
44009
10063
68426
7263
68699
98320
45925
8530
91876
19159
45008
76148
63831
18585
59940
52041
5968
82414
32660
61690
20025
80517
47816
65944
93642
72691
73574
12171
20465
83200
88799
38493
65365
31161
31337
26340
48037
58866
87449
64267
24404
84980
76632
37227
62036
85573
22834
60113
42151
70409
42933
38070
77655
98237
72200
69007
12681
16168
3370
11649
14090
94226
38424
59509
24529
64958
59554
5632
96747
21061
5893
81354
55292
32125
36401
48729
9850
68429
66550
67616
70708
19364
47965
74333
71284
33896
6143
46215
40147
74819
77141
37016
41011
41851
5813
71878
47022
54603
20837
32120
95343
18119
92520
50853
42094
59988
36509
77629
35592
67674
27289
11898
31224
8597
63562
32521
38743
47434
52467
33663
3391
7582
70724
32110
84492
77562
30883
85089
34076
60984
97849
97543
172
95851
18623
15927
59139
20341
41646
31043
86410
88145
20955
11560
29886
17939
91058
49380
99821
90646
36979
90975
98883
31020
44259
12745
30714
72328
1787
51297
43340
35005
76354
3658
57415
74457
19776
71929
69080
47238
52339
11663
73193
2734
75514
63142
52278
49920
38405
57331
86884
4021
66316
59304
89847
62031
97837
5918
18785
48011
92730
98574
57026
82161
59087
66529
41508
44335
57376
48064
26810
4547
26383
19176
29416
87422
67554
24250
29243
43739
23520
63325
16118
9684
97692
84409
97261
14449
68781
46632
89730
57749
98188
98852
44928
74019
42329
20907
47458
14191
40234
31660
38451
96436
5765
41236
35614
9299
53373
48421
20897
11847
77996
75573
60694
4015
33755
70707
94480
82353
42740
86871
78486
16686
36572
90519
35576
76692
94659
27264
55829
3470
55059
62292
11053
45609
37809
91346
43206
31762
530
28953
46974
34342
99668
55266
67688
92289
36338
486
82079
33519
45922
9511
94343
90289
32599
26881
22501
63205
18676
9304
12035
27456
21362
14765
24677
91190
93379
14074
69985
31307
9477
54713
44901
23675
23119
7604
19417
90993
66983
99416
97086
92831
74154
93669
32208
5734
81577
10881
36087
51202
2365
99076
10887
63851
96952
69882
59234
40626
71162
51409
13934
13691
66936
60495
11302
33976
24629
44677
19091
34894
12785
7543
74111
36214
33120
6107
92132
66904
3313
12364
50529
28258
51677
90669
90002
46890
8810
1067
33703
25826
98454
9805
33728
35624
12743
72675
12597
59560
301
67698
80947
80953
18400
53423
28107
61093
43339
16946
21503
45405
35749
19659
35631
97747
67108
10998
3677
19306
50027
43775
63480
43747
79723
48275
42149
62099
5747
99257
80039
83571
51742
56687
29087
71145
76281
39347
64299
94551
78622
10963
4245
46286
22835
64134
29257
86098
96956
93287
28402
15800
19432
83379
35333
61926
53653
53348
8035
86326
98451
42893
40361
67513
45976
95949
15279
19248
62100
34785
27839
84747
21497
58961
46862
32735
80763
36264
39800
3558
56629
49571
77852
92346
72321
86263
15959
65154
5921
66069
39304
52945
69006
75872
92754
27092
27018
39922
71403
56139
86117
39013
1481
53782
84334
45952
52882
22873
82908
920
91585
76786
41913
59819
65962
46054
68155
46412
4724
25885
31892
27765
15983
4738
27878
8270
67667
98984
13732
88604
40693
38050
66850
67016
71045
12435
45040
90444
63341
61379
93585
44315
1791
91177
44564
82389
68784
11757
42690
85017
91521
2125
54325
54716
87801
39355
12258
20605
40836
17051
99473
20717
57169
50173
7306
97726
28969
69060
87796
42023
36808
98492
50501
96879
169
61149
70074
12374
69776
78844
39545
61695
97861
45549
17178
16819
68774
33452
88225
60975
40029
55644
923
34651
23882
71954
14334
12545
89554
58959
12074
13917
84810
46033
42161
4725
40213
37315
87263
14688
45837
571
40450
86223
87737
55036
74122
13073
34752
13472
88335
84277
41108
84561
30817
15556
52217
15988
70693
8844
55369
92051
30884
21822
19821
73472
46967
72832
62409
56410
46598
66536
70403
28228
5249
99365
88632
23309
46182
73434
60495
19709
82432
81620
19720
29975
38003
95522
21587
51353
25995
81451
29689
25292
62016
75371
6171
64287
58347
1982
34198
40916
25414
21554
5369
85106
48558
94915
52915
90295
21194
38138
19160
57928
42930
66902
90516
12052
36533
23289
81988
947
5498
96613
11560
19195
59424
91040
35902
54204
66176
12278
16146
84693
60928
77547
32635
83568
33864
64213
62980
11029
98741
14704
86064
85601
38667
9201
25038
66709
90564
98933
77090
57669
23795
22913
77198
80695
14467
89323
11308
32258
46692
55848
26530
17146
23258
32887
52855
45199
75560
9140
99028
86242
8356
73982
68896
88103
42569
4642
51544
74671
19073
8301
43660
6903
64774
73382
6102
48131
1637
20538
64943
95069
77145
21635
66738
96681
80638
15819
56848
6264
96405
30574
23571
32006
84123
51258
9752
29893
84952
64387
91157
12702
64239
12215
85248
39085
95436
85633
97085
94692
79016
45884
33407
77626
32765
71340
43946
1438
55980
25568
59948
93297
80015
58633
15709
66246
22134
12487
56747
91029
81749
30700
58743
41035
33214
10076
75187
33049
56031
13933
35207
71792
43555
71982
34544
31357
64556
89625
38645
16844
7635
81501
62387
24096
50309
45283
59645
31618
77888
44423
94275
76945
20628
3505
47861
37785
84683
93154
184
91291
33671
64845
97910
83682
64879
94864
83079
14758
65369
56663
60543
7313
54218
45960
99224
28592
46924
87021
1398
12102
733
37407
3094
73014
90232
63162
63674
25489
74646
27672
85656
56561
18236
7132
1792
2021
65069
86356
42373
94146
3118
5882
99126
8417
22884
60231
20864
67605
91357
86915
38925
3181
49557
12483
76037
79784
2819
66849
87999
98744
56664
55558
75516
73029
84851
52883
57702
40504
68720
44660
626
42499
29287
557
3639
30152
58934
90710
35363
90618
35851
23998
24707
44195
140
91695
16413
94842
69519
70628
63840
86398
81142
19563
81792
24522
42968
51107
86944
79932
17618
36377
43938
83582
20973
83019
28519
93093
75156
60703
86283
93369
55489
62375
96090
68548
27282
4596
41639
44853
42092
17704
15055
27112
41527
69652
52887
53615
31527
95492
97657
78400
54802
19299
44059
50905
3770
83643
48199
16014
94048
67367
93931
17050
98236
85642
14840
74545
39253
1844
48559
34031
77614
83525
45627
25495
53930
64939
84476
8945
7942
56909
30115
76136
78133
29569
84601
11426
93432
97007
3404
88760
41590
26452
83417
3549
50448
47069
22892
18135
10993
66110
56270
45681
16350
32640
85318
81830
99059
30605
40903
91465
65655
88723
94458
49764
72684
69419
81639
36594
30919
99441
33006
11993
36714
30851
71315
22901
33750
18276
17255
48585
72331
91700
95811
20221
21990
13556
6159
57484
37157
12330
3783
93879
40431
85346
1113
15156
91081
22510
32974
84090
48240
58915
75218
17504
53203
60265
53267
51116
92855
77414
84130
72518
53885
1625
13662
53635
82447
76628
12655
37188
50746
13144
24093
45959
68375
50843
5326
71100
45708
3708
188
71782
49233
49883
78839
22061
39701
34351
98116
70436
73358
23484
52769
1395
75818
75306
85803
86658
33723
97377
95255
37502
43789
23711
34305
66048
62641
69552
4554
20206
35569
89100
65967
85461
40759
84255
73020
46039
78750
48207
60776
99830
81861
79862
95986
60944
35000
17347
48810
5275
27139
29962
81867
77999
36884
93535
2448
61485
53069
51752
6699
67568
22819
41484
36587
68282
10484
70576
70901
55418
10555
343
78141
42201
47015
35097
22124
71488
14751
38699
2137
93047
64278
72231
36084
59837
16238
96861
70004
49542
25283
47589
81160
39923
95942
93275
40199
53412
58804
26594
12687
40143
51621
23663
31487
49978
29149
32581
6644
11905
6323
18486
63481
35570
41689
38788
7032
96688
30074
47872
60791
57589
6795
74376
49607
3823
86865
59381
30593
87707
58237
68890
54335
59600
28262
79014
24867
67006
62818
481
67767
11782
6668
44800
82112
87281
75933
48542
51259
78307
16405
70058
33712
3494
77494
43333
5392
71362
67165
34248
25381
10590
22124
12451
81215
76624
93639
94936
87967
96890
29840
63798
40035
69786
3829
70907
54601
94290
38481
49669
80260
95632
29532
28954
22216
89165
11657
62994
56751
40195
6367
7326
11308
28962
97609
31062
52861
67263
28470
32985
98857
865
54665
2830
42521
84070
27675
9616
68723
87602
56248
38485
87804
97860
40259
20448
34273
38773
31656
50472
34444
25742
3894
24157
19290
45387
46498
76179
41573
7549
86884
46302
87569
87641
36966
34495
44514
75533
42296
38028
81101
35946
5653
47059
44455
45505
96002
55887
8540
86271
35055
8658
80285
47551
79929
77847
11481
62726
14092
85752
62713
90706
96983
50968
94250
96175
56991
32882
51605
19809
86352
81092
72435
96440
57259
1191
28883
15762
89531
67635
68935
35426
17910
38139
23809
24612
80130
1285
98751
11282
99458
68639
20676
17524
33920
89441
99581
6574
15840
4079
9062
81537
52006
38067
44555
92099
90511
2456
91062
70792
14615
20410
40469
16711
69575
76436
10874
52935
80132
19115
8080
23002
98213
46113
27248
73889
62437
88940
84300
15495
66670
72008
28674
24192
86935
37341
24566
99730
21807
90641
88251
38573
49412
30669
14065
89771
33744
98751
22897
87357
36715
28436
40197
38302
17830
97680
71298
19432
26742
10149
1604
10340
88977
49537
98558
95625
10452
81848
75065
85541
85905
42639
85340
25304
26567
40776
23517
17433
18109
53047
59747
24163
56586
3874
12130
89265
40124
96343
19468
73631
23688
53123
77964
10100
36657
67159
20320
26527
2422
64721
54745
51762
40822
95208
72499
13721
43781
10634
91115
68755
87689
83819
93906
24558
80234
95012
22153
2204
74624
55699
48931
49640
95486
59770
65064
89155
6585
80537
59831
91558
27768
83140
88984
13583
93773
31289
17471
63149
35817
69402
20326
31641
24942
15369
59495
96898
78033
6129
66574
61232
93276
63080
2028
15876
53098
97735
87645
58914
89196
72194
63705
47886
82346
67172
69009
42882
92130
75701
4750
26700
72393
27
43597
68844
42578
35336
6713
77168
88347
72225
63422
20577
80509
81630
76006
30669
37741
53761
62702
2018
49036
90324
60673
95875
79050
82969
63569
36797
84235
78362
61410
49316
75507
60841
92621
45143
82301
57623
71897
94422
60064
28132
55085
21626
5072
72362
25592
27306
10131
56350
81084
62281
32683
45974
52875
22073
19669
38305
14488
40751
4268
68233
64553
76355
3457
64186
60629
41796
6265
14503
77471
2344
33466
46746
39204
36070
8023
69931
52565
40889
27929
43068
12876
32174
90381
57031
66824
45625
71714
42363
73153
13014
71193
1742
67388
58976
90048
81951
96285
93146
1138
38596
23012
42507
33864
45995
47784
83057
35940
59630
25341
18350
18487
98854
98081
72879
66758
90906
40436
8341
23715
19973
17614
27534
70640
5863
35046
11772
39286
62862
90950
9222
26302
42799
79909
48384
88320
43068
91362
49618
47581
55282
95339
41691
57092
79331
69823
99602
62976
83139
48473
30504
86448
751
7663
53657
76338
38285
61341
22704
49171
43247
33988
27283
97373
28395
25640
56690
12830
5732
24907
99397
13122
63892
58315
92215
85476
90232
14503
87263
34561
43271
46227
92294
31281
83306
45653
66608
80552
8592
55312
2541
57737
80002
59126
37899
76867
40378
11483
50976
69034
6454
29001
12266
45716
93274
17245
18777
96507
40345
1198
20068
57248
909
11444
85658
65280
11096
45339
90922
43312
26304
19521
60554
46623
20262
410
96567
9933
25727
84097
16037
19371
6815
13640
42200
16759
22940
91495
9317
77308
42124
6774
51094
39756
92738
56052
4949
74507
46001
50486
65374
12809
20234
91418
75512
91492
10077
40415
32427
72542
98598
78254
13714
77956
31350
30791
23923
92450
83211
82079
48983
6265
15977
24999
63947
35643
10724
60778
37075
91155
30593
63378
39405
26381
8614
86156
16797
42879
19001
73515
82116
99031
72472
18305
34968
40231
50708
94733
68724
91990
66001
3458
71569
68997
29356
46347
71206
71615
24227
96979
8991
64397
61446
40635
67964
6888
26319
33475
69610
79415
31742
65083
58452
6022
98285
64391
96860
16538
78566
38840
3029
11885
82194
87700
25874
64175
44251
11289
94496
57504
33233
76966
31255
60514
6306
30909
49242
48984
8618
39735
28883
96573
40284
80336
70873
99407
69512
10351
78325
142
69162
45078
60072
94977
68631
35009
59282
4222
11228
70470
7525
65030
43041
99814
485
77050
58052
52074
35813
65511
29545
50881
87085
83326
93577
42707
98556
8782
17849
5721
30237
31777
77823
99057
13676
78710
25738
47879
40681
32532
53870
70192
80842
62277
58328
55487
33355
87808
10896
93523
49514
15547
86658
89605
80992
20180
83916
46719
62523
83729
4171
47093
40262
52776
17280
19849
99535
34778
80014
45606
35100
13524
30179
19403
87222
28903
95562
47712
97788
53133
62855
12435
63094
41582
58816
69239
98064
23138
30613
2754
27064
16174
86120
48455
79287
48246
13449
69254
99724
79097
83303
34091
7529
6086
56265
60408
91269
43113
62004
51590
12411
26846
16665
49705
1116
19716
324
40344
33468
19031
78158
38966
93901
44818
49405
93435
24585
98101
45807
99185
57250
85533
31466
47714
50709
51847
47688
23320
5735
83919
3462
83771
36272
79413
88789
51947
76324
78620
85195
20812
65133
99394
87044
11984
95997
18632
26689
9330
50094
47378
15036
69976
17301
86503
72118
24772
21527
43672
81427
77660
85014
26045
2873
5594
60304
99927
26033
49528
38353
30186
62278
24631
66427
71474
67157
63004
9985
97605
4431
98850
10871
28286
11185
4701
69837
57623
29932
23862
57060
95388
45245
75548
65652
81762
85888
1876
595
88651
37272
82161
69032
7460
25852
7914
60841
88649
70361
92886
48181
78005
50654
70367
5720
66216
95382
57129
46049
44392
60113
63745
79171
55886
31329
75811
43522
78041
60594
7392
1721
21663
96940
37245
16582
98421
91643
79735
6204
17834
21448
49174
22293
91864
42017
68315
45581
8279
51671
54348
88685
15470
24647
96192
14025
16412
26251
57503
40064
96978
6
96050
91162
72662
21394
76530
13691
7110
65842
39343
24954
75231
16359
99833
71639
65162
26299
18880
32877
78693
64847
43808
46828
54209
4184
96269
71526
60840
31647
54157
58318
17565
77729
11066
8241
80071
5599
57898
9810
97269
15573
95842
71517
39482
42512
6347
74245
72708
81897
20805
56705
18637
78854
6107
48506
7564
9001
31161
98063
49588
93863
75346
79876
22502
41153
74266
41106
14326
71272
84977
60835
72168
64699
41339
16413
5297
6589
85676
86347
53536
94162
16384
72745
86757
37577
49114
48454
63100
14939
92320
34682
43778
65078
34105
11427
64675
4788
70987
49989
45105
75089
74102
71861
34879
5857
6747
57076
47605
78472
6710
53207
20406
67082
24681
75663
15250
5162
33615
85129
93478
46187
73222
53979
21258
57366
65006
45109
7269
97064
10773
50397
61323
50357
69786
28747
97359
51243
24115
86100
55611
49016
97958
43450
92523
33604
94534
27414
17318
42351
36964
55503
49968
66452
26946
71410
37253
7120
96159
75974
80354
5686
67776
62052
13858
51216
94270
51335
29447
58122
95693
5153
65302
2335
66372
93509
89673
12418
8439
6506
45693
45715
44463
90463
15791
75837
68224
41000
58272
88013
91207
75605
4134
92919
21331
91713
7887
98139
58916
84069
93475
47500
30866
64278
64508
28416
95017
97539
46665
2188
14598
90660
53358
37400
90873
97416
36224
15259
89535
97374
67013
16089
18916
5851
46171
44455
12726
79610
56842
48266
84511
34664
83830
65670
20977
4183
42293
36995
34506
78929
52278
14795
30335
79326
96721
66015
90554
27155
35957
6256
71049
54132
49798
77122
15413
14251
13544
4412
39583
87742
86087
9774
42547
13013
78316
10328
41454
46396
38344
95558
65736
82485
28180
87064
56071
4709
34576
22896
21533
32393
14037
98415
94827
53709
70715
73844
81103
8388
88773
47584
54328
38621
5841
16609
88459
92750
6132
49209
40022
78958
53245
44082
93910
432
59051
1695
64536
64973
65278
54778
53262
4300
37958
26036
81765
5741
66889
75805
26448
57630
84169
17257
33030
66451
29152
1495
85767
90993
93696
48644
11747
67658
61100
36492
54201
17235
12113
39712
48298
4780
35538
26153
6088
90921
35796
97911
35649
92902
97256
4750
17727
52402
88472
75783
78742
14711
56164
3485
44536
66218
49617
95086
66903
25438
47301
51702
98684
21746
20114
31994
64957
96413
8903
5290
69845
23858
26867
35008
96257
78238
28388
95948
97856
78672
1652
41785
35438
49392
57595
3852
85086
71638
33333
24587
87340
10348
51536
39057
25807
45229
59018
33330
21474
50990
10102
86152
49780
71600
66130
2770
9959
83451
60256
24151
31475
54375
9671
82270
29905
41034
36702
3757
12957
97603
38251
44645
97972
51629
48852
76554
83406
57796
47479
69938
72498
1639
98404
712
46596
26879
35623
17570
41818
8765
13258
92214
8750
26414
36080
57090
68364
21025
27927
65733
90750
68418
55492
4332
97237
24353
17257
95953
58734
11238
39231
72812
23571
60949
38867
51877
28948
57081
82910
83432
93364
57977
68096
74306
27081
91975
54272
51789
48886
99604
72739
54633
20368
45270
57011
56740
86457
57169
91443
68694
66471
93522
80785
1037
36450
57839
16462
12741
82838
71164
7495
72977
15267
51691
77565
80120
94812
30445
40882
21654
86785
97907
43392
56231
88122
9688
52410
69036
19661
13994
71300
37013
56999
59975
461
76032
16946
79007
91359
45133
24604
29641
473
69737
91726
95700
69692
32471
24727
62495
10275
97678
90092
13812
15425
63697
93976
91862
86840
33735
89189
49696
73008
57359
79173
88866
22769
94920
41010
89998
73849
80904
29172
39544
10367
59500
43324
60868
14480
58903
63987
95484
46106
18489
18221
67480
83792
58519
27918
23162
36740
40690
60161
45579
37025
29216
605
64978
37887
58451
96662
77469
43924
