10105
65320
17655
74178
94664
53506
4037
39888
36068
91327
2266
99603
87488
74657
33712
60703
81277
87400
30190
54432
33848
35855
68105
73138
81406
52413
69600
75160
16566
47128
1301
96374
18246
86103
67245
88899
98011
57345
41798
70228
96394
26860
7385
68189
49786
47756
96423
86875
7281
10447
90317
53859
63983
65879
64304
51452
27118
54869
69599
1337
72566
83511
73160
98573
66898
3589
82186
5318
43933
22182
37640
49095
77892
85114
15848
36037
33544
62916
77322
92372
7049
31542
60884
77655
16685
58590
69350
35415
90071
31195
59443
61192
70624
54427
71161
9777
11378
85361
36035
19026
