49843
50575
51326
49385
50463
48269
50569
50500
49983
50307
48419
51695
50971
51033
47559
49490
49067
49936
48883
48166
50584
49558
51210
49651
49785
49772
50463
50158
50504
49554
48795
49546
51678
49399
49185
51264
51201
50279
49950
49905
49608
49071
51023
50483
51295
50083
50333
49452
50083
49559
49647
50671
48208
50179
48140
49169
49844
49802
49194
51178
51560
49322
50446
52035
50816
49583
50986
49534
49829
49995
50109
48644
49941
50594
50217
51503
48528
50247
50155
51528
50494
49335
50392
49442
47918
50628
49973
51879
49754
50014
50360
50944
50564
49665
50825
49596
49585
49310
49597
48573
51799
48700
50163
51301
49983
49479
49874
50551
49871
49367
51506
50387
48552
50119
50549
49647
49875
50833
52058
50870
51763
51865
50021
50190
49864
49287
48936
47714
49539
48687
50990
49889
50115
51140
48607
49376
49464
50254
49112
49291
49912
51070
50206
49769
49218
49954
50727
50404
50073
49578
48782
50051
51736
48304
49410
49397
50700
50945
48953
48583
49666
50007
50360
50357
49814
50682
50398
50482
49315
49496
49526
51507
50953
50575
50605
50947
50894
49559
49449
50808
49741
50660
48571
49466
49832
48048
49686
50795
50853
49982
51112
51300
51488
48631
50101
50551
49148
50791
48608
49683
49344
48782
49784
50367
49049
50188
49144
49144
50660
51068
51283
50051
50513
49348
49153
52786
50233
48781
48672
50896
49654
49453
49110
50798
49733
49702
48948
47070
50200
48882
49676
49172
49959
52705
50054
47916
49361
49525
48021
49013
50303
49910
49339
50394
51544
49712
50876
49875
50406
50225
47782
49654
50101
50532
50273
48981
49420
47858
50548
48765
50435
50157
51156
49742
48430
50926
49061
50944
52068
51016
50316
51496
50033
50476
48069
49616
48700
50397
50026
49350
50965
51508
49692
49048
50360
50568
48781
50265
50020
49334
48480
51120
49188
49372
50972
50118
50774
48729
48969
48467
52351
48146
50598
49798
50713
49450
49927
50316
51217
49636
51777
49928
51558
49714
51093
50153
48408
50455
50766
51746
49594
51029
49515
48603
48696
50171
49558
50779
50935
51238
48689
49628
48684
49657
49384
50926
50582
51018
51428
50317
49959
48360
48516
50035
49739
47654
51081
50633
49262
48198
49648
49267
51818
51024
48384
49733
49497
51026
49783
50289
48490
48421
49491
49404
50557
48857
50420
49733
49715
51112
50298
51024
50389
50208
48412
50862
49255
49723
51415
50638
50846
49760
50121
49026
48445
50044
50647
49603
50855
50571
51900
50221
51088
50627
51044
49900
48603
51127
49446
51102
48886
48873
50392
48877
48784
48948
50526
50157
49713
49109
48867
50416
50004
49533
50409
49617
49241
50200
49919
50061
49681
48959
49419
49842
49621
48684
50196
48866
48446
50963
49912
50377
50438
50369
48936
48315
50223
51622
49049
50021
48782
52159
48844
49999
51164
50469
49996
50799
51826
49091
50326
49294
50762
51151
49947
50524
49432
50964
51483
52997
49637
49336
48305
48894
50023
49623
50258
50668
49403
49667
49811
48681
49540
48264
50040
49865
51088
50979
49593
49887
49092
50455
49761
49530
49064
48820
51132
49367
50661
50542
49974
49581
48585
47615
51426
49650
49756
48629
50674
51011
47865
48860
50363
51195
51405
49172
50389
51429
48950
49564
49293
50596
49876
48846
50865
48473
50584
50041
51062
48695
52049
48197
48663
49768
51109
49220
50115
52060
48899
50586
49589
49928
49183
51479
49704
50273
50495
50674
49957
50074
50038
47977
52582
47933
50623
50009
48016
51390
50525
49148
50325
50926
51553
48768
50191
49998
50469
48291
48861
50898
50446
49475
49801
50994
48618
50517
48913
49867
49589
49568
50897
50124
48618
50501
47800
48999
49814
49758
49405
51114
50864
50508
49307
51243
49796
51754
49145
50614
51339
50691
51629
50124
49098
48211
50882
50076
51141
50035
50997
50147
52207
50570
48348
52345
49088
48889
48070
50985
50776
49804
49684
48504
49183
48619
49108
49744
50491
50615
48563
50021
49999
49304
50005
50335
49877
51952
50104
51343
50673
49521
50133
50561
50789
50012
50092
51137
49639
48871
51023
49199
50443
50443
51882
48298
49379
50173
51171
49553
49390
49523
49966
49127
50361
49396
49187
48912
51450
49936
50039
49897
50031
50249
48338
50726
52061
49065
51306
48960
49092
49757
50331
49083
48085
50063
50538
50295
47579
50522
48823
49905
49705
50937
49364
50490
50766
50194
48524
50413
51843
51031
50370
49226
48798
49901
50361
48472
49747
51797
49682
50179
53230
51424
50244
49104
49335
51410
49662
52052
49567
49073
50786
50349
48391
50072
49916
49287
49498
51283
49769
48387
49125
50685
49513
49593
51179
50875
49324
50693
49094
50668
49511
50915
49741
48966
48728
50329
51187
48666
49461
49980
52105
50640
51777
52358
49043
50828
48070
51553
48794
51062
50257
50430
49085
50486
48381
50587
49930
51519
49479
47666
49534
48419
49531
49714
50654
49511
50122
50237
49678
51256
49578
50819
50493
50902
50785
50210
49206
50452
49601
49767
49384
48139
50165
48081
49397
49445
49538
50237
50471
49044
50770
48458
49511
50246
49206
48975
51759
49419
50325
49462
47845
50210
50987
50933
49811
51447
48076
49862
50499
50357
49777
48840
50430
51364
48956
49882
50087
50597
50510
49716
50381
50058
48655
49801
50922
50892
51653
51821
50118
49461
49604
48793
50175
51488
49950
48696
47714
49142
50018
49896
49584
49070
50271
50673
50073
48336
50970
49371
50996
50601
49616
50928
51463
48516
50823
50199
48588
49840
50228
50027
52291
49238
50698
51677
50276
52022
49283
50261
50581
49099
50648
50419
49551
50476
50628
49547
49559
51339
49635
49594
48768
48187
47930
51817
51220
49764
51082
50357
49752
50401
49804
49106
50346
49516
49920
50085
48951
49058
51126
49295
50681
48620
50883
48915
50677
50975
50481
48922
48587
47866
49375
49270
51284
49259
51673
50556
47957
49795
49980
51440
50411
49799
49285
52242
50012
51576
49489
50791
49310
50876
50499
50819
50796
49049
52493
48438
48746
51486
49750
49360
51460
50951
50747
49061
51370
50731
52662
51513
49477
51434
50492
48830
49226
51135
50742
49734
48934
50071
51230
49633
50109
49793
52088
50600
49793
50204
49356
50365
49640
50329
50723
49798
51040
50392
50065
49064
48042
51398
50916
47896
49148
49632
50628
51398
51424
51296
49356
50363
48198
50217
49728
51034
49303
49259
49370
50566
51286
50384
50124
49041
