84125
54948
60799
72827
44895
98596
79291
76138
635
31638
13196
59122
86617
52491
34373
68335
50226
21547
78764
60529
37376
96018
99338
39318
80313
50705
71735
4507
43151
63281
2685
10548
34348
61267
11989
52601
25562
1246
89801
54852
85353
64650
50524
32281
9151
12204
6999
67261
71708
77462
3810
62025
39943
83772
41070
2245
38173
77298
24122
29642
72309
87414
32504
15250
22862
72204
59833
91645
62592
59108
91873
2062
72535
1275
89252
33077
70503
5860
30461
38037
71165
46832
6486
65645
96892
67299
20214
79702
49112
11335
88285
737
50422
93757
17388
85542
55719
39480
99322
30124
