50317
50152
50963
50317
49350
50856
49342
49073
50723
48312
50395
49672
51251
51087
49115
47770
50543
49384
49025
50438
49668
51560
51765
51357
50408
48433
48784
49914
51096
50195
50740
50410
50170
50116
50125
50468
49321
49276
49663
50971
49202
49846
51731
48420
50433
49492
49885
53107
51654
50941
50018
49945
50809
49223
48713
49779
51397
50265
50390
50071
49744
47641
49530
49525
49876
48426
49785
50891
50465
49425
49968
49084
51181
48323
49857
49644
51566
50164
50047
50475
48581
50586
49417
49211
51078
50464
49456
50253
49509
50542
50067
49932
50388
49867
49808
50708
50850
49390
48655
49611
52100
50717
49560
50559
48920
50604
50479
50134
48099
50902
50510
51381
50022
48782
49858
49906
50248
49654
51064
49012
49735
50628
50606
48868
50683
49849
49458
51656
50395
50888
48393
48204
51317
50734
49601
48865
51414
48565
49100
49526
47745
51440
50301
49080
48830
52796
49208
49962
51723
51242
49888
51112
50762
49578
50123
49848
49446
50061
48935
50099
51076
50649
48420
50314
51545
49680
51034
50388
50771
51240
50274
49098
50542
49640
49004
50277
51669
49947
49882
53119
50533
51575
49553
50366
50682
49442
49740
52638
50133
50973
50779
50896
51254
49887
48029
49607
50565
49270
50160
49280
49534
47739
49937
49507
51943
49974
49043
49659
49296
50848
50112
50924
49723
47714
49717
51162
48385
49993
48884
50013
50427
49481
50126
51158
49215
48673
48590
49272
49837
50361
48363
49455
49838
50672
50670
51083
48933
50923
50754
49322
49407
48933
50768
50295
49582
50278
51306
51231
50281
50798
49771
49423
50540
50179
48869
50485
50881
50682
51187
51285
48049
49000
50493
49528
51854
50239
50501
49799
50173
50212
49881
48304
49398
49523
49839
51317
48879
49887
47874
47924
51726
49400
49663
49912
51281
50978
51197
50070
49689
49591
51224
50398
50649
51070
49658
50745
49285
49003
50704
50141
53057
49360
50357
51197
50872
51087
50978
49019
49294
50276
51030
47827
50838
50847
50237
49934
50513
48759
49838
49599
47022
50642
50037
49307
50589
49522
52332
50782
51019
49076
48883
48869
50101
49307
49944
48763
48239
47595
50985
50988
49822
48804
51891
50385
49749
48129
49139
51285
49952
49576
49163
50321
50318
50444
53206
48021
48574
49476
49955
49749
49912
48905
48865
50046
49748
48640
49283
49158
50493
51057
48836
49081
49146
49300
49913
47925
48480
49591
50436
51763
50336
50350
52186
50474
48733
49873
50025
47905
48854
48655
48695
50259
50471
49237
49693
49305
50189
50695
49415
50565
50797
49053
49397
48977
50320
51223
50644
50220
50595
49435
49898
50903
50137
48614
50944
48341
49919
50108
51217
50456
51081
49582
49986
50780
51062
47268
49495
48352
50982
48136
50263
50351
52599
49358
48824
50122
47942
48433
50836
49572
49303
50538
50488
49156
49788
49007
50272
51297
47991
50586
51519
49197
52732
49555
49944
51555
50099
49416
49777
51047
49796
50734
50055
49676
48947
50452
49221
49563
50720
50539
49981
48608
49682
50486
50210
50399
48883
48890
50547
48336
51407
50788
50608
47888
51086
50480
49883
49368
49811
50022
47807
50799
49667
50809
47695
50153
48485
50661
49109
50598
49971
49949
50113
51949
49281
48807
49866
50437
49998
48800
48105
50265
49793
50542
50564
48824
50990
50691
47960
49472
47449
50406
50704
49894
48662
49778
49226
47862
49541
48981
48551
49340
50317
50687
50523
48939
50663
50747
50608
49739
49099
52060
49551
49403
50858
48903
52648
50210
49814
50461
48807
49116
51736
49524
49005
48922
50199
49982
50277
50786
49918
49167
51058
50108
50876
51871
48544
50784
49406
47546
50968
49881
52021
50221
49584
49038
49294
48543
50048
50392
50346
49477
49166
50140
51838
51167
50307
50342
48958
50329
50902
49467
49329
49069
48699
49200
48805
51171
52167
50326
51585
47985
49488
49360
47885
49841
49048
49995
50322
50114
51006
50243
48513
50195
50582
51102
48106
49663
50811
49736
49493
50221
49242
49686
50103
50678
51827
47754
49803
50877
50635
50395
51500
49979
50280
51970
49423
49123
49760
49222
49851
49895
49317
49959
48731
48893
52062
49807
48847
50511
50213
48909
48510
49961
49528
48946
49776
51189
50688
49726
51215
50205
49759
50865
49508
50954
50136
48323
50078
50838
50969
49229
49130
51136
49970
49139
50053
49822
49929
49350
49616
50093
50471
49829
50111
49383
49554
49375
49217
50796
50132
50303
50594
50345
49672
52046
48747
49622
49960
51092
49468
49660
50515
49318
50379
50094
49301
50512
50505
50026
49566
49297
49309
49862
50444
51268
48845
49635
50165
50634
49166
51151
49447
47499
49368
50643
49690
49309
49851
50499
49248
49784
49468
49206
49541
50158
48652
50260
49810
51335
50891
49463
50459
49664
49769
49867
48573
51154
49594
50142
51857
50545
50556
48999
47983
50052
50476
49599
49532
49670
50054
48753
49956
51571
49331
50071
50006
50816
49284
49989
52753
51506
49397
51189
49776
49609
51162
49682
49273
49851
49438
49831
48758
49089
49777
49447
48759
50327
49634
51556
50710
49847
50645
48216
49317
50578
51135
49704
49064
50934
50533
51311
52487
50760
51309
50916
48858
50083
49476
49478
51436
48782
49989
50433
49929
48747
49341
49677
48854
50764
49746
50968
50536
49387
49416
50782
49016
50740
49737
50961
48262
51503
49190
49316
50513
48639
51542
50739
51308
48905
50291
49768
50155
48081
48555
49393
48864
49576
50047
48625
49119
50202
49028
48739
48990
49742
50809
49345
50032
50081
48899
49873
48883
48334
49833
49701
51268
49285
48200
48608
50204
50248
52449
51468
52029
49777
49858
50285
49252
49159
51025
49777
49246
50228
50775
49128
50951
50004
50530
48425
50123
51764
50109
51922
50350
50995
49518
49601
48408
50143
50225
50045
50681
48799
49915
51503
49347
47625
49685
51834
51693
48555
51992
49383
49418
50113
50825
50217
48410
50178
48665
49521
50904
49942
48801
49774
49232
49716
48707
49960
53529
49310
50135
50858
49529
51866
50058
49377
49541
51004
51098
51356
49859
51456
48705
49901
48927
51878
48565
50112
50253
50247
48559
50956
49528
48415
49906
50457
49570
51001
49269
49390
51393
50229
49346
50972
48854
49518
49259
51203
50057
47875
48577
49984
50751
49761
50267
51039
50143
49419
48324
48528
49473
49790
47587
49634
48750
50402
50317
49915
50549
50440
50760
49947
49883
50639
49955
51492
49032
50943
48954
49924
49832
50981
50754
49670
51732
47734
51764
49685
48469
49520
50675
49251
50421
49306
49950
49295
51924
50523
50149
49364
49939
49265
48074
49510
49731
49968
50719
50561
49500
50109
50907
50791
48690
50275
49388
48972
49905
51111
51531
51196
51448
50902
50306
49251
51137
50542
49958
50244
50509
50088
50309
49627
52461
51949
50110
49006
48091
49838
49621
48780
48442
49027
51136
48649
50065
51375
49858
50010
49990
50079
50820
49164
50942
51908
49552
51725
50183
49019
51773
51033
50393
50823
50200
49269
50731
49038
50319
49047
50320
51046
48692
51290
50753
49239
50107
48421
49282
50413
49111
49138
51752
51419
48507
48470
50238
50169
49934
50197
49642
50297
49928
50982
50586
50768
50707
48882
51120
49189
49712
51295
50457
50199
52308
49460
50250
50449
51114
51054
49011
49624
51549
50287
50213
49447
48557
50379
49345
50193
50657
47519
51618
51487
49703
48799
51515
48318
50172
50106
49958
50869
49454
50191
49612
51615
49906
50363
48313
50293
51123
49814
50403
49830
51275
48494
48218
47032
50792
51115
49137
48928
50591
50944
51195
49333
50508
49617
50507
49659
50012
49507
48517
50135
50177
48197
50912
49612
50822
48692
48628
50077
51270
50260
51421
49731
51299
49967
51298
48287
48425
49567
49778
51651
50529
50058
49624
50961
49330
50444
49384
51481
48886
49131
50734
49950
51622
49328
48645
50838
51670
51592
50120
49424
50499
50664
50150
50991
50847
49540
50102
49995
48309
49220
50429
49517
51891
49793
49378
49478
48695
49658
49811
50163
50299
48717
48461
49647
51087
49426
49962
49256
48871
50507
50488
50186
50153
49052
51167
48789
49955
50879
48449
51339
51456
49858
49253
48279
50031
49887
49376
50801
50238
49231
47425
51890
50936
50073
53262
49871
51868
49986
49454
50020
50059
49347
52050
50051
49997
47624
48618
49062
50412
48991
49655
50333
50756
50223
51765
50579
49939
49816
50457
49635
50258
48233
49238
50549
50979
51843
51569
50113
50899
50814
50488
50606
49557
49579
49171
49615
49596
49859
48811
52066
47943
50930
49010
49438
49743
51458
50277
49447
51485
51358
52083
51480
51435
50756
50084
49048
51123
49701
50325
48070
51320
49293
48173
51223
48796
50405
51101
49880
48701
49718
48682
49369
49616
51494
48123
49205
49582
51347
52114
48446
49402
51574
50369
47569
49192
48420
49873
48588
49984
50871
49847
48859
50024
50881
50127
49497
50068
48448
50482
50880
50898
50171
49364
47661
49633
50846
51280
50217
51400
50328
49883
50000
49622
50478
50368
50241
50484
51461
49861
51182
50974
50408
50554
49534
49376
50420
50475
50853
51083
50206
50102
50652
48553
50800
49406
51269
49976
48997
48612
50118
49400
51591
49194
50960
51465
49652
50493
48002
51489
49174
50994
51719
48008
50349
52009
48761
49822
49740
50780
50767
48071
51285
50014
51161
48804
51433
51758
48810
49937
50231
51059
49468
48830
51647
49668
50895
50563
51501
51707
51548
48607
49068
49268
48696
49240
48105
49508
50427
49304
51481
49330
50324
50894
49320
50502
50729
51202
51057
49627
48850
48588
50481
51744
49496
50116
50786
48930
50625
50991
49140
51077
52204
52896
49733
49983
50374
51060
50121
49584
50327
50515
50295
52742
50626
49629
49629
49974
49072
48997
49629
49831
51733
50449
50889
49386
49590
48982
49798
50943
49760
49449
51168
50500
50818
50641
48165
50728
51203
48496
50762
50583
51452
49204
50297
49649
51007
49459
49686
49678
51984
50773
49461
49759
50051
48491
48086
50074
51253
49701
48825
51116
48683
49546
50166
49136
49285
50601
49597
50402
51053
51316
49672
51288
50531
50150
48314
49118
49581
49581
49775
51272
49935
49580
50052
48773
50231
48822
49928
48683
50620
48809
49242
50536
51244
47778
51610
49164
50992
51562
51138
48738
50159
50358
49795
49008
49565
49467
50738
52118
49389
48869
50685
49379
49504
50282
49526
49902
51520
51025
49682
49472
49307
52708
49135
49070
49275
50769
48985
48477
49769
49874
49192
50110
50359
49774
48785
48335
49889
49506
51143
49581
51700
51950
51581
49630
50636
49807
49708
48176
50411
50381
49733
50647
50626
51380
51436
50218
48982
50928
51299
48520
49163
49267
49008
50184
50026
50350
51981
50870
49898
49657
49364
50708
50250
50051
51186
49423
50557
48524
50433
47499
50389
50277
48629
50993
49259
48678
49209
47677
49821
48408
49324
52050
49477
52113
47700
49226
50505
52140
48483
50487
50275
50964
50318
51015
49287
50022
49874
49549
49563
50758
50549
51601
49257
49394
50466
50355
48409
48457
50494
51320
50112
49517
48316
48501
49295
50919
47981
50734
49079
52774
48995
49140
49974
48177
50538
48797
50142
48935
50375
49447
50064
49423
46494
52481
49779
48928
50949
49669
50192
50718
53632
49712
50885
50701
49766
48574
50200
49602
47993
50207
51934
48490
48739
50081
51530
49939
50322
49879
50023
50495
49812
51276
49867
49212
49336
50288
48615
49107
50499
51234
49534
49702
49016
50310
49085
49518
49436
49556
49583
51288
49008
48830
48729
50588
49327
49339
49578
51020
50464
49826
49467
49296
48709
49593
50410
50919
49498
50878
49179
50635
49520
50525
48683
50225
50634
50578
50075
51860
48657
50825
48907
49828
50607
49462
51769
50152
49892
50907
49880
49825
49826
50467
49943
50048
50187
51172
49875
48892
50564
50499
50855
49085
49796
48807
49241
52421
50597
48728
48990
48525
49945
48798
51233
47685
50570
50216
51060
47360
49275
49177
49837
48186
49520
50402
49884
49869
49756
50097
51250
48668
49291
50421
51815
49279
49280
50682
50587
49311
48407
49662
49079
50243
51743
49634
49266
51158
49981
48962
50670
50537
48894
49977
51975
50177
50379
49506
51637
51392
49440
48910
50139
52074
49914
49295
48121
50928
50066
50016
49190
49996
49242
49595
50532
49307
49012
49671
49076
50633
49804
48486
50567
49028
50230
51501
50087
51118
49957
49827
49842
49795
50280
50774
48513
49469
49905
50336
49787
51351
48622
49629
51459
49410
49950
51918
52453
50621
48838
50067
49918
51115
50373
48163
50479
48808
50307
50509
50954
51807
48668
50384
49523
49642
50736
50388
49282
49709
50675
50018
49203
50086
49167
50293
50325
50345
48123
51273
50717
51026
50436
48014
49649
48551
49963
49234
50206
49132
51916
51842
48776
50563
49946
50504
51131
49668
46998
50511
50055
49272
49219
50044
51404
51228
50115
50769
49208
50072
50480
50937
50036
49925
49291
48555
50295
49537
51261
50899
50267
49690
49356
50620
48731
48770
51081
48761
51506
50199
49891
49348
49797
48562
50293
48654
49149
51048
50541
50928
50164
49872
51648
50503
48282
50333
49934
50899
49235
49524
48950
50564
49317
50268
49589
50348
50103
50494
48911
50054
48921
47798
51874
49554
51674
50010
50172
50102
49328
50055
49727
49897
49547
51333
49476
50451
50215
50097
49827
49564
49115
49653
49471
50195
49878
50970
51490
50137
50916
47811
52201
50851
51735
50458
50087
48027
49677
53036
50927
51177
49755
51308
50298
48420
49983
49267
50150
49802
48495
50083
50174
49030
50742
52526
53464
48774
50680
50212
49600
49478
50199
50899
49255
49914
49643
50277
50468
49266
50004
48964
51394
50160
51108
50253
49622
50835
50074
49619
49583
48939
50046
51528
50058
48437
49760
49758
49081
50964
48434
50257
49360
50227
49791
49527
48765
49459
50272
51307
49429
49754
50271
49217
50004
49099
50361
49674
49117
51170
51039
49666
50174
50141
48545
49454
50199
48155
50320
49863
50721
49623
50362
49192
50106
49606
50443
50238
48841
50309
51067
51578
51641
48750
50510
49408
51024
49667
50855
49038
50434
50594
49377
50877
51628
50994
49025
49278
51458
50038
49320
50805
51787
49414
50093
50106
50803
49740
48429
50544
50643
49293
50820
50088
49281
50034
49351
50457
49664
50434
49158
51225
50477
48552
51102
47973
51600
48737
47939
49752
49921
48493
49936
52131
50544
50068
50014
51383
51027
48915
51714
50904
50726
50474
48836
50584
48831
50389
49907
47722
49775
50471
50020
49885
49739
50493
48338
49450
51540
49738
49359
49222
50275
50878
49944
49442
49229
48904
47246
49474
51442
50435
51358
51070
50219
51436
49335
50627
50623
52150
51318
51136
49614
50826
49033
50441
50148
48643
50533
50124
48914
50624
50429
50640
51526
49276
49672
51507
49849
48696
50412
47836
50727
51691
52790
50545
50890
51024
48861
50350
49567
52100
48123
48586
48948
50435
51314
50309
49697
50435
48444
50344
49802
50293
49098
51056
50949
49202
51561
49950
50789
48341
50949
51082
49814
48376
48691
50068
51144
49371
49254
48613
50879
50341
50406
48762
49428
50486
48431
49866
51360
49384
50828
50746
49152
48979
50751
51346
49369
51059
49923
49913
49792
51397
51082
50084
49800
49311
50464
50132
49107
50656
49319
51639
49552
50571
49856
49578
49314
50846
48997
49858
50059
49392
50197
48862
50025
49112
50864
49877
48750
49986
49159
50473
49728
50433
50386
50870
49328
49230
50281
49033
50690
49807
49032
49099
50933
49056
48972
50459
49452
50862
50925
47428
49055
51565
49954
49787
50529
50426
48941
48562
50375
50426
50483
50505
47216
49961
49307
50173
49536
51656
52309
47939
50874
49285
50887
50645
49371
48799
49036
49486
49746
49775
50116
50762
48459
49806
49562
49038
49909
49338
48570
51866
50129
48333
49947
48760
51415
51179
51179
49308
49584
49903
49882
49963
50531
49993
49092
51382
49972
50274
49196
47735
49324
50303
49918
50080
49979
50021
50599
50529
48699
52287
49017
49946
50337
48992
48702
50310
50372
50606
50175
50662
50186
49006
49469
49625
49514
48645
50486
50832
49030
48410
49247
50190
50975
50659
48532
50974
49859
49039
49778
50816
49774
49734
49922
49930
51224
52991
49942
49617
50246
49004
49493
51797
49557
50906
48698
50093
49595
50178
50568
50547
49455
49319
50657
51947
48583
49305
50231
50157
49904
49896
51444
49747
50428
51756
49606
48464
50384
50052
50362
49590
50202
49535
49570
50453
50611
52322
50553
49793
50225
49944
50026
50153
52371
50345
49871
50471
50576
50702
48649
49432
49893
48535
49584
51688
49987
48672
48918
49984
48622
50410
49355
50188
49520
49328
47609
49123
51799
51539
50484
50645
48763
50207
49348
50592
48293
50961
50591
50698
48441
49519
48530
50011
50935
50236
51667
50839
51347
51204
49122
49638
50476
50990
49218
48135
49595
50380
50753
48794
49819
50799
49612
49070
52915
49430
49962
50686
49469
49819
50162
50196
49805
50302
48941
48719
48711
50040
50547
51249
51549
49282
48838
49633
50724
47743
50195
50418
48941
49407
48755
48611
50433
49964
50210
49999
50184
48046
49190
49470
51084
49607
50636
48848
49054
50317
49368
49838
50163
51682
50004
49721
48449
50651
50533
50087
51081
49379
50949
50956
49429
51694
49726
50300
49343
50063
51078
48521
48904
50619
50372
51470
49007
50642
49210
48478
49868
50564
50067
49336
51013
50490
51268
51005
51872
49456
50224
49857
50176
49918
50402
48892
51389
50505
50693
51306
50803
50270
51080
50148
51001
48909
51449
48822
51114
49248
50729
49473
49060
48788
50705
49989
50982
51268
51566
48131
51217
50039
49995
51168
50033
52617
50828
49392
48997
47941
49628
49914
51405
51106
50041
50655
47854
48828
50267
49593
52728
50981
51089
49179
49555
50359
50698
50070
49246
47812
51901
50968
50162
50425
50045
50776
49958
50863
49990
49000
48928
51990
51808
49016
50472
49693
48757
49385
50166
50034
48812
50887
50449
51682
50351
49987
50581
49629
50874
50646
50317
49820
49956
48070
50298
50020
49674
50487
48135
49873
51757
49013
50905
50028
50372
48773
50312
49466
49836
48665
49157
49599
48738
47805
47894
49703
50005
50198
49948
49279
49401
51707
48085
50380
51095
50248
49413
47933
49779
49977
47748
50821
49518
49705
48995
50042
51148
51580
49829
50128
51589
49928
49305
50311
48200
51331
50440
50845
49901
50117
51097
50606
50038
50786
50439
49750
51590
48187
48305
51458
49486
49250
49402
50107
50238
50793
51513
49773
51039
53008
50407
48734
49463
50630
48791
50949
49718
49759
50399
48679
50252
49821
49889
49260
50041
51132
48866
50750
50685
49372
48857
49899
49979
50592
50408
50596
50719
51671
49957
51973
50685
50717
49106
51378
49143
50693
51115
48565
50044
49381
50152
49099
48310
49364
49445
49021
49439
48833
49972
49964
49857
51194
51393
49323
51681
50326
48311
49350
50480
51074
49824
51337
48905
50890
50788
52159
50312
49102
51444
48722
50586
50598
49280
49559
51295
49528
48933
51120
50052
52038
49286
50201
50226
48503
50373
50897
50628
51316
50462
48620
49709
50428
49812
49698
50539
49162
51191
50890
49813
49598
50985
50837
49150
49741
49186
50274
49127
49220
51281
50626
50367
49065
50833
50212
49785
49588
50718
49678
50159
48610
49898
50563
48896
50062
51765
50234
49308
49647
50085
50115
50520
49862
49736
50484
50287
50812
49382
49806
49433
50036
48560
50741
49589
48806
49427
48566
49287
51173
51568
49095
50541
49169
47640
50148
50380
51416
49572
52143
49482
50594
49852
50008
50563
49644
50645
48830
49105
51783
50091
48865
49450
49050
50656
49031
50648
49852
50576
51164
49845
51638
51728
50219
48537
50857
50101
48900
49661
48501
49708
51523
49687
48746
49436
50201
51428
48989
51164
50924
51938
50543
48896
50031
50563
50020
50963
50135
49507
50291
48950
51741
49590
49596
50855
52437
51228
52951
49335
49493
49031
51234
50737
49890
49781
46440
51933
49331
49415
51353
49631
51901
48647
50047
49702
51133
49186
50695
50231
51185
50897
48709
51482
50436
50470
49897
49143
49651
48769
48766
51184
49943
48590
49060
48927
49171
49405
51133
50704
47882
51267
49494
49946
49553
49616
48321
48744
50440
50478
48478
49093
50663
49259
49669
50362
48473
49229
48626
50258
48344
52341
49585
49641
50902
50808
48909
51184
49772
50011
48461
50430
50323
51056
50127
51626
48956
49169
48902
49092
49429
48613
49180
50147
50167
50542
50672
53345
49618
48651
50114
48006
47641
50935
49954
50437
50258
50121
50312
50635
50200
48788
51393
51959
50736
51039
50732
49706
50167
49468
50937
51659
51632
49869
52247
47957
50170
51184
50526
49285
50991
49682
49557
49109
49018
48792
51606
49467
50421
49342
48805
49010
49044
49407
50600
50367
51556
50033
49665
50368
50130
49921
49206
50640
51837
50238
50493
48081
51559
50220
49426
49741
48036
49243
50850
50319
48515
49471
51511
49935
49628
49176
50440
51251
50520
47224
49999
49502
47994
52195
50215
49828
49217
51897
51074
49830
49603
51860
50111
51692
47729
50307
49026
50305
49197
50706
50631
49635
49361
50485
50323
50030
50908
50322
48947
48888
50100
50305
47867
47855
49251
49751
50983
49866
51221
48247
50039
50875
50484
50471
50398
49746
49337
49285
51901
50029
49982
51975
50204
50800
49790
51527
47562
50116
51692
50756
49878
48149
49795
48968
49388
49414
49767
48523
49990
47737
48769
50236
48285
50663
50736
51283
51751
49226
48678
47780
49820
49930
49525
49645
49092
51536
50104
51386
50565
50208
50782
49741
50274
51343
50068
48012
50166
50829
49521
50773
48653
50316
51849
49484
49059
50039
50672
50437
49228
50561
48533
51208
48677
48874
50690
48899
51147
50113
51521
49080
48408
52199
49231
52597
49379
50881
50741
49356
51044
49535
50338
50978
50258
49166
49902
48791
49379
49298
48691
50389
48800
48955
50442
50072
49684
49582
49640
49078
48946
49092
49446
49249
50118
49833
48047
48701
49037
51085
50128
48830
50265
50384
50935
48463
50844
49289
48932
49811
51176
49749
48969
49268
49657
48362
48983
50132
50106
50341
49668
48564
48972
49175
52028
52065
49184
50796
51098
48931
49088
50948
48487
50194
50439
49239
51000
50527
50446
49396
48646
50631
49738
51157
49079
49879
50212
50766
48975
49719
51526
50067
50567
50039
50602
49493
50351
49256
48823
49835
50370
49050
50550
50727
51736
49380
50069
49067
50331
49931
51109
49110
48143
48876
50230
49627
49878
49895
49469
49196
50452
50765
48874
50521
47665
50131
48252
50160
49137
51078
48734
51340
50790
49977
49073
50246
48793
48660
51283
48060
48276
51348
50238
49650
50312
50217
51901
49256
48897
51152
49641
48003
49010
49928
49532
49920
49999
49494
49904
50507
50662
49898
49254
51416
49874
49456
50337
49982
49487
50846
51112
50278
49044
48961
51138
51067
50192
50923
50813
50768
49582
50473
50457
52130
48990
50018
51173
49846
50661
50425
49708
49942
50592
50413
49860
48114
50583
50230
49558
49650
49567
50107
49046
49391
50101
49185
50368
48450
48454
50477
51265
50515
49359
51662
51408
51868
49188
51041
50489
51710
49151
50729
47747
49310
51038
48781
52110
49900
48331
48528
48256
50928
50883
49272
53248
50367
50425
50677
48363
51353
50038
49331
50702
49980
50979
47844
48752
50919
51510
50123
50613
50294
51688
50768
51469
48985
48514
48739
50485
49753
50029
50866
48033
51008
50078
51165
49737
50178
50309
50688
49513
48866
50958
49098
49993
51072
51061
50817
49772
50235
49680
51431
50825
52139
49954
50127
49217
50730
50749
48578
49572
49142
49310
49992
50124
49409
49978
49198
49275
48692
49759
51813
51532
51193
51756
49732
49165
50658
50231
49838
48295
51473
50984
49719
49555
51215
49169
49158
49453
49580
48627
48287
49020
50596
49911
51243
50511
50171
51112
48791
51486
49548
49721
50601
48371
51619
50927
48934
49259
50845
49804
50242
50918
49331
50701
48380
49480
51430
49763
51199
47692
48367
48962
50112
51610
49893
50154
49627
49585
49320
49878
51285
49715
49813
50453
49737
51295
49824
51295
49463
50922
50547
51289
51307
50182
50129
49752
49837
49654
51550
51420
51579
50129
49212
51466
49999
48839
51320
49188
49284
50285
51213
49877
51668
50639
48129
49908
49729
52005
50337
50476
50192
49757
49826
51766
50855
51103
50881
50451
51091
49068
48901
49335
50863
50076
48787
51681
50080
51288
50311
49619
49558
48410
50181
47760
48748
49098
49695
50941
49163
50804
49464
52035
48064
51187
50921
50868
51062
50123
50675
49338
51468
51298
47797
50152
51796
49241
49863
50720
49486
49547
48404
50475
48632
50187
49518
50833
50063
50564
49198
48941
49221
49437
50001
49190
50267
50331
49993
49182
51783
50756
50035
50284
49604
50052
48939
50440
49606
49475
50359
48491
50109
49729
51313
49374
51437
50941
51496
50677
51144
50704
49907
50195
49827
49904
51134
51339
49824
51197
50177
49893
50371
51400
51308
49867
51696
51951
49088
50199
48522
49647
50994
48157
50054
51039
49135
48729
49460
47631
48711
51562
50462
48410
51467
50920
50084
48964
49605
50623
48732
49593
49809
49246
48774
49542
49326
49897
50584
49006
50364
48469
48304
50740
48354
51032
48881
50029
49247
51498
50552
51136
49610
50078
49100
50336
48266
50067
48271
50223
50953
48922
49032
50112
49539
50136
50269
49620
50155
50282
50875
49351
48805
52945
48870
50825
48465
48831
49656
50480
51254
47689
50724
51118
51219
51266
48567
49786
52291
48549
51442
50492
49483
50444
48726
48633
49147
50071
50124
49381
50109
50654
50029
47732
49002
49405
49774
50029
47952
49177
51571
51007
49858
51745
49739
49363
48924
49836
50704
49360
50956
49837
50588
49737
50685
50125
50543
47377
49703
51102
50553
49587
49715
48615
48532
49806
50126
50195
49307
48128
50333
51384
48732
49187
49738
48745
49843
50544
49476
49982
48531
51806
49580
48353
50701
50432
50090
51527
50439
51940
48807
51609
51122
50175
50685
49320
51207
49067
48936
48160
50999
50784
49092
51200
50174
48033
50338
49216
49903
50221
50460
50145
49980
51330
48560
48202
50186
49617
49467
49656
49618
50596
50644
51744
49801
49234
49815
49425
48849
48888
52197
51277
50606
49615
52886
50082
49675
49630
47300
51483
48931
48747
52829
49950
49068
49602
48729
49766
47881
51028
50625
47181
48782
52836
49425
48912
49501
49860
50620
50454
48113
50624
49484
49221
49853
50262
50657
49164
51309
51337
47920
49560
50496
51359
52815
49493
49384
50656
52348
50363
49099
49508
51023
50530
51059
51444
49989
50884
49945
49189
50383
49490
49138
49279
48787
49324
50364
49367
49017
50429
51870
49521
49996
50878
49764
49832
48664
51187
48508
49994
50518
49506
50889
51100
50919
49984
50663
50527
48789
50450
49113
49393
50970
48918
50298
49883
50598
50429
50934
51351
49707
50337
49787
51493
51020
51144
49077
49490
49968
48750
50151
49969
49725
51953
49953
49594
50690
51959
49602
49521
50280
48452
49902
48510
48690
47636
50813
49049
50053
51416
51536
51121
49484
50827
51917
49656
49288
49149
50762
50324
50208
49453
51119
49437
47876
50458
48983
48529
49540
49665
49413
47522
50756
50197
52208
50505
50199
51141
49107
49975
49390
48633
48531
51026
50551
49371
51021
50378
51056
49741
49338
50145
49058
49400
48729
49116
49883
48596
48545
47787
50578
48798
49342
48612
49567
51291
49542
50978
49274
49680
50768
49216
49749
49171
49060
49759
50949
50368
49007
50177
48791
50968
50274
49767
51548
51299
51594
50072
51053
49685
51423
49805
50194
50364
50205
48929
49620
50732
49828
50065
49356
49707
50023
49066
49623
48864
49180
50390
50139
49139
48331
48316
49415
49349
48993
50666
49313
50083
51283
50674
52224
52015
50778
48781
49960
50978
52252
50479
50544
50538
50909
49877
49494
50134
49115
51254
51452
48921
49780
50504
51085
49332
49141
50335
49353
49747
48639
52038
50739
50675
48752
50555
51598
50011
50523
48449
48222
47362
50356
50944
50030
49385
49667
48874
50197
49923
50677
50705
50788
49946
48771
50845
50072
50078
49339
51553
49724
50269
50092
52040
51559
49853
49567
49521
51117
51286
49548
49457
50455
48990
50116
50525
51981
50880
49426
51179
49350
50448
50148
48355
52424
50146
48009
50322
50436
49186
49306
50789
51423
49777
50104
49463
50848
50538
50754
49813
49844
48068
50636
49441
50098
49809
49526
47689
47498
50116
50458
50639
50062
49678
50027
50085
51078
49774
49242
50452
51600
50374
50023
49981
50107
51467
49103
48973
50452
50268
50012
50326
49321
51239
50619
50588
49295
49589
48960
49939
49080
49874
52633
50903
52226
49034
48745
48626
48546
49255
50641
49979
50338
49763
50241
49626
49709
50025
51287
50841
50688
51458
50849
51398
48963
50785
51045
51206
49211
50435
50236
48603
50816
49465
51999
49601
50852
50048
50341
51246
51093
51760
51158
50341
49317
50343
49860
49189
50642
50044
48899
49784
49636
48196
50549
50068
50427
50207
48882
48713
50387
48517
52751
49848
50819
50923
50668
51025
49635
48929
51219
50477
50777
49378
50020
50971
52658
50401
50381
51128
50079
50182
50176
48938
50486
48978
50315
51575
50614
49116
49976
48816
48818
52261
49680
49844
51618
48314
49482
49411
50277
50940
49987
49545
50163
50368
49278
48810
50586
49416
48755
51019
49860
50455
48293
48942
48603
49155
48983
49061
49824
50549
50910
50313
49596
49242
48049
50592
49323
51071
49241
49287
48802
50783
49730
50437
49942
50182
50204
50412
50348
50039
49989
49658
53010
52464
50508
50799
50956
49989
49430
47280
50121
48276
49397
48445
51087
51782
49539
48594
48512
49849
49602
48874
49898
51077
50794
49789
49931
49818
51139
50231
51861
51343
50330
50291
49954
50918
48653
49725
49560
49628
47976
49409
49525
49402
51370
49927
49602
50901
49858
50217
48666
51745
49007
50583
50091
49509
50277
50746
49533
49078
49030
51564
49141
48978
48074
51722
50380
51103
48811
48529
51079
49102
49192
51286
48008
50337
50636
50044
51411
50807
48755
49394
49579
51167
51188
49119
48262
48386
49548
49078
49785
49034
49786
49871
49579
49660
49340
49653
50470
50304
51106
49718
49866
51249
50781
50624
49815
50471
49841
52244
50103
50331
49340
51247
48667
49267
48275
50553
51435
51094
50436
50312
49725
50814
48527
49698
47821
47953
49480
50219
47906
48048
48902
50193
48596
48897
51720
50624
49474
50677
49048
50899
49269
50711
50286
50153
51255
48721
49053
51614
49938
50825
50099
49714
49932
49035
49686
49048
50137
50851
51150
51570
49803
49664
50653
48623
49648
48877
51528
51410
48729
49593
50900
49910
49446
51006
50566
51565
50150
50473
50540
48670
50187
49135
51017
50208
49577
48105
50632
48335
50962
50262
48035
51788
48427
51456
50726
49914
48436
51459
49708
50091
50357
49566
51584
49465
49755
51482
49945
48989
51759
50313
50433
48718
49101
49916
48978
50032
50934
51701
50899
50997
47909
49692
48252
51440
48634
50922
50386
49927
48005
48596
48809
49896
48070
49708
49554
51765
50074
49183
51182
49630
50909
50111
49882
48752
50659
51163
49022
49881
49527
49739
49882
50974
49716
49025
51391
51054
48825
48508
50223
48722
50195
49593
49523
51544
50760
49740
50103
50351
50609
51312
48943
50603
49114
49863
50117
48643
49818
50005
49056
49929
50763
49768
48447
48454
49250
50976
50750
52007
50317
48059
51115
50172
49910
49600
48385
49250
47842
50573
50944
50222
48450
52520
49959
48749
49389
49346
51413
47660
50320
51677
50730
49183
49536
48276
50192
52005
50774
48725
50576
50222
49711
48382
50878
49536
51684
50938
51618
48805
50363
48709
49085
48514
49385
51962
50364
50396
50837
49889
50420
49612
50626
50655
53063
51665
48701
50176
49633
49716
49182
49870
50822
52113
50675
50335
50725
50783
50465
50090
49956
49338
48654
48624
50053
49852
51180
52311
50596
51615
50925
50455
49020
51774
51033
48050
50053
50761
51647
47688
49856
49875
49138
49379
49822
51038
51189
50726
49252
50636
49067
48934
49805
50440
50598
50230
50299
49478
50191
51423
51293
49533
50535
48886
52044
48388
48458
50597
48737
50722
50306
50299
48860
49470
50897
50048
51651
49555
50621
50852
49738
50606
48064
49704
49161
50417
50360
48689
49326
49500
49100
49519
49964
50952
52104
50205
51286
49195
50490
49399
50571
50583
49748
49611
50083
48944
50864
51146
51503
49197
48796
49637
52189
50480
49499
50937
49383
50162
49351
51434
51171
50457
49247
49943
50523
50906
50214
48401
52223
49747
50864
49567
49661
50212
51764
49399
50318
50606
48655
50726
50554
48708
47374
52145
48613
50309
50372
50067
48367
50054
50790
48316
50505
50244
51432
50690
50026
51033
49294
52332
50436
48295
49903
49474
49608
50097
51550
50181
49459
51726
50065
50998
51183
49640
51036
49883
49359
48509
50307
49089
50756
51710
49809
49311
50953
50151
48656
49876
49664
48292
49765
51300
50875
51040
50670
50634
49152
49345
47942
51686
50272
50921
50061
50763
48674
50090
51888
49390
50876
51865
51055
50996
50825
49483
49897
51296
48441
50197
51313
49442
48589
50673
50305
51579
50122
48854
50142
50330
50021
49486
50044
51336
49518
50635
49217
48713
50065
50416
49749
51589
51035
49442
49181
47517
48434
47908
50528
50678
50339
50821
47310
48539
50818
51076
51432
48796
49918
50055
50145
49790
50190
49780
51577
49259
50079
49424
49125
48828
48239
50877
50023
48872
49834
49845
49507
50898
51381
49099
49398
51032
51106
50422
50034
52152
51882
51553
50882
51220
50156
49525
49617
50032
49412
50519
51546
49716
49718
49618
48321
51255
50579
49835
49689
49906
51273
50740
49781
51138
48701
50325
50973
50190
49084
48860
49848
51851
49129
51011
48592
49524
49548
49925
49711
50561
49282
49609
51830
50538
49552
51958
49398
51059
50709
49754
48053
49919
51209
49832
50287
49215
49036
49262
49610
48622
50086
50860
49719
51182
48416
49151
51587
51725
49433
48960
50186
50688
50116
49134
50480
50008
47067
50565
50232
50543
51176
52121
49430
50006
50939
49798
51379
50070
50685
50583
49282
49080
49744
50103
49721
48495
49856
49416
49360
50838
50126
51006
50598
50631
49254
49917
49929
50112
48842
51308
50885
51078
49915
49964
50752
48834
49426
50902
49626
50730
50918
51167
50779
49907
50739
48897
49589
52292
50239
50220
50083
50398
49691
49338
50413
49824
50811
51617
49595
47662
51367
49207
50370
50507
50004
49911
49796
50599
49995
49857
49981
49988
51584
50198
48656
51947
49488
49413
49606
49930
49411
51279
49932
50680
50516
50812
48896
49538
50096
50166
50272
48151
49749
50239
49187
48749
50623
47885
49306
50499
50247
49432
51158
49028
50594
48210
48089
48612
51046
49405
50752
50434
48704
48074
49927
49908
51219
51809
50424
48873
50418
50425
49207
49876
49924
49986
51347
51726
49912
50118
50733
50730
48388
51239
50745
50485
49859
49261
48679
49452
52645
51501
50530
50062
51720
49076
48612
52179
50870
50370
51331
49659
50702
52935
49006
50925
49010
49608
49629
51147
49195
50140
50277
52657
50239
50374
49989
48694
51997
50926
49492
51188
48106
50667
50241
47966
48220
48756
52088
51151
50116
49925
51552
49662
49536
49975
50534
49438
49689
50885
49237
50189
50168
50436
50004
51199
50287
50573
50988
49909
49659
50492
49301
50103
48561
49556
50626
49046
50050
49704
48602
51090
51245
49811
50504
47949
50371
49398
48738
51061
48261
49416
48990
50104
49947
50126
51316
50065
49386
49949
51176
48420
48854
49617
49875
50151
48086
49649
50980
48170
49769
48914
49544
50511
50481
49348
50622
50134
50457
49381
49954
49867
50380
50101
48794
50821
49400
51577
49510
51912
50473
49446
50379
48727
50834
50375
48986
51376
50122
50443
51003
50456
50111
48587
50201
49448
49186
48961
52781
49875
50363
48938
50612
51073
50343
47713
48693
49828
50317
49395
50249
49669
50324
49651
51156
50143
47685
50724
48828
48226
51057
50078
50088
48701
48509
50389
49591
49150
51377
49854
48486
49414
50128
50233
48165
51075
49853
49565
49981
50023
52560
49757
49027
48676
50488
49413
49868
50575
49139
49589
51115
49666
49491
49446
51178
49402
49262
50464
48891
50895
48891
48086
48810
49741
49505
50547
50529
49481
51194
48119
51064
50597
49664
50023
49666
49607
50725
50982
48355
49295
51384
49480
49610
49714
49455
49682
50129
48931
49097
50300
49074
51132
48952
50778
51643
50189
51409
50450
49956
49596
49101
48904
51645
50204
51305
49978
49284
50730
49917
50111
50142
50757
51748
49737
50129
49573
51943
52420
50161
50810
50411
48199
49897
49548
49796
46968
48273
48211
50910
48842
49283
48620
49037
49780
49091
48792
50822
50222
49526
49186
49643
51046
51578
48443
50412
49615
49164
50150
49920
50210
50513
47440
50160
51010
49528
51152
50320
49053
48770
50593
48271
48987
50878
49967
51257
50275
50484
49230
50145
49037
50378
48911
49059
49095
50824
49902
47202
49171
51664
49254
50356
50689
52180
51424
49224
49658
49463
50967
48767
49448
47605
49802
49371
50236
50636
48942
50633
50831
49741
51149
49546
50767
49604
52321
48260
49515
51417
49205
50962
51550
50520
48391
50436
48869
48908
48428
51191
50051
50422
49301
51049
49588
49914
50491
51085
50236
49140
49674
51226
50815
50430
49526
49956
50628
48923
49399
51370
50849
49578
50449
49801
51974
49737
49305
49578
50902
51637
47644
50963
50932
49257
48025
49851
50215
51403
47926
51069
49452
48671
51912
49371
48826
50129
51039
49724
51248
50432
50545
49807
49958
50588
51275
50123
49282
50064
50879
48815
49429
50447
50940
49986
48452
50678
48789
51322
48989
50100
49491
50447
50581
51810
51455
50620
52763
50092
49823
50418
50763
50187
48914
51380
49569
51128
49947
48620
50067
52762
51015
49417
50010
48530
48952
50809
48710
51080
49744
50329
51099
49692
50523
50461
51440
50286
47975
49997
49948
50451
49114
49938
50565
50202
49299
50263
49323
49056
49450
51390
50629
50898
48180
49030
47838
49897
50218
50303
50557
50904
50471
51526
48570
49297
51145
51209
51178
51733
50636
49651
50315
48854
47506
48944
49682
47462
50021
49748
48367
48514
49642
49011
50843
50148
51520
51559
50861
48725
50355
49032
48878
50669
48754
49901
49129
51165
49131
51286
49622
51708
51258
50535
50110
50812
49337
50625
50030
50916
47160
49562
50111
49761
49808
49961
52058
50071
51032
50223
50087
51615
50312
49113
50672
50948
50395
49328
50512
49925
50469
51889
49463
50076
49127
51924
49728
52851
50730
50015
49351
52290
50096
49349
50515
50302
48893
50207
49905
49839
49456
50042
48838
50112
50466
48918
50077
48483
50266
50393
50126
50616
51290
48995
49133
50279
50392
50493
49282
50230
51471
51725
49656
50375
50582
50034
50775
51435
48999
48668
49970
48861
49394
51337
51962
49800
49835
50016
49319
50744
49519
49979
48841
48075
49041
50348
49119
52086
50693
51479
50347
49752
50869
48614
51045
48890
50798
49788
49523
50512
50014
49841
49825
51710
50009
49489
49638
48641
50007
48405
50318
48940
51106
48796
49661
50052
51425
49757
50662
49983
51645
49973
50378
49637
49269
50596
49603
49407
48012
51270
51648
49883
51306
50072
49742
49085
48638
49304
48917
49756
51505
50760
51327
50396
50679
51560
49880
49433
49385
49743
49725
50991
50702
48630
49552
49624
49689
48252
49775
48971
50387
49636
48760
51194
50355
50843
50551
50791
48538
50893
50586
48048
49057
50383
49991
49077
50543
48983
50486
49101
49650
50920
49779
49069
51244
48861
50796
50202
50691
51127
49795
50384
49266
48780
49822
50257
51211
50114
48654
49946
47890
49171
48484
51408
51058
50685
50173
52133
48940
49480
49250
49510
51526
50175
48669
52186
49512
49528
50107
49571
49730
50021
49694
51127
49769
48613
48187
50316
51093
51455
49155
50800
49104
49362
50358
51330
49816
50295
49971
51137
49108
51128
48815
51701
48901
49965
50271
48432
50262
49404
50841
49458
49028
49236
50564
49906
48681
49711
50720
50901
49791
51309
50473
50787
49567
49049
50802
49374
49887
50856
48120
48851
49817
50099
47553
49936
50349
50097
48918
50143
49836
49156
50060
50468
49762
49914
49220
48426
48513
49190
49799
48011
48886
48012
50002
49729
51140
50178
50654
48493
49476
51396
49018
49338
49677
49369
51029
50004
49326
50151
49144
50167
49607
47654
50322
49719
50739
49660
49845
50273
50597
52095
49200
48697
51349
50611
50259
51060
50264
50748
48938
50569
50768
50416
49005
49316
50563
49895
50488
49038
50361
49369
50167
50537
51204
51448
49725
49775
50284
50076
49959
51636
50553
50495
50581
49914
52285
50038
49341
49132
51375
49472
49103
50206
50813
48460
48335
49685
50963
49546
49603
49288
51159
48763
51771
50345
49423
50136
50329
48177
51147
50255
51038
49123
50085
49545
50370
49979
52029
48644
51543
49977
50008
50873
49641
50145
50189
50203
49555
51003
49767
51062
50732
50480
49589
48163
50820
50174
48949
49095
51355
48179
51274
50854
49374
49797
50226
51116
50069
49911
50029
49660
50856
49766
49944
50512
49738
50291
50147
50847
49875
49061
49762
52374
50396
50738
51113
49713
51195
49961
49501
51240
48768
50013
50845
50014
50164
51158
50327
51294
50353
49793
50419
48743
49005
48889
51103
50419
50808
48877
51806
49929
49922
50944
50187
51950
49563
49207
49135
50666
50487
49603
48930
49386
50331
51536
49668
49724
51055
50434
50760
49070
50580
49810
50250
50731
51263
49776
49040
50565
50743
49155
50836
47928
50556
50101
49929
47583
49395
50485
48503
51175
49444
50344
49052
50331
49532
48274
51443
51279
50309
50083
50762
49317
48930
49921
51507
49366
51228
49601
51164
49500
50203
50794
49929
49063
48700
49931
49983
50364
49684
51272
50727
49929
50040
49477
49609
50659
51922
48522
49445
50855
50484
51304
49128
50106
49761
50351
49545
49792
50827
49107
48931
49564
49768
50810
48348
49969
48274
50187
49803
50616
50205
50168
49404
50409
49674
49769
49210
49901
50763
48080
51939
49546
51544
49625
48613
50872
49187
49263
50706
51160
49398
50854
49874
48809
49746
50778
49925
49796
49820
51990
49301
48866
50708
47707
50032
49879
49814
50712
49487
50007
48922
49826
50591
51023
49187
48556
51883
50707
49644
49671
50249
50076
48299
49124
50929
50189
48966
51325
50467
48680
49210
49399
50514
50836
50656
51193
50509
50077
50149
49157
49465
52343
50167
48873
50425
49491
50108
49978
50876
47583
50085
50835
48320
50635
49759
50873
49984
49509
50591
51460
49900
49710
50681
50924
51269
49185
50593
48333
49695
50192
49036
49899
51104
48923
49785
51917
49698
49804
48946
51119
48536
49558
50422
49600
50340
51497
49050
48910
50376
50843
49984
49733
48729
51448
50831
50110
50777
49977
49615
51284
51389
52481
50851
48695
50519
49659
48627
48870
50065
48416
50899
48835
50037
51425
48660
50005
50104
50418
50807
49412
49068
49477
49608
49671
51573
49341
50492
51335
50233
50352
49888
49971
50263
49789
50214
51460
49713
49522
49433
51252
50014
51730
49741
48264
51635
50727
50155
49394
50657
48930
50229
48730
51347
50284
51286
49913
51636
49897
47967
51679
52867
50627
50793
50714
50238
49670
50744
51380
50842
50314
50854
51448
51160
53156
50407
51032
48495
50388
50304
51319
49210
49032
49772
49603
50042
51622
50769
50123
50904
48719
49693
50156
48506
49890
48832
49362
52477
49961
49299
51174
48686
49930
50891
50002
50427
50722
50522
48609
49159
50408
51741
49855
50669
52557
50718
49463
50301
49352
48436
48466
51198
50032
48543
51386
50191
49537
50073
51232
51031
51063
50122
51362
49949
49723
50157
49255
50883
51580
52222
49252
51145
51573
49742
49675
50962
51062
50172
50296
48768
51358
49644
48505
50122
49686
49704
48307
49374
50454
51040
48939
50109
50371
50098
50994
50199
52325
51100
50509
51746
49917
50342
50993
49804
50346
52189
50427
50342
50284
49890
50368
49820
49313
48977
49526
49674
50036
49677
47758
48124
49099
50836
49566
49928
48263
50084
49525
49567
51609
51755
52435
50644
51090
50584
50381
48792
49905
51418
50987
50903
50396
50085
51049
50643
49225
50094
49033
49592
49871
49481
50175
51014
51409
50555
50046
50312
50309
50766
51038
49793
50320
48939
50056
49805
49130
51121
50136
51033
50276
51104
49452
50296
48939
49520
49384
51685
52560
47634
50068
50116
49518
48844
51005
49052
51898
50257
50329
49405
50172
50817
50806
51591
50804
49936
50150
50644
49570
49181
50904
50795
49965
49011
50260
48778
51361
49907
49815
50531
50515
49066
48726
51685
50171
50106
49466
50123
49546
50131
49441
50536
49627
50002
50843
49269
48465
50451
49938
50028
50737
49834
50390
50462
50316
50578
50679
50418
51434
48887
50917
50190
49934
50161
49092
49570
49483
49768
50870
48653
50127
49419
49436
50744
51506
50635
48177
50220
49583
50003
50492
49798
50068
48727
50239
50913
49787
48081
48792
49426
51442
51663
50578
48743
48614
49768
50274
51376
49374
49985
50386
48736
51380
50831
49248
48193
50836
49712
49085
50436
48766
49034
49971
50262
50856
50082
50925
50808
51638
49348
47977
49244
50004
49727
49561
48850
48214
51056
50690
49910
48378
51171
51039
49790
49982
48941
48922
47978
48314
49740
49043
51422
49796
48658
50330
49607
49895
49233
51522
50961
50330
49518
51287
49534
51812
49067
49440
49685
49808
51285
48182
51736
49821
49313
50459
51304
50491
50048
49142
50293
50314
50335
49732
51522
49504
50968
48957
48610
50691
49837
48758
49357
50718
51867
48835
51092
51014
50040
50350
50468
48969
48886
48331
51024
51113
49739
50070
50136
51569
50556
49318
49140
50501
49540
49407
50379
47948
50670
51531
51236
49085
50807
50929
49531
49195
49273
50604
48751
48598
51796
51135
50743
49398
48890
49909
50682
51171
48228
50520
50171
49345
48636
51039
50186
49529
49142
49962
49782
51032
49432
50719
48617
48574
49969
50565
50544
49481
49335
48449
51567
48422
49226
49931
48749
49029
49933
48683
49571
51887
49183
48972
49766
50437
49912
48343
48912
49627
52516
49593
49012
51628
51695
48320
50298
49874
49371
51865
48318
50652
49071
50678
49380
50803
50685
50386
48968
49727
50552
49761
49651
49481
49942
49977
48311
51386
47784
49625
49142
50107
51460
50359
49715
48312
49597
49818
49345
49879
48598
51303
49398
48971
50041
50840
51021
50431
49682
50349
50188
48682
49043
51206
49507
49597
52134
48824
49375
48659
49109
49233
48609
51093
50505
50944
48165
50346
49706
50841
50838
50154
50295
48958
49735
50833
47972
49012
49570
50042
50998
50687
49093
50266
48220
50904
49198
48828
48898
51252
50152
49557
51760
50303
49227
49091
50447
50399
50193
49781
50254
51529
50736
49414
49382
50300
51750
49572
50561
49788
50819
49968
50721
50108
50970
50997
50932
51299
48918
50208
50911
47830
48646
49647
50388
48467
50010
49197
49659
49715
48527
50072
49047
49191
49386
49618
49643
49113
49424
49681
47956
48860
51856
48654
50207
49530
49980
51593
49529
49756
50120
50211
48678
48496
50672
48474
52727
50704
49592
51439
49964
47713
50350
48695
49871
48883
49461
48928
51744
49987
51138
49959
50637
47970
49662
49517
50901
50102
52869
51259
48514
50042
49325
47965
49420
48800
51471
48207
49429
48928
51888
51280
49697
52271
47850
49308
49601
50187
49861
50145
52444
49116
50926
48566
51492
51035
50236
51252
49565
49327
49628
49473
51121
50863
49191
50780
50152
49192
51697
49067
50322
50521
49712
51156
50990
49973
48900
49153
50114
50282
49650
51074
49359
50992
49069
51943
49667
49717
50130
50373
47675
48330
49414
48923
51941
49601
50735
49574
49871
50300
50395
49522
48389
48830
49003
50730
50341
49776
50501
50216
48375
48931
51365
50909
49127
49537
50567
49358
49930
49783
48787
50857
50075
49895
49567
50580
50018
49496
49436
49456
49973
50713
51472
49144
50043
48963
49497
51538
49261
49296
51051
48354
50030
49122
50162
51532
50259
49698
50240
48804
51005
47735
50545
49917
48953
49984
50029
48789
51022
50539
51142
50676
49357
51220
51268
48982
51276
49968
49591
50380
48260
51181
49810
51453
48921
51418
49852
50295
49890
48806
47804
51930
49538
49850
50973
49283
50416
49794
49344
48031
51050
49099
49641
50571
49645
50333
50366
49589
49643
52010
50981
49972
51049
51182
48973
50437
48833
51442
48416
49660
51480
49176
50621
49609
49421
49666
49572
51551
50733
49452
51788
49664
49613
49260
51060
49681
49425
49343
50211
51261
51933
48806
51158
48658
50262
48093
48917
49777
50083
49909
50693
49376
51384
49739
47898
50788
51150
49842
49859
51026
49023
50414
50494
49364
50791
51267
49123
49558
48667
49770
51235
50632
51048
50652
51503
50570
48657
48156
50049
49058
48512
48946
50860
51248
49101
49118
49353
47911
49418
49787
50739
52616
48820
50676
50432
48647
51397
50276
48175
51309
50774
51893
48115
51624
49635
50365
49217
50424
51057
51509
49520
48228
49063
51285
51107
50156
49527
49083
49610
49300
50240
51264
50519
49922
50378
49738
48437
49798
50009
49813
50865
48587
50337
50766
50903
49375
50260
50355
49124
49677
49518
50895
49139
51086
49090
52194
51855
49881
49603
51508
49226
50085
47490
50144
50266
48173
49860
49333
50578
50641
49545
50515
48976
51200
50850
50158
51269
50357
50103
52228
51783
49943
49776
50373
50527
47439
51147
49733
49514
50591
50682
49671
50003
49963
51368
51058
50005
50310
50420
48348
50994
51469
48278
49073
51226
50092
52190
51919
48965
50709
48659
49363
51184
49897
47930
49502
50455
49342
48966
50880
49630
49629
50911
51915
50001
51002
49953
51393
49811
48303
50673
50890
51144
49620
50376
49092
50832
49585
50221
49776
50020
51195
50895
51512
50361
50140
51219
48524
50360
49682
50203
50312
52087
49476
50742
49701
50111
48456
50810
51681
48915
50357
49736
49581
51542
49426
49674
51979
49082
50266
51422
49940
50745
50203
49418
49070
48298
49903
49712
48306
49653
48584
49863
51016
49752
50795
50092
50686
50019
51281
49011
49661
49947
48907
50146
50778
50101
49758
49053
50431
49611
50586
50896
50475
49515
50427
50419
50306
48741
50588
50158
49327
50564
50670
50247
50688
47759
50065
51335
51731
49344
50198
50334
49416
50616
49585
49192
50218
49944
49524
48921
50047
51184
50744
49585
49147
50390
49650
49375
49825
49350
51825
49637
48745
50164
48460
48700
49497
50176
51109
50982
50761
48306
49643
49830
50940
50194
48469
49838
48728
48448
50918
49982
49788
50880
50421
50289
47354
50729
49936
50357
50538
49856
50655
49680
50278
50146
50237
49313
50879
52656
49183
49950
49405
48985
51099
49266
49970
49721
50499
49426
49966
51526
50682
50058
51644
49247
50910
50470
50424
50001
47703
50114
51009
50132
50542
49877
50636
49689
49350
50888
50500
50125
48415
49824
50669
48845
48990
51293
49709
49997
49644
48149
49380
50040
52834
50190
47804
48977
50241
50098
49323
49775
49588
50090
47925
49718
51098
50098
51925
47446
50229
51426
49218
50233
52085
50180
50480
49689
51323
49747
50790
50297
50250
50699
49753
51045
50739
51017
48952
52272
49195
49899
49385
50958
50156
51498
50054
49171
49908
49927
51023
51822
47739
49221
49638
51362
49678
49546
49785
50785
49025
50408
50091
49408
48279
49369
49996
48939
50446
49388
49337
48733
50155
50818
50389
49315
53633
48252
50613
51110
48681
52265
51498
50611
50033
49987
49861
49674
50307
51088
47886
48657
49320
50657
51345
50769
48144
50204
50252
51346
50703
48984
49778
51513
48392
50701
48840
48369
49837
49249
49378
50753
50116
49691
52162
51551
47332
50778
48951
49305
49812
48924
51090
49825
51542
50446
50414
50833
49559
51002
49510
52144
49067
47981
50308
49691
49126
50705
49663
48210
49451
49107
49927
51738
50327
49186
51220
50422
50538
50631
51421
50297
50836
51310
48056
49950
50760
50328
50173
51945
47923
50951
48221
47869
49616
47529
50327
48858
50277
49720
50409
48917
51316
49445
50495
49631
50347
50099
50667
49611
49266
49220
51910
50992
49898
48214
50416
50631
52026
49019
52081
51074
50764
53248
51150
50503
49821
50031
49357
50144
50420
50538
48945
50785
52009
49076
50467
51111
49159
49615
50114
49457
48131
50511
50296
50256
50578
50700
50037
48615
50521
51517
48777
50417
49500
47587
48659
48768
50544
49395
49303
51004
48791
49858
49960
50811
50311
50249
49172
50008
50196
50134
48978
50312
50385
50683
48719
49879
49743
49569
49020
49354
51621
50707
50328
50737
51285
49572
48615
51207
48034
50972
50182
48372
48951
49436
50143
49772
49279
50257
48680
50973
48077
50913
49261
49506
49556
49989
50512
49903
50420
51268
49528
48656
50676
50131
50582
48541
48845
51691
49673
51094
49256
50526
50751
50536
49865
50325
49861
50433
49506
52538
49483
50152
51393
51017
51189
47567
49878
48393
50179
49568
50468
51388
50336
49345
50863
49438
49916
49562
48490
50114
49999
47879
51908
51541
50784
47935
48397
49994
49500
49305
51230
47868
49677
49560
47959
49365
49213
49800
51493
51207
50441
48679
50378
50039
50400
48640
49633
50474
48977
51058
49801
49933
50337
50343
50425
49478
49544
49299
50451
49863
50476
50264
51228
51658
50339
49366
50212
49414
50476
50667
49117
51632
50968
49799
48745
49659
48541
49208
49879
48284
49428
49546
49573
52498
51507
50091
49820
50851
48909
48541
49855
49728
49544
50107
51579
51563
50317
50313
50280
49951
49797
51069
52353
50653
50734
50252
50229
51584
49256
51926
50530
50145
50487
50687
50225
49979
48776
50657
50343
48881
50756
49664
50142
51715
49306
49968
49742
48876
51085
51615
50200
49410
50062
50272
50151
49484
51263
48909
48729
49849
50181
49167
51343
50272
50537
50315
50727
51240
51188
51848
50879
50770
49529
48866
52598
48735
51066
49874
49130
48061
50665
51423
49285
50866
50518
49192
49883
48467
51320
49861
49420
51157
51864
51622
51013
50734
50320
51028
51530
51452
49174
49062
50169
48886
48462
49006
48875
49800
49655
48507
50892
48482
50093
50535
50105
49882
48519
47604
49854
50811
48476
50923
50874
50463
49386
48504
50082
48957
51336
50032
49429
52451
48341
49981
49776
48598
50876
49289
49247
50398
50444
50241
49714
50781
50511
49692
49786
50768
50069
47816
48161
50069
49406
49506
50858
50127
50755
49175
49047
50099
49675
49647
49938
50016
49257
48084
49902
50191
49240
51871
49175
48434
50495
50186
51134
50801
48199
48598
49581
51789
50795
47661
50859
51768
50634
50020
50159
50189
50304
48778
49328
49555
48768
46663
50126
50639
49755
50739
49505
48307
50126
50764
50825
49982
47994
49729
48945
50098
50472
50345
50709
48876
48381
50462
50164
49640
50036
50171
51193
49636
51289
50735
48775
49617
49820
50404
48135
49191
50046
50653
49548
49000
49833
50533
50788
50342
47173
48503
50496
50207
49974
49474
49055
50039
51180
51546
49856
50066
51633
49778
51941
52098
49731
49674
52078
49485
49142
50764
48019
49379
49820
50547
50539
49514
49590
49218
49810
50278
51419
50332
50402
48507
51566
50053
50646
48974
49853
51094
50244
51291
49246
49381
49541
50510
50434
48640
50619
48725
48884
49212
50565
52202
50509
50528
50592
49752
49693
51543
50107
48913
49494
49386
49631
50057
49472
50235
50151
49725
49881
49623
49962
50819
49317
50719
50661
50482
49287
51938
48598
50659
48277
48450
48994
49237
49536
49177
49645
51583
50435
49441
49988
49983
49260
49410
50055
50515
50390
48425
48791
49756
51251
50626
52316
48267
50022
50952
50020
49536
49933
49172
49581
49821
48165
49618
50923
50263
50165
50575
49478
50280
49171
50266
49438
51068
50511
49195
51662
51052
51355
50284
49370
50470
51253
49765
50743
50993
49622
51084
48421
49587
51463
50605
49157
47704
50097
49249
48532
48511
50218
49718
51392
48906
49762
50521
48827
51084
50606
48749
51196
49561
48976
50280
49807
50602
49870
47152
49551
50248
49940
49617
47709
50055
48648
50426
50550
48655
50109
51060
49413
49899
50300
48442
49857
51851
49818
50874
49290
51100
51157
49279
48768
49699
49291
51494
48791
48283
50291
48440
49594
50560
49879
50726
51963
48807
49105
50701
48633
50181
49277
49873
50721
48163
48324
52155
48294
51355
50908
50334
49524
47447
50659
51089
51359
51335
48775
50286
49584
48969
49084
49175
49823
50352
49946
50104
50435
50224
50338
50836
51029
49855
49913
50487
51104
49421
48216
50115
50332
50268
49485
50396
49189
49035
49283
50200
49044
50910
51400
51892
50339
48709
50864
47024
49870
49705
49813
48941
50957
49772
48397
49526
50940
50188
51548
49028
49240
50956
50164
48506
49772
50009
49525
50132
50420
48165
50022
49910
48953
50759
51392
49987
49637
50769
49385
50081
49862
50323
49105
50394
49760
49766
49531
49397
48210
51480
49872
48628
48502
50907
50175
48515
48883
49578
49530
49293
50173
49035
52093
50557
50967
48986
49920
50288
50556
48502
50626
49503
50895
51105
49381
49919
48685
49837
49353
49903
50612
47584
49899
49759
49524
51071
51390
49547
49186
50482
49635
49533
51457
50222
50841
49883
49361
51435
49198
50993
48897
48715
49753
50815
50255
49439
50855
51161
50165
50600
49265
51766
49219
49457
49028
50322
51066
48679
51965
51359
50861
50782
50231
51302
50834
52121
50553
49771
49841
50010
50687
50259
48614
50943
49324
49468
49206
50320
50770
51113
50190
51083
50708
49509
51868
51709
51104
49861
49853
49909
50590
51243
49475
49991
49279
49741
49814
49110
49675
49530
50713
49092
50950
50779
49362
48922
49766
49468
48059
50823
50638
48829
50221
50630
51222
51581
49327
49304
49909
50144
48993
52398
49126
50735
50417
49209
50686
50346
49306
50641
50140
49417
51537
50931
49980
48975
50543
49333
50353
51712
51034
49656
51126
50714
50635
49769
50946
52529
50144
49894
50782
49718
50499
50465
48979
50861
50169
48806
48165
51471
51201
50272
51563
49761
49041
49971
49595
50279
50101
49833
50764
49594
49626
50932
48947
50065
49966
50461
50992
51682
51364
49720
50327
48812
50563
51010
47827
49731
48765
49503
49624
50107
49903
48493
50211
51142
49836
48900
48943
50631
50318
49723
50156
50388
50261
49524
49530
47876
47924
48698
48571
48069
50187
49514
47877
49663
49726
50622
48936
51000
49543
50643
49939
49155
52058
49814
48867
49630
48929
50892
49713
50577
50956
49652
49045
50434
49422
48739
50563
49926
51258
49270
47004
49172
49324
50151
50483
48767
50254
47772
49658
50190
50386
49877
48625
50296
49223
49077
50013
50762
49637
48827
51056
50383
51673
50548
49248
50144
49805
48619
49325
48634
51476
48470
48568
50440
48294
50129
49562
51799
50362
49214
50063
48462
49567
49688
51261
49779
49391
50538
50706
51397
52092
50426
49160
48912
50004
50341
49890
49802
49414
50904
49629
49856
49350
48842
49949
50933
49579
50789
50308
48440
50398
49265
51161
48771
51232
50412
48540
50171
49580
49700
51852
49990
50449
49828
50493
52117
49615
48972
49510
51691
49862
48782
49501
49904
50750
50302
51375
50035
49723
50844
49327
49302
49722
48549
52188
49453
49789
50323
49337
50980
50550
49683
50058
50486
48725
49077
50140
49254
48231
50205
49495
49853
48534
51531
49125
50477
49048
48826
48757
50676
49758
48710
49970
49160
51277
50766
50828
49761
49737
49559
50615
51639
50084
48754
49427
49207
51259
51739
52277
50980
49372
51509
50867
49930
50905
49577
49975
50326
51217
49489
51609
49958
50336
50007
50361
48599
49095
49595
49461
49593
50908
51531
50289
50482
50576
50687
48565
49702
48946
50479
48445
50195
50819
50748
48245
49612
50277
50761
48689
51009
48984
51724
50553
50672
49398
49404
48695
52004
51677
49064
50394
51255
50480
49678
51072
49296
50361
50216
48304
50595
49805
48737
49153
51850
48716
49494
50885
48437
50013
49604
50232
50075
50156
49540
49943
49926
49361
50987
49936
48061
48848
50154
50275
49976
48903
50852
51532
49429
50142
51420
51625
50797
50865
53108
49715
51356
48979
50419
50750
48019
51640
49838
49938
48186
50313
48882
49432
49662
49362
48942
49738
50666
48501
50284
51934
50471
50592
49780
49504
51798
50194
51724
49803
52157
50812
49874
49970
48939
49812
49890
50034
52712
50345
50400
48722
49479
49189
49671
50112
50040
48614
49921
48975
50592
50040
49810
49660
50435
49112
49941
49152
49359
50056
52204
49448
49822
49850
50285
50196
50961
49908
51036
51215
50567
49879
48389
50513
49916
49917
50524
50616
49667
50570
49643
50308
48422
49090
48631
48346
49193
49938
50599
50329
52115
49591
49179
49662
47975
49907
49721
50399
51284
50193
53198
52100
51025
50607
50646
49886
51055
50354
49015
49131
48919
49035
49430
49252
49579
49908
49075
51605
48177
49278
51424
49812
49812
49160
47858
50961
49670
50278
49233
49686
48814
48306
51034
50991
49268
50641
50285
49424
50487
49609
50473
50372
49493
50453
48960
50111
48851
50953
48802
50697
50488
49355
49033
48702
50350
51575
50140
50210
48825
51310
50187
51411
51967
51688
49642
51374
49424
49666
48367
50443
50612
47816
51380
49339
48286
48157
47779
50942
49383
48976
49626
50396
49385
50342
50049
50863
51054
50035
50896
50261
50962
50783
49385
52362
49455
50607
49205
50583
49399
50141
51245
49208
50986
51558
50048
48771
51392
50064
50281
49581
49383
50303
49981
51465
48906
51881
49468
50745
51167
51624
49723
50059
48731
50238
51662
49470
48866
50187
50887
49390
51896
49782
49819
50311
49969
49500
50181
49020
51519
50001
49405
49661
51654
48193
50189
50141
50334
50624
49682
50129
50914
49559
52181
51440
50577
48743
49204
51694
50011
48158
50344
50507
50400
49098
51298
50360
49763
50040
49069
50716
50792
49964
48914
50036
49805
49990
51530
50925
49061
49038
50832
49713
48991
49740
51137
50547
49483
49212
48844
48734
50310
51040
49181
49240
50278
49269
48140
49155
51059
50488
49841
48859
48652
49348
49754
49130
50632
49977
49018
50565
51684
51937
50626
50789
49188
50121
52015
49561
49700
51458
50106
50495
50415
49932
49172
49440
50620
48452
49102
48423
49416
49929
49087
49489
49127
47435
51564
51068
50990
52096
49279
49478
49382
51289
48791
48919
49175
50952
49743
49235
49088
49329
49877
49805
50980
48511
49297
48764
51895
51255
48684
49220
51395
51321
50436
50658
49908
49127
51036
48266
47824
50080
51620
50907
50129
50802
49485
51207
49685
52514
49662
49484
50376
48302
49094
50203
48757
49012
50103
51216
49913
49609
50299
50394
49355
49981
50741
50912
49417
49341
49635
49833
50378
49306
49185
51454
48625
49775
47923
50131
48373
50417
49006
49894
49479
49381
50178
49081
49727
49197
50139
48761
51335
47929
49270
50491
50788
51180
50339
51243
51356
47441
49197
50710
50069
49627
49660
50170
51196
49441
49048
50789
50216
49324
49331
51322
48059
51180
49792
49479
47761
49479
50857
48391
51675
49055
49387
51511
51386
50311
49311
50789
50569
51545
49893
48828
49914
51592
49242
49232
51644
52399
50445
50463
48295
47720
51465
50379
50010
51829
49701
49542
52100
48408
50437
51103
51022
49383
49290
49552
49481
50576
50919
50211
48425
49483
50128
50451
50004
48898
50918
49173
50288
50719
50027
50694
50492
47266
49952
48870
49803
49310
50865
48543
50017
51168
50441
49622
51634
47895
48572
51441
50406
50647
49306
49899
50251
49824
49395
50406
51164
51292
51747
51291
49974
50982
49561
49304
48454
48179
48438
51957
50837
49020
50206
50175
49425
48974
49841
50370
49580
50043
50611
51606
49956
49725
51795
50201
48722
48929
51668
49816
49102
48762
50173
50366
48618
49784
50785
49559
49043
49735
49863
50748
49417
48763
50122
52240
49269
51570
49885
49960
49342
51322
49994
49548
49747
50987
49038
48983
50696
49577
50220
49278
48291
50063
49598
49835
50569
50956
49316
50243
49658
50423
51853
51280
49235
48274
52585
49448
49850
49597
52809
48997
51559
49909
51276
51357
51292
49868
50145
50274
49008
48956
48991
49060
49657
49821
51862
51401
48938
52100
49185
49085
49892
50885
49393
50046
49512
50577
49219
48149
51376
50995
48980
48488
50663
50083
