55215
7965
59700
23684
28239
40370
71746
2764
26014
67385
34279
73432
73715
93957
15627
53314
36464
63309
68215
40072
2952
12172
27171
20428
28006
72127
24516
81516
43338
9012
6164
26874
94432
41114
3274
77920
10743
71489
90881
2711
42639
47772
12658
97816
74440
38114
24967
32447
90215
25100
37397
50505
36773
20394
56583
46870
29222
32917
50850
5974
73168
63414
37935
15253
66853
8745
10678
77396
82271
71392
41203
29792
14393
47027
5673
6435
77294
135
11480
47996
45890
87706
42967
48232
75371
63851
36033
44913
1333
61399
56637
46585
28540
91034
27596
41589
6233
39905
89137
87614
16969
4226
87320
29079
67554
60903
31756
83364
25545
90103
1321
29139
19418
73818
6047
12719
89648
18369
94445
6163
59988
19871
33635
83101
3870
9159
75544
75782
69464
29513
57212
58045
74647
8572
86447
63311
64951
51693
92032
37284
7387
72307
91874
80555
33702
71488
41846
7722
58595
511
62330
58701
96145
85466
14575
97479
58337
8587
31087
44507
94790
12259
17027
86422
27728
48351
78508
33174
44397
94880
74229
7431
69178
49182
41905
94242
92496
88712
97047
54356
33791
85248
60286
5735
62432
93314
54358
89793
41102
91121
83001
64868
70083
66442
99834
90366
93325
43416
82197
54727
24126
23748
20674
97665
90998
67103
34072
88624
1372
48925
30831
43895
21298
21750
76487
22760
8459
87459
56376
15241
28602
40471
57260
81059
737
48769
10839
86093
28918
91411
87890
85110
37894
76325
12150
12683
1539
32569
16817
2206
18118
52036
59354
55752
6609
8592
99072
28453
84710
35891
10075
84648
61381
47706
88016
40455
3998
87247
99499
66330
52183
74385
12904
16852
42742
70744
76028
1259
41234
36854
48871
88652
73778
76342
87430
33297
3121
93791
76813
10270
85363
30916
72959
63847
7516
72430
89642
34993
56693
56697
64540
99290
11613
96945
79078
14040
5824
36573
80127
43731
72275
58644
84217
82946
86943
89915
35056
11950
16131
85335
73568
34408
44160
47124
66773
81649
65508
75759
6361
33266
48276
89475
48238
36900
51589
96575
4636
5780
37675
48763
14533
47493
37875
51922
89139
37733
26647
39131
28249
3575
1129
73142
79564
71243
43027
12862
71969
9447
13074
15728
93744
88715
7163
3636
94440
59456
20645
14473
30395
92035
79826
14574
17241
16930
88673
34619
24020
29425
52634
4325
76197
75021
52258
48917
43857
86656
60786
54906
88902
71084
18131
25783
59891
7429
90996
28912
2219
94179
3876
88635
5766
83212
56012
17761
23841
48543
99149
9989
75971
35727
38241
56108
67984
49924
82530
2425
35139
20246
7773
43834
77825
70726
54186
53046
38394
26036
64013
23301
96963
14466
14397
30288
61588
94046
17563
57017
80410
91644
71757
90720
93010
76147
77886
7636
35593
76858
28857
44019
75277
35701
93953
94473
72608
12932
71699
51832
89754
10319
95363
87804
98521
84101
36422
90802
27277
50544
96207
7986
52267
46479
15314
40108
14340
26342
53535
8651
39100
92906
37616
88012
2050
4288
20222
28871
27575
21465
38815
43155
77876
17394
14129
44237
96912
82875
3809
8931
92952
96089
44867
17897
52883
64800
24231
62981
38523
39040
26941
78253
96331
9352
41226
60228
65054
25467
69866
95877
56751
82596
63235
54326
2651
70741
33840
36719
75693
52174
52954
17349
18126
75252
46958
91565
3291
20849
33102
20730
97529
67618
63930
38798
63249
66362
17081
30259
58660
99754
91964
84477
87171
44396
10663
59647
82716
14099
83494
5993
37370
42522
69348
73838
99858
44501
37803
41416
45008
23782
4133
32578
94350
91872
68683
40406
27635
5627
95508
6241
24060
41347
32482
94677
21580
40467
6466
6790
30113
66942
89124
93736
82874
34780
86864
9598
36028
63894
1707
38670
55666
79251
39398
98462
93250
74332
40916
81904
85249
26848
3146
95909
53896
90733
42105
8226
11316
64022
45340
82725
46865
6565
64033
93198
46224
43207
61723
53860
81625
99062
80164
17764
35881
48678
27521
78041
27144
61035
92654
68240
11224
43991
57549
54523
95036
79452
51327
778
78324
32162
2656
2037
90570
28382
60932
35430
72345
43004
18337
75873
40325
52872
74365
65402
72516
3484
14631
14887
79052
77051
43741
96099
75270
35646
27836
43486
46331
44576
55936
67870
47076
86072
22184
20948
28229
67213
20690
28204
12281
43174
44854
32692
36766
22001
19038
9910
21470
5695
68048
55289
6747
95571
12451
12428
78748
93530
15827
95329
76640
80223
30543
38714
49640
9110
46402
43624
42452
26157
35389
99928
30126
48245
92493
1425
1814
29015
63016
14611
63719
6875
56686
99200
37003
98785
40638
97022
2160
10026
47164
77597
31555
87303
62659
81399
22710
55037
47765
36895
18029
57081
82667
65729
22539
14538
37054
98644
81409
22549
55693
65288
28880
22150
29020
96595
44696
2029
20662
24935
43504
70258
47132
94737
2151
11320
63000
84321
69381
81845
18583
36917
2353
44920
57801
24932
64048
97405
91776
83574
88595
35559
68554
725
46381
91791
90345
14594
86878
99357
73051
33746
56915
80197
21820
8585
30029
59542
14619
76222
7455
89985
99993
72596
71194
73456
45334
46359
6791
48738
21651
59022
25094
88115
67145
93583
13449
5065
56502
94332
36330
74528
4909
72636
30167
16484
84751
44469
81493
6105
81770
48291
90730
58089
51435
15731
37684
88759
13048
65576
11130
77313
8193
86476
41763
63777
74201
92941
8323
27118
6385
71416
96145
62212
45176
75442
67118
65386
72595
19435
33663
24281
24501
86304
32711
86357
20299
68922
65613
69643
83376
74718
74308
11594
37807
67770
52689
5185
92582
57373
44309
53126
10662
62176
10013
21773
73528
9170
21422
25309
52156
51416
75972
15621
77120
97165
67180
61622
52151
36198
35130
11855
37568
9782
83656
65861
1113
66859
67662
25298
79733
6487
36185
28046
63437
29241
53940
71373
12837
67545
83982
66346
77346
50007
25836
50818
53695
47406
18508
77851
81244
6062
70650
97293
64300
47922
73993
85558
29372
89527
41955
18234
41942
97361
20138
48606
74138
60675
84726
75275
87752
16806
67515
66768
36054
71928
39984
78278
73426
46047
59366
72482
21335
88026
40156
10867
37225
55157
81307
94899
96349
704
54796
7883
86232
3827
37983
56582
99488
39312
99325
69976
4304
37512
70003
13848
90954
91124
7621
38074
59180
81005
31347
58767
6737
349
63476
82242
21069
51387
8778
79552
80317
82886
83033
59043
90116
10566
28550
46465
81119
93529
13131
73698
73687
33061
77461
27318
90388
75404
78991
83150
82567
18119
12009
89070
45501
88426
44612
40342
59580
78559
56400
67945
98635
97021
73746
66198
36348
10814
99180
63269
11878
10794
15504
80734
38705
84915
78859
99384
76895
44532
57176
8309
96965
1587
59533
7721
68101
30803
25169
49611
77248
47348
25662
65841
1096
51735
83132
49280
70588
56995
28431
79229
44378
33101
31875
59815
6854
59615
62884
55394
93003
51442
10667
40217
88817
10241
60883
14856
16466
95025
19585
46096
55598
20942
76198
61020
10697
9226
17163
3234
99725
6863
31658
25897
83002
54708
75869
44551
96364
2678
42457
5606
87665
30223
2314
44703
56206
82490
40085
15161
17023
29084
8052
400
14434
80690
5651
42204
17453
1724
40069
23587
25927
35552
54946
68736
72332
3882
19815
88513
85113
51540
3292
22587
62928
44475
56050
99161
67812
65978
88673
9067
42948
37070
35632
69708
28766
93992
99586
38515
61724
64533
27890
86185
6085
1545
81480
29284
54740
45695
43670
78508
70239
43448
95719
67985
18710
30364
98915
51209
37413
51537
22344
93967
99323
71939
94662
9961
67412
2836
33968
46490
70034
22430
65427
7676
63845
48731
32379
90539
94573
77405
17111
44949
81765
30279
2131
9869
77976
92891
94439
66991
42530
82619
67944
57274
87136
47366
89425
3706
42744
27447
55487
73439
97669
61992
38029
58781
74881
87507
88992
99813
61571
59602
55406
82444
21547
57766
33916
68279
77974
94162
46910
97888
31561
64658
6372
99245
86798
32185
40998
55646
52793
97269
92824
78085
7831
55182
83
70812
66471
94600
88910
62608
16487
55695
42430
99902
56396
57577
72946
65448
27823
33863
38966
52353
47513
55771
80460
8690
70759
48164
37978
9288
68708
63771
46663
9911
1925
70443
32241
91183
6553
77872
90608
16845
38455
65178
7038
61739
4542
64460
10634
89897
81962
96784
20749
50878
29929
85533
44134
10657
60757
27876
67194
35443
46307
37664
14134
85813
85036
54882
40899
97814
28827
33153
24366
87101
17983
99378
41302
64634
50899
61052
306
11413
83820
82915
64165
29359
58843
11784
5360
51104
46254
95310
67225
69181
16865
21237
30476
24690
40999
26917
12122
35990
4208
54474
24022
78405
1625
70073
67807
70153
79216
362
14331
26600
16026
47250
28307
32570
79538
90685
76025
28648
83142
24068
50409
96358
46850
53931
95612
95599
31561
21740
43524
76125
54849
68351
98277
48532
64265
52228
73786
62804
23904
60883
93411
41724
50678
89394
54051
96842
77340
7459
23754
88714
60342
84196
66572
27103
42150
66095
35966
82589
4527
14171
72517
99017
60475
79774
98324
15352
88057
98005
3628
64279
92342
52209
32356
50440
62739
94129
91305
38696
63999
80967
53435
28695
9739
54355
87257
49050
5310
2992
99151
31768
61188
8563
19220
78286
88633
34758
21325
21846
43130
97190
99613
65826
23771
37319
90140
39393
35952
80416
86010
72261
20813
70976
26461
8707
57492
26096
44271
20390
47547
32284
23785
66623
22273
37980
99717
80876
80654
85186
41009
50612
37986
20056
53145
52542
76651
88749
84352
29361
47867
93176
16544
37111
54559
87594
71891
69159
16937
5065
69850
14841
43847
36871
92572
25662
63729
21917
50364
25154
39916
59271
93893
23083
34127
19091
96771
55046
73710
73592
52873
30386
90093
84380
40922
3326
21083
51837
18465
74237
78217
37071
22414
81228
27216
33292
71807
64111
74200
81222
44188
63324
20503
70776
21399
57797
37357
32616
74892
55880
3722
46224
26670
51607
17052
14669
88083
35342
18954
91437
41883
45919
10481
41071
24331
21745
68627
36467
76908
17464
23998
51547
74129
2935
65590
29923
14687
92978
52979
34448
79533
9293
91163
99258
43746
37775
37500
3971
59788
36391
63235
71609
75173
96288
74248
44176
78666
12952
93807
60507
34666
40449
16347
33841
60308
37518
24631
63581
14838
35487
5358
57629
12985
59802
96621
51095
75408
65065
51348
31748
63571
62575
29509
8368
62563
22615
91250
89902
44200
27097
57677
46765
55933
81867
70748
62804
34235
77518
28653
79486
40811
86658
92345
19274
97455
96813
17163
49466
29576
69214
30863
42475
24115
40195
11492
48974
29481
29112
33666
28356
76343
32826
95247
96357
39366
22073
30431
13083
77982
54900
14972
29461
33356
39381
35636
63070
67408
4313
437
64091
19881
4136
63123
51655
31691
78679
68456
77103
81379
32350
12567
1787
51227
18345
58133
47173
62180
78163
78940
54973
85465
8285
92589
57207
38475
61109
34918
4802
39405
81348
32821
51926
50180
34278
16472
99320
92344
4248
47020
26500
84858
11509
91795
34344
80446
92040
84359
52125
62170
6660
35518
12899
49391
56108
8253
43960
20067
5553
37025
75789
62558
64828
46366
64378
50604
96001
67457
23310
9969
70863
46023
84487
45310
22869
54903
43507
34990
1326
70362
61996
31128
48558
9705
22916
88943
31689
77138
76907
195
67200
6630
86902
68323
21431
74683
94767
77512
5006
16220
28057
59557
68623
49373
17923
55420
54201
3316
47187
77568
32447
3800
47757
34449
26173
45780
66374
42591
43890
10733
87629
21626
28990
50455
82146
87899
93124
51796
80803
6556
48673
89630
97154
9684
88299
98480
41954
11746
8007
5748
17634
64000
20498
5953
44662
70566
41256
27641
65540
5934
57485
49074
42138
21913
34624
93502
81140
11928
94942
91760
18733
85354
12761
7696
95312
2065
70055
99168
780
98698
26221
53007
42846
11970
90644
24805
68818
51509
61859
78236
61648
22911
60976
4469
37596
15919
25562
90658
98345
24824
40437
7643
82228
76655
60590
31880
52764
17883
88377
34396
53604
85192
50185
33051
97451
8188
91630
60786
51142
7765
41401
13399
24431
8615
61421
86910
75362
54392
52196
83100
82955
77672
37858
53195
36673
69446
80470
44413
59923
91543
35712
36447
1034
79137
59533
68923
32145
77249
91845
43664
90935
96773
67940
50568
35000
82408
23426
8285
75526
30080
98460
43221
46959
92187
56559
56328
5254
50729
46693
50864
91321
19886
42612
49846
94577
69522
69891
20442
50189
49232
74265
77911
10186
36717
9695
28433
682
29425
84848
84798
7579
53434
11919
3674
40511
37782
42894
10435
11734
27935
30401
65082
34574
49898
9677
74885
12317
23529
1257
15775
1356
37189
9290
66015
53373
33297
70414
56214
83628
30295
969
12313
20210
83850
66973
20883
92197
65240
76077
23743
74060
46555
53394
51850
1139
87604
5923
37342
48895
24438
73126
57016
70938
65830
35905
57554
46179
79941
87287
95915
34927
62041
7397
60631
60354
19202
18128
78528
3856
21242
89152
26235
16811
20637
69223
38464
57964
24032
18712
67711
65627
97539
10962
83197
4283
74525
40703
65726
97325
64666
93517
84181
12854
78313
40073
81483
1470
84012
99402
17973
49767
94332
82537
10798
76292
32588
7826
17503
7550
25305
8484
643
50385
34280
42502
27670
38763
62169
67772
90432
71823
88202
35004
7282
96871
93887
15243
63546
68056
42954
98136
78789
71500
41738
87015
24774
86491
10436
22422
86038
21134
65890
76382
10720
65883
57846
88808
12914
75846
41974
40843
77360
96913
90297
95428
80428
30691
48786
75739
33020
44608
82851
82553
94693
60310
34985
91937
92399
91200
27983
87096
88600
43941
42869
21181
96585
27818
737
51504
55270
99402
46790
81194
60021
30217
73193
54772
78052
26528
49482
78534
71670
77344
13154
95354
37629
2855
53847
92552
15424
4645
58853
80992
64691
3567
94060
22969
78609
41509
5697
21030
25064
25356
57860
5614
39055
76484
957
38207
77167
52541
18623
92237
94855
89377
84213
57063
70776
60439
78414
82382
25472
33367
55501
15060
44018
74367
20357
82241
74886
90990
9633
24527
77842
23552
32558
98823
74380
33096
47094
53535
42180
18846
3567
18495
56475
29713
8110
1276
38993
69161
25559
6742
65610
80067
28585
84134
18500
90797
33793
48175
46679
62284
90604
84771
51889
75171
55676
53364
61593
92642
18868
44495
70055
17570
40032
5894
26472
48421
11146
33500
47783
4082
24933
70138
15928
85429
51168
59199
28234
76780
45087
86652
96481
66621
6554
68215
28548
97516
71139
65287
36949
55959
47429
46546
30474
13834
28612
68746
47293
61675
62504
58119
47719
26494
72985
29567
28289
58095
38738
38208
21520
1211
89366
34441
70575
64221
61714
57201
49527
18513
18380
13804
18653
73654
99743
85812
40213
22096
99994
56414
40864
13314
21933
96024
27449
47059
11884
80718
68304
96444
30332
78261
85632
41354
14740
83755
8299
27974
31354
38644
22599
15325
86492
85718
48741
49753
34503
99913
39264
18705
92632
35684
27484
44874
10900
6089
50101
55124
65635
29502
66532
9028
65120
43498
7589
12478
52706
26858
52507
39110
62662
78664
3541
52404
88602
25465
65676
76049
67409
81902
60467
56695
97162
54343
29091
44873
73117
59570
93550
71115
53724
42545
4722
59293
75032
55216
61316
41135
99154
80075
20345
24851
38369
65584
82612
94996
15161
90748
44724
64630
37950
40138
14632
11185
40145
95799
15780
29289
62770
96206
75764
55867
34600
60616
837
12320
13721
74790
76370
93905
75067
2500
91729
81652
83866
13097
78918
49479
60910
37724
10149
82397
13507
27069
27830
83854
55477
81557
1854
5950
2616
44728
32511
75071
72530
55830
73478
34581
62512
46547
28018
65365
38104
36900
91332
80002
65593
64292
25066
68213
5785
69842
56067
84857
75691
65372
24464
75680
4596
29097
85037
11436
64814
28507
20796
48789
9196
32453
94791
1544
20937
31798
20512
49978
18682
63386
72850
49494
76831
95558
91210
79758
65313
98249
15418
32983
89983
3808
53413
36174
25950
57562
96597
98673
66476
23887
34281
91831
59950
81489
97366
47904
77552
40441
58472
61356
75898
88972
81121
64109
94141
99713
39739
61793
9034
94231
69608
40653
51660
68792
28855
92156
28552
38250
14971
53477
50769
2167
28288
70729
67456
19401
60868
89497
64184
93968
90829
35294
42654
75011
21437
50580
67206
79578
12622
67084
78122
86626
92830
97746
82660
46860
25221
33839
31183
89754
73222
61993
98492
35224
72060
6256
86011
76770
54055
37839
20344
12087
87739
66460
23233
5114
24233
47324
78127
10857
62688
63468
33127
7760
30167
51274
31476
8138
63070
66687
75777
68653
10525
12793
1631
66406
12969
82326
85713
83369
27065
60585
91528
5876
23486
38854
67410
15864
42310
57426
82134
86805
96445
99803
74579
37634
41164
72530
59324
25904
25109
12614
63570
48353
30135
11364
67082
74305
61776
55147
66597
51133
44487
47550
71858
75711
73424
14857
28943
21225
12969
24983
74230
76435
47858
86560
32080
22302
88093
71399
81696
53344
38812
61795
68396
18721
46229
54651
62565
9936
2135
70664
79441
95838
6383
17014
49356
53129
28293
69559
61738
74916
11681
97206
10527
97767
42944
47480
23658
45858
12868
14456
77596
83534
99411
31961
11402
24004
47621
704
31643
57626
91365
80167
95124
64734
56009
19071
97152
54118
90033
82170
20498
43994
9341
81644
63394
75101
64410
8781
38115
57955
88006
94963
65926
44718
97386
60966
75284
63198
27838
23951
80724
20210
19875
92923
97021
36731
43173
1860
88838
93950
95456
21009
2548
94310
69892
42316
57860
96657
83069
92188
22519
92659
56846
22355
56824
97010
27351
98871
68273
50699
77040
55871
54520
93475
83846
55949
74907
8672
46674
97784
5990
25195
73585
25196
70817
65192
49137
55531
56491
9311
13601
8857
7903
42835
30124
55976
92066
84622
75669
14881
46951
88971
8903
18397
29842
2953
95734
78531
39474
56316
75894
38968
15678
17638
95103
54403
13078
30027
24667
73625
32427
73525
83870
82650
23894
35366
50814
74051
34330
96132
39050
41717
71112
59746
45087
1318
99113
59357
3312
17654
89031
17382
29389
80701
98953
54675
45179
52628
58131
55865
20411
42932
48334
33899
4123
57107
65821
30948
86992
13502
98522
28107
25203
63954
89443
92693
37789
90347
33961
66348
57584
5694
6215
41376
9918
53741
80621
18288
22403
26215
8461
20210
77608
8284
359
20374
56653
67755
78434
74445
18803
30109
88219
50419
97686
37812
73454
89461
52834
55821
87196
12862
56302
1884
29596
23869
26208
28975
41620
36608
90774
9904
58400
25159
10335
94837
50980
88589
87712
46850
56942
80014
54280
78106
60122
98824
48701
86289
22918
79035
60311
38522
33930
4246
95517
67096
55400
43152
63426
5985
67166
62517
87373
84178
75609
81705
33849
61350
31888
21681
51961
95859
40240
26144
76294
83285
71109
86245
5297
86583
84663
91439
94964
87260
37758
43061
12754
58921
81225
25580
12100
48371
90557
74752
36457
25801
98094
11659
65482
76011
61417
74574
63718
60326
74422
6237
94573
49566
54615
78398
42071
13006
41155
1090
7904
699
2586
37943
76511
32357
86634
30123
3034
6940
75071
42542
1965
28172
66805
53567
12486
63062
22966
12891
48713
72943
66628
3689
95729
96355
17603
81886
66645
38857
20867
92374
93060
83355
17533
91318
15878
31527
64294
32752
20466
7450
78483
66612
38853
51989
25801
57078
98611
11470
72691
47819
48414
73029
67927
78057
36085
26242
52885
67063
5121
59608
5903
30667
13819
23505
9060
14459
29931
14143
47953
16519
80516
61928
91163
8878
78545
31854
14866
8923
61325
34586
26226
32731
56089
4240
69048
75686
33552
54252
73806
74096
10041
43123
73021
1764
72566
27240
24838
79261
56401
77055
71908
86649
55207
8794
48222
60494
2582
78070
56949
7212
84058
61033
42546
90084
91591
86375
13741
6832
64926
55621
30953
55071
9849
29200
72133
53837
39218
45551
77675
3867
88441
1803
94346
94407
17847
82120
83807
60083
45534
81289
84183
90856
3374
98526
99996
85195
34276
4653
71935
58639
86970
59110
40246
38894
15001
75033
46494
93235
82073
85096
38450
27771
4246
40955
71048
65192
57326
11226
2241
98583
6237
24024
96775
22013
80585
46085
9735
39778
59594
97004
47204
11054
41954
4593
16556
34710
50987
11079
53874
14535
57228
70297
92414
45382
6882
26192
45337
57076
88716
2648
56373
89410
64629
73362
69826
22694
92976
27384
43140
56803
50991
74078
93786
77284
5202
14361
25819
41337
45496
21748
15355
42152
30276
10843
30750
57155
20931
53555
76085
10328
65599
12724
9182
76274
51964
49181
49872
2196
80542
31585
19183
53533
22577
80050
65456
82887
34176
58068
69353
2192
4156
73037
14709
95121
53012
27428
20297
58067
46635
98139
75454
34707
38571
25458
17985
30168
588
89542
23523
70148
15935
77601
17407
9264
15642
41618
34919
58474
63989
95374
10345
94143
78754
35502
7174
23055
622
44188
39525
58669
88897
65700
86477
32458
39127
51206
22681
36724
55072
8360
48128
22451
3426
55115
90743
23372
9464
51178
42347
53762
70866
29412
96703
2709
16486
66979
36792
7709
35225
31876
71521
84216
12314
27510
49851
58162
15570
86220
40690
75652
67935
94213
12408
22854
5398
97531
9127
70788
42781
19752
75436
60164
67641
54649
65852
3634
7464
25490
67610
78501
83669
38585
79867
90141
919
14844
89564
24373
22326
22037
25364
59525
65042
21996
55679
2375
19706
77982
69364
59212
68900
60106
77899
32756
75366
52044
54018
58582
64358
4195
79571
14339
21237
45613
4029
91248
11587
66488
84999
40887
24578
82918
8128
98658
97780
54617
40111
63184
54842
27256
64120
21035
92983
1884
54036
23425
31626
8206
11540
58145
50586
85839
58885
54653
73310
10515
16193
62965
55340
99364
32495
11187
20914
83425
44166
46874
89626
29338
441
16707
67601
88311
66718
1518
68836
642
40925
99843
73013
64099
22061
58743
61339
476
33993
2590
76597
86583
70299
50340
61043
63800
58498
5586
24046
24482
98439
36260
21993
68104
63522
16966
90606
97367
43991
43896
35930
1671
96547
24924
44169
66009
90945
43115
47546
11148
67918
42222
7148
21721
17197
58369
29257
86271
97195
59884
82531
36892
68458
59671
67033
98441
11625
60495
53495
70114
99611
46016
53561
23136
55004
13748
40623
98916
64327
63041
95538
51452
37176
31612
20624
65421
70972
17121
701
47664
24016
77239
32685
59744
66641
8478
7172
22472
82430
26199
76402
77944
4254
48500
29995
94562
94483
77493
63703
14590
74001
27457
42156
15238
28863
45514
27501
76352
18954
3817
26903
29905
6684
68602
86254
44067
88745
89295
21755
1461
61220
55167
53395
55298
77614
79182
43026
32613
89862
29242
51341
48650
76230
5976
33206
64905
15407
22506
50091
83642
51828
66442
3517
28325
74756
35006
79805
91301
41478
8421
28426
59
2403
84982
40882
65931
99707
28421
96662
23853
66126
92033
96433
38088
82697
50451
36320
15891
46045
54
54597
71217
31857
88205
29141
86927
23719
87076
98131
74858
88321
50165
17653
66012
7091
78230
45439
11402
85987
17722
7839
15643
38688
28289
30653
84322
91864
579
89790
66767
64248
775
41518
35708
82363
77601
41570
36182
80433
34828
15911
65972
49759
81384
65854
67297
68267
41825
54733
42487
95884
27742
55042
52989
78664
75402
30840
81555
7424
68561
1669
4528
19243
87883
72846
60816
50849
37719
834
1110
90483
94754
34346
21027
20249
59891
41530
98337
69709
97730
96134
89137
54596
73313
70696
66272
55360
55665
63529
47567
38626
77532
15332
79802
64197
18780
37897
89439
6823
1220
65073
69113
51394
775
67984
27665
59828
27488
51516
43859
49435
75308
90532
63511
17574
66502
20878
31365
78487
45695
61206
96636
953
35618
79722
91567
82423
65400
9481
65606
21517
30067
85835
54879
30907
5788
27250
38220
3683
33387
36610
29142
65941
81769
67391
51177
26356
73000
7293
62143
98231
61995
19595
84975
73900
67267
8137
16030
30875
37399
38065
7168
48182
90087
8248
54001
10069
69302
38597
62171
19760
24409
61744
88374
24678
95979
53536
89130
68334
7322
55959
33652
61739
11359
31391
37706
9465
41360
64928
15095
15316
77298
32059
15503
26855
44091
47766
46597
39814
37489
97008
65407
72615
13599
29739
33690
63743
65333
77643
74571
41624
87720
89376
54474
27095
84352
52862
26086
53136
24826
9925
41005
90738
19757
13097
30131
45355
74140
32281
84623
60954
28467
98465
25392
36628
77922
10539
74263
76465
74025
86516
67126
4115
40962
6964
76019
32226
77882
15630
719
65010
68077
53416
55034
24706
3484
84085
18727
74410
65051
48110
4079
98618
18241
81741
92036
92339
92192
6721
52822
15621
32561
66566
71881
23197
94523
34025
83522
79152
62324
27045
12850
10417
58139
98697
67031
98359
20810
94716
94877
13172
3090
82795
18651
26083
40853
9205
61615
57752
41357
5937
62846
23281
97410
80020
49847
91723
73083
98490
14590
56552
26750
60989
1464
52514
60010
6277
20090
17584
87022
54201
78577
80129
10623
53805
50029
83622
67194
89434
59550
69517
33720
34792
16764
80468
83041
96704
70837
50985
20942
23681
7677
37324
55034
3443
72601
67410
40152
83136
58412
96374
11798
55773
78004
32504
83110
47714
76560
84787
69218
48937
93005
43233
55389
67490
69665
54286
82603
36899
23420
31243
73370
4349
92358
82532
36165
51344
15555
53784
75769
53569
5391
96613
2854
80464
67512
17202
85167
24126
12121
1364
49069
80116
29433
59015
47893
67127
17483
93819
53250
88221
13544
39340
49991
37415
59385
28042
29419
85004
52488
45546
10602
2685
25107
8595
55427
1678
10633
14234
53958
64563
43216
93749
93837
89066
23146
1961
58555
90626
12217
42087
4930
92294
72855
32701
13231
59974
35305
45807
99377
19286
23965
77518
60128
17593
83532
3730
70237
35807
24803
6363
87253
91193
24136
65426
95446
5571
81091
38539
11380
2856
76258
91300
28210
71014
85085
71532
12881
7822
1428
4385
25511
61397
12046
66414
5714
29518
83285
83024
71359
15750
56706
45592
82945
59083
15850
47476
87834
66819
52039
90040
61850
72810
32664
39730
43102
31871
347
93494
47988
16271
38332
74362
90053
62721
88822
26531
26324
6289
26703
93705
13485
32898
94673
41385
85643
4901
24628
52773
29402
28636
29539
51362
64303
84464
73831
47742
5532
57751
25170
74853
69650
47114
89903
40572
9258
86837
5869
37058
24634
2725
90152
90245
50308
73037
36472
25729
74219
49420
73330
5298
58643
9711
40606
32222
3816
89452
32008
98220
17495
41478
41241
35529
68007
12534
89068
49282
50250
50487
30811
79186
95972
71273
82169
55339
91847
76467
93722
63163
50241
54108
36994
64641
72827
98827
3566
85324
78026
42795
42154
44024
12082
11605
5943
92282
20819
24207
78966
57592
64687
12915
79797
49927
35875
27729
43939
64986
31893
15560
37416
25682
74664
1564
64494
52881
22186
96191
45557
73024
89778
61457
45550
20582
289
45497
30398
71238
38228
96759
90544
36041
9784
25417
98699
82796
60308
85571
19260
91216
33640
86013
18177
23838
34719
16044
29002
78173
7517
28490
91703
28869
1254
97673
16311
10416
5950
66692
75647
94812
8545
91533
14830
17333
87732
22653
70562
63711
59226
97561
75795
34152
26540
30830
9580
13203
7692
35607
56405
26079
10285
95188
73568
48057
65886
11869
7218
17199
1842
24549
64567
29376
21018
17554
24097
64829
71410
81488
57856
69554
21321
23876
55104
91622
69980
36343
18451
23119
53128
6749
6325
19681
6163
92385
19026
77702
6279
59586
60103
62668
58744
91474
80966
50328
23497
1124
7171
37453
98104
60236
95098
80042
17667
49299
59480
62339
55549
77575
98201
24274
14539
66734
28679
90908
87265
86734
33294
56828
34764
38430
35454
55574
28175
48789
34949
94119
4740
98754
64014
74101
84585
12598
78742
32687
99391
46196
76046
51542
45274
71885
8874
10811
97490
5365
13206
86874
71466
16577
76455
91615
80854
59156
99718
58412
53107
85347
35174
18175
57958
5317
95191
2893
98459
7255
22981
53225
45014
45386
52284
71569
16504
40861
53323
78033
44340
95159
14432
56078
34708
64493
33274
16988
86560
59301
49986
76868
39569
37503
65063
85725
79328
20199
65724
60074
67854
26796
2684
1858
69829
12524
72596
76429
52593
59658
71935
62290
42952
80162
10553
54489
31589
12347
57553
23089
91853
4934
3335
53225
35283
42039
50537
13402
53289
90900
13077
55624
40632
38911
85130
41173
58053
90851
37610
53400
10319
36495
33209
43115
73380
34951
11290
80895
23159
9895
32878
52440
11414
3765
94383
73753
31499
79930
75879
73624
89363
58847
60656
66543
90702
72134
82397
36884
35162
55010
46098
17659
63421
74443
75392
61695
24595
93238
42920
94389
63188
28569
30936
79076
94265
21989
10861
37901
43059
14987
7281
75265
35975
87311
45510
89643
43084
26139
24983
93130
65218
55356
58611
36425
62058
63594
64148
45163
99596
23842
31973
445
54177
52691
24192
96468
81922
1796
37558
27323
81348
61560
50956
72182
8278
84253
76618
48096
12761
30412
48741
37626
85765
30473
1113
22018
95852
66558
75144
14287
43886
1575
25571
91893
16001
13955
13494
68374
43157
72956
43311
97971
61728
86115
78561
21613
63497
45065
22601
1786
36376
75895
27988
17902
45365
78413
14401
22632
37798
26123
94924
22989
97319
35536
22746
13743
42361
6714
33175
9776
33354
87281
87694
81333
42761
50243
59129
28906
56514
30209
90127
46725
75170
83623
7434
10555
22077
31215
19235
65174
71577
10810
66550
68522
52992
84687
56787
54618
96948
95908
74293
74788
57812
88148
78565
34532
70336
88703
69203
4067
75366
17741
40533
6847
48605
23937
73630
22807
93819
96266
47051
14346
27278
77699
40151
44524
32012
95998
96735
33956
2969
94794
77539
92564
70239
35870
73839
57316
74874
53504
80570
47879
8656
86736
55414
68448
58946
18044
44952
95597
97215
23976
42301
49594
42276
85245
68426
55978
62288
42905
2703
23446
87714
48292
59491
28994
76017
71119
84566
24716
89573
50410
48113
95255
18142
33220
90163
50796
28248
99256
34545
44222
7040
40842
44113
52898
8664
90570
24730
64891
94353
32237
5138
62144
37390
72145
55800
52180
99122
85555
35906
89827
53430
12920
52379
15829
65365
66332
36244
66882
65639
82196
46872
62103
32852
38166
14671
66569
60680
58921
40594
54
31820
42065
85953
5257
20478
21127
65115
74443
5714
32895
71142
38744
66926
74886
74242
46582
29290
80727
1563
92192
33893
50350
20805
99946
48317
89123
78225
30353
19386
97544
13644
44777
86364
62221
70209
20809
71250
57787
79798
8630
36538
15662
58658
84440
67406
90538
88044
13740
63818
57798
38130
40304
72865
94171
66950
17996
24036
11663
67602
8725
3101
81345
62296
83117
68121
20470
22434
32091
6010
68379
92848
83719
36386
83013
92581
15560
73106
65368
44354
35543
55048
74820
75118
14192
54374
2499
7997
96746
33223
35776
25559
36264
46275
54134
93793
56477
71410
8186
34931
37123
51050
51249
32573
86912
82991
96882
93310
22570
64813
84846
45291
4797
86925
43423
57944
78866
95869
12369
19705
9338
544
35614
56465
67691
60280
68103
30641
7303
82751
82598
56823
24172
72858
25520
32283
16920
57683
21753
80745
96445
33659
91564
11242
93634
5749
7457
3137
30738
13180
17483
27470
51641
49494
73684
6987
32652
12803
14350
21269
3951
41008
42905
57091
27435
3210
61562
88525
63018
44790
29149
62382
1207
70025
41822
34904
49172
1861
97950
39839
54042
92027
92499
68918
70206
28120
16297
78793
62837
97339
4197
7615
40237
14203
54145
62147
1394
8572
46657
98422
10817
46207
97643
92012
96366
90619
9125
93707
6080
79802
8922
97995
52078
42994
9489
76858
33600
82322
53229
89500
35675
92881
14169
78408
67652
6117
88799
33191
26070
64101
65210
3868
39062
94285
3613
67163
56729
61444
85916
7427
9644
67047
31614
13943
71442
33118
80289
81495
37804
40547
63757
25164
38287
24653
41173
65935
76621
11220
94957
94951
18038
40170
55216
42190
63095
17905
28898
14481
76215
64535
41892
68728
45133
84463
58793
51285
83260
97644
78609
69731
9872
96961
47106
49804
26669
80172
64840
82887
76376
14625
89860
58980
28941
23488
35629
52982
81436
82433
93449
60012
9966
29933
31580
39152
95217
60482
10884
23964
49721
64194
3098
7570
67732
77867
73769
52252
75274
85235
42379
5401
58819
90377
18544
49669
12270
14510
67329
22305
31935
96650
71567
98639
39885
68115
87673
25894
98404
16485
69838
58433
84067
59306
91721
79352
28924
42741
85883
19109
64766
86786
10212
16193
36777
24166
44112
92398
50222
22424
52890
81509
29151
68819
21962
98854
95045
8430
86755
1763
93809
41141
60486
97033
20663
62342
14061
2068
84380
38704
98849
47543
10166
26813
27353
80746
55335
68557
66161
72459
87895
13516
69446
60634
76934
17593
13958
97806
69063
39494
63164
22344
70681
91514
20878
30818
31439
31974
92529
26009
97925
89010
83957
71484
50402
66999
36981
96738
52360
60199
12687
10381
73662
76676
88549
29401
5382
94438
80995
49768
20305
11651
61909
62790
33585
95621
45124
80780
38245
6212
40862
32876
80167
22714
87043
39571
69318
4450
31522
25773
94813
96112
48571
37372
22210
80830
91330
76060
3570
80776
8572
87603
59042
65933
92183
78270
8902
47871
76583
90396
19202
96562
64665
11670
62079
92522
65559
69607
7720
68019
35105
30091
26039
42674
79552
26584
74688
73021
55997
65367
60657
58898
97170
60943
4384
86542
90820
37127
63458
18122
85728
59888
89852
29881
72938
198
34132
85311
50646
22145
35237
34595
8795
22270
71772
39521
68763
96822
58469
7108
63564
25601
54938
5168
50250
52833
92988
4565
72124
24909
79859
45741
42503
12327
11887
21153
92352
93790
20574
58601
16857
59749
80077
71823
70662
25145
32736
96513
69337
79176
24246
41734
86157
77548
2237
32544
80514
52289
2437
75225
30968
94295
54917
65812
9530
63201
36367
99865
51204
96374
6360
81837
344
54186
64706
37714
90730
67745
83867
20932
19667
77920
15623
25091
78176
4965
61247
1427
84665
49995
88620
21254
4478
99063
28646
37929
92874
78969
93911
80108
36008
83652
68490
86311
44998
283
60108
90349
41296
77805
71102
22741
21201
44241
55209
38534
12919
58580
22806
75859
20804
5169
96573
18444
73343
45053
79349
39056
15920
69678
55549
32142
34186
54470
72710
28709
2137
14911
26741
83229
226
35190
46989
72638
92266
27682
76210
22354
52203
33391
30847
49865
82319
85966
58738
79218
88903
35809
7808
82473
86332
34340
86495
63429
51593
46154
94883
66728
57801
16428
66351
75802
99228
19841
33250
21064
34239
48319
89617
92244
34187
6095
32005
46724
50253
14727
69500
91554
9675
50688
42946
26973
18517
20957
36835
62742
83429
9155
81213
75596
23608
9099
82683
68983
99946
84100
13356
20384
68640
65472
27458
62832
43053
70951
7052
13245
24387
51430
58234
6948
15930
96150
77959
48029
38700
82939
43346
14981
28520
93717
22574
43495
39920
2487
36979
43106
2877
29756
36732
88572
81889
37416
53299
33188
80318
99773
28411
4405
37652
31769
27405
33488
29112
23151
6386
46151
20076
63244
61913
56095
56533
21773
97205
44315
58072
27553
65377
49065
31212
96748
77525
25826
42569
74724
48365
61972
50680
49284
62306
24688
82472
99193
42651
43749
86024
84619
3593
65037
96895
71424
9555
33200
44725
91184
50482
65680
75712
99352
39832
50860
36691
79830
27020
96510
2121
77549
3154
71313
31588
50279
4416
40816
48107
62925
3910
70227
50975
32375
3477
97972
36801
25015
99985
85682
14960
17
97725
44489
13840
6704
13239
76444
41011
10212
87646
77976
19371
7706
82246
26836
92278
89359
90331
35437
62334
95749
4303
99331
24668
66463
62913
46459
87276
85249
78398
75601
6993
57141
96162
6610
35232
89912
10316
20477
42486
74101
60130
86960
9478
13178
46998
93031
33282
21464
83937
23936
61778
76168
52484
83107
13443
69208
32535
46457
88388
84656
33750
34376
7291
26860
49726
55040
44014
41124
93100
50225
20335
93476
80365
77420
64031
46956
2788
85858
3480
82696
81530
82290
84115
11002
66127
36038
98402
30782
80145
41515
71846
238
96524
74230
98363
68138
71156
88863
66031
32301
41205
11172
46560
27849
15053
61343
92350
43766
23921
81857
49764
3526
68683
99187
93855
25779
99401
79177
17853
50901
58697
5975
80451
8845
73177
8668
91146
67408
36576
27620
66679
38455
71889
41538
13296
51382
20790
50921
8881
24315
94163
6435
28479
3343
3254
63668
32932
66576
35065
51230
34754
31310
46249
51760
33400
47124
44996
75632
88741
63130
13409
11541
80251
27355
76385
67992
93701
90875
2401
68733
70031
72201
140
37866
37966
85299
19877
97469
49844
37775
62876
44357
36238
51056
51724
24623
57588
71979
61996
48250
67398
69734
97081
3584
62798
91695
76054
34511
72567
54814
1161
21583
14455
76377
15870
23973
97475
50317
34475
65124
52114
46509
13259
22073
53291
35190
10655
83377
91579
10185
15084
52419
4153
90202
88474
45881
13032
32099
98771
18447
43918
45905
49764
85486
57649
31807
33835
91274
14854
67416
25516
35029
93295
51615
41278
54578
77213
9030
5625
26322
69767
62334
23629
71273
85593
82650
62666
65740
43434
53418
79455
77358
41275
7828
66288
86580
97925
34868
93186
96065
50898
62882
13079
38521
11611
40872
41062
10907
22112
25599
96885
93669
57724
79869
94430
54628
4888
56041
65225
7848
43537
21495
21263
2297
99480
4973
22194
86771
14794
59901
94997
51163
18839
70782
63268
27879
55946
54329
28785
95911
95794
96489
93961
29257
2550
975
97819
45746
62131
47113
99639
74795
42805
24593
80795
26336
87249
86738
40678
22022
84070
98270
40672
94524
38806
90706
20644
6019
61193
20498
47587
10511
50749
32737
3552
96356
94299
59371
18798
89006
18874
74466
99979
19546
78482
71862
93230
8782
97357
27242
2358
68459
22763
87705
66024
45365
92231
79425
35480
88971
77956
62143
88156
56707
22893
16112
30428
35845
66840
53640
76329
30603
74384
48004
94907
14452
1949
22984
54241
69656
63211
19260
31398
46655
93129
68268
55189
96356
79969
54488
68212
26980
27072
82929
18676
24716
34674
7499
44129
15129
93526
75102
74328
88283
93623
16437
7134
25885
70707
76694
83365
48570
87624
25402
4172
25384
94267
92060
68192
72171
94984
53903
66023
37434
29170
75452
15684
53764
13641
80817
49637
25991
87743
39650
91364
99162
75884
12212
71333
77770
14899
13608
4277
90854
51958
70509
27052
48314
76934
96145
80171
4360
7347
95594
18848
25977
97443
72278
40786
51329
15145
8922
55074
77730
35186
29339
85643
83437
12829
25775
88538
48570
5746
50185
56206
22727
9089
20927
75990
83647
74633
46422
15668
35781
25984
49660
60338
1845
48929
75107
23252
16861
75040
2237
44408
69732
89656
44117
24939
54673
18465
18070
5196
3086
7342
30212
93274
82848
57538
43216
19496
20789
76875
99147
97555
12367
34028
48540
63319
59258
95350
95108
92450
64571
36659
25833
91561
55092
88419
35568
46511
78183
69603
79079
61241
23403
75185
40270
9450
68228
4683
12371
55167
97187
63741
47676
37446
3171
11699
86475
38051
55952
20367
55897
30768
81776
57596
94797
10803
75881
66619
97895
2426
41123
23203
66931
64838
3816
81537
95177
53532
64652
2401
98255
28558
94716
90532
3840
69203
98787
96895
56898
73048
29879
57193
45162
88343
11562
36018
71723
22084
44088
12580
655
73185
1431
39175
10824
25617
35567
76840
82813
12950
46989
98492
62355
63363
34332
10583
14870
48759
38701
26582
23714
33418
51463
52756
76847
29729
49023
75557
15161
38260
29578
14701
96127
88550
7417
11902
52744
74492
12490
19747
74688
36885
50149
72681
27601
69419
91404
83998
70537
43264
47665
9517
55600
97540
79314
10234
14238
52871
77846
52942
72838
86091
61193
65682
57450
44586
84407
48155
44938
69919
95392
84238
49497
53459
29
33297
86687
22303
52170
66969
77342
88624
4293
72846
8401
8146
17260
97695
46585
58456
11293
21341
48123
97687
57299
15502
13407
71586
42204
92473
65144
70511
69714
21419
40244
20129
7930
54622
33981
30015
48160
24657
81781
14129
80589
57545
40215
31122
26033
79425
54419
54754
77175
29271
34569
45497
12999
86172
6005
17519
49829
43189
30448
28104
94344
40563
58618
75863
3124
53366
33584
86996
79123
79725
34757
1819
75655
84671
63501
32294
44299
99836
99941
93787
36476
52015
78600
4916
38956
30978
48110
49897
71204
82975
94210
4373
84524
22690
10704
9766
39200
48687
25439
68896
77414
57363
33735
9477
10161
4595
63277
79178
87019
6801
73665
16004
94999
57132
98207
5489
64178
73124
34864
40693
70180
73459
16914
44222
39679
38098
25962
88406
50322
98241
18897
1758
27548
16060
62011
45743
66362
66304
91238
31745
58466
37940
52203
72685
1916
3453
22312
89893
86592
75331
73555
77554
29920
26076
69891
46292
41558
73698
62739
92583
44539
92438
90138
86126
22875
67928
91137
91262
3964
68935
21249
15559
71397
5631
30343
83238
46545
99806
45787
95806
90673
48918
31549
67911
32058
69998
33763
40028
92969
45269
56919
12148
90265
2698
29172
78621
56222
36869
85597
78804
29034
95444
3650
24736
42524
73389
15312
18033
31478
99499
84953
10323
30400
19819
89091
17659
47630
3904
57697
42322
29135
2057
52498
99367
27650
79897
94380
55906
90505
90002
95624
76347
37887
29806
67492
91649
75217
74742
25242
67161
29841
84373
45904
62840
62354
63813
47264
49889
65226
7042
26670
73707
7833
85334
13608
52351
23645
65985
7299
93973
65763
18491
63344
10162
5179
56380
41010
2773
68862
21241
89330
15246
9903
91807
61565
52444
56903
5768
57077
47521
49923
86929
52170
41685
42676
37766
4849
23402
4864
45301
98616
11035
60961
84018
28761
21639
25085
21138
98255
14425
94478
46379
40221
22893
46281
26122
33787
2164
30793
16913
18092
66609
38160
70831
7789
29369
83482
45928
95703
52244
23610
30376
79894
75196
61808
21864
16864
94806
27253
8542
33993
50426
59305
61608
71932
95354
78351
21742
57125
74954
23966
4538
81309
57890
167
63286
22460
37710
85792
44817
12596
1292
82281
426
75561
71740
32180
65236
16824
61822
35170
61743
42443
84595
66916
30615
85194
14048
88801
33139
6382
81605
95180
73659
2508
60123
65711
3070
23881
78617
49773
57344
71798
99651
26990
77123
86249
87368
5423
34131
53782
7785
65690
52059
41764
63576
90597
65266
53851
7839
18494
1299
40398
22840
82281
97850
35217
91887
23900
24140
90584
48302
21464
68058
15076
56333
79295
32875
66756
40388
75469
39052
3959
47785
51239
25009
40029
26365
87826
17641
78872
27639
21672
54346
78937
16401
65267
17347
45340
19761
46716
73053
99898
87744
244
41930
4653
67225
9679
2272
84896
46048
77304
67533
88932
94956
69981
28985
6925
21499
61670
92000
4847
82645
90178
43702
55637
87861
58764
36898
14917
29050
15837
25251
21006
48497
54574
90480
45241
90430
68997
2974
51255
99420
60544
78868
50354
60002
52806
62828
18916
66948
73363
28540
38159
45312
49037
46830
79319
26617
28395
48750
95237
10059
39791
80933
69368
5262
733
55229
48059
16634
25608
15857
14817
22971
63332
54499
24020
55124
5738
67767
80924
39943
65176
57292
54531
27303
23122
65387
85365
89231
60732
56
63886
44087
45917
46865
18860
94581
70960
95287
58179
94330
9317
22832
48535
76318
60434
55313
42294
59443
68522
50506
12561
29437
32711
18175
50853
74984
54842
75018
53496
63253
16209
85411
78293
77221
51650
25791
65753
55195
60204
95180
81668
73357
15191
73498
60755
24046
35294
96033
17080
94328
66249
21405
42570
47009
39275
29936
39037
63502
2138
12222
31420
73472
91121
27861
89206
44794
34472
59842
21582
38475
13272
72565
20958
84724
63399
1074
6030
2748
53385
12058
53476
35730
91368
57966
85082
55331
34822
77704
88286
23799
93858
68936
81296
1465
58207
20284
1808
71326
54995
59648
26973
92290
38358
68030
71907
62751
85716
80028
81546
70053
55587
14446
43571
86728
17668
77406
19575
38900
29626
23883
6091
85028
70172
70983
51246
25040
53633
14924
54866
36233
45153
67080
2770
56350
70381
79064
98820
94806
78300
53895
10451
93937
92897
1826
6845
36124
74263
27303
23091
55486
86671
41273
43207
11637
7321
73467
42349
83662
44164
30556
23741
13128
11540
47962
96503
72994
79902
85330
54723
39621
68505
75161
8133
81687
97073
86228
55613
3087
57215
6675
90482
45078
95591
758
87677
86048
96841
21201
75455
97307
4685
87257
80402
30548
84651
26017
76741
77309
3303
27325
81793
52501
36772
33125
24355
31718
45813
44221
21759
82565
55576
59393
60030
64861
88729
91622
47876
28382
5521
26673
62765
55604
71451
54328
64092
19694
66415
25635
22576
99839
16865
1233
39814
2094
98305
48673
67053
72989
58839
17232
47829
5812
20861
66295
4539
60845
66205
40892
6472
8051
78
58464
26048
46841
67385
11701
47208
10089
82026
35549
24300
79272
86911
73976
67500
58412
97851
95965
78984
4778
97766
19800
89692
34193
74874
36903
85938
38286
18757
73019
66334
87237
98591
96692
79173
31990
21427
89905
50251
31856
64919
44651
39775
49094
76203
38066
59209
22705
84970
21024
78883
14921
92266
69422
91116
88004
81445
14810
29025
4101
38320
69357
53542
98248
39227
34497
32630
77467
60261
2102
35681
71512
28578
11182
6134
35184
73952
76953
9300
46604
17943
44303
75944
45912
29726
47467
63901
64535
52922
43358
81619
48778
83058
21935
92065
83360
46500
46801
80494
16027
12941
79058
51082
64741
56939
65617
88032
56311
19502
2213
73793
31555
31004
8504
88503
35426
49882
10704
45578
18639
25582
50287
44449
9295
16555
57389
38383
56060
97731
60039
18993
6497
7305
13545
18248
12927
58033
13911
13983
69094
86627
3336
87513
17290
1820
72121
25402
56564
78322
36891
89142
37630
70981
13966
19142
46276
44966
11133
22642
81813
77670
57141
11724
65362
91805
41586
58313
45953
12171
24652
4728
23039
8256
10467
37223
50402
21722
41598
1507
75404
6646
65655
58114
37390
17951
9849
67718
53841
86118
51627
9304
18697
43726
7541
27595
15269
8033
66832
55960
34213
40898
55121
41252
16874
76619
93487
35492
73279
47490
13809
49210
38784
69872
43901
18937
38364
50315
48168
85062
79655
27543
10940
66344
51390
99314
48350
79865
9851
69584
85135
14209
99810
99162
28276
17959
77044
95564
8755
38263
55358
67515
28484
31176
82506
37245
15376
82553
14552
38952
10882
59896
30945
89063
45464
87527
75671
76428
93413
1059
6756
59486
31277
43206
23365
86513
75237
27287
77824
66494
22478
79752
61949
38856
65757
82664
24222
62590
5138
74511
4020
87293
56031
72285
40140
74272
77475
89501
55679
29300
56031
18125
10604
73379
85699
97067
34567
71239
21856
83217
27671
77766
51692
1211
36164
36166
73912
79947
82288
25970
25956
845
12628
70438
56320
16205
9468
23962
46075
88503
22277
62719
9772
92655
71485
32817
96549
32493
44192
28922
3671
74239
62919
21349
78943
89276
81429
65166
72839
72615
13424
3149
34041
73132
61713
63998
26412
60960
44082
11004
779
21004
68532
36477
8036
12257
75910
37085
38580
51965
55658
61559
65827
91530
46024
57109
11489
63980
59862
66821
9312
1040
78804
69642
14346
25935
3359
71637
54759
88686
65437
94582
47456
83733
48059
46705
29985
91309
11814
34350
62358
98011
42261
27607
13782
68311
99290
51949
32542
56555
35159
79030
74401
74996
53905
97138
18730
39361
59767
90117
80842
38168
19154
82748
24132
59996
99715
25549
90719
80470
53823
95916
33372
83358
45890
11439
66572
18763
81630
90821
67149
95645
7148
88956
29098
3512
15886
37095
7728
79616
40218
9441
82915
55701
11045
54061
49644
72764
12183
83466
81497
88308
73981
41902
36028
78492
55558
71781
71658
24107
28655
28831
22958
37281
73497
33797
45999
4372
76834
52025
67729
57060
11122
13293
11998
13553
7215
16308
82714
66104
49133
50924
93648
51726
62480
65882
41436
40824
12010
2022
91004
22182
75290
87907
68248
21474
5446
12049
10474
7393
34702
27389
99776
98402
81557
12770
68913
83427
1108
56409
70300
28833
20612
75317
19943
23570
59667
16356
97186
74238
57782
91276
88724
44611
93369
66596
10370
57475
44630
44727
83334
10270
40394
541
33639
55308
63697
76553
47530
84988
15458
93113
28369
11906
36314
38947
1723
2468
36977
88836
59460
75366
14000
52662
20659
57525
51549
13885
62956
89035
61700
12819
58516
27606
35078
54244
22745
40382
55892
8774
59895
62729
67075
99760
13930
10993
39259
42844
69895
92883
88319
60987
10823
5533
37644
28974
64606
45570
96504
29067
77450
72245
93588
79443
63192
30586
35017
82198
5214
24495
46613
22532
22030
8775
39526
14634
11114
27748
36565
48407
90250
23668
2498
75363
10818
50823
41988
70167
90063
23637
6892
52071
22821
98305
40221
82841
43999
96667
90157
967
88073
60808
93701
19024
73327
93262
18674
9668
8592
89070
26373
74765
46764
96221
56167
68992
32826
97090
13963
50195
74842
8400
8304
87895
89662
14847
20325
18240
82621
35728
71654
97762
42099
61536
74773
52200
7781
40492
1404
68238
81757
81550
51144
55526
36163
26244
56015
12662
24111
22365
40369
94296
21645
59995
38377
16703
84440
98385
46034
41936
9647
96783
45673
42707
86479
18326
20419
63255
29820
40056
82799
9829
75572
69418
67596
68966
21145
50887
79153
53929
24847
471
62066
46714
10818
16289
9487
98108
45167
60271
14782
391
35628
57325
65893
17164
10565
55225
99841
55762
7589
43480
23833
6416
51384
38965
64790
47580
20297
92777
30507
78041
70272
99611
86811
5705
70939
7393
59113
89517
60581
97730
40850
38038
2839
88316
6050
35789
5020
95469
42812
13637
8693
24549
73568
72754
53777
6073
16869
81282
39194
92838
52248
99789
27316
46140
87829
69954
35373
64948
96389
30892
5836
7407
79557
3839
84959
20107
99513
11508
64827
18294
30384
82311
68782
89033
43965
64199
14738
78612
93446
14739
64856
27093
36979
77086
24628
15530
48735
38399
49685
10457
82111
96421
99201
22316
21215
54673
25010
79403
28690
94097
63429
89690
70595
10573
50321
75928
15466
6707
95159
65574
61228
14632
55774
32921
47484
18233
59895
39091
34910
73729
76202
13041
82022
50682
37390
31705
29940
97709
18251
11600
53946
42615
75523
65266
35422
78493
83199
8045
74704
62744
15905
3594
18958
42302
19438
29145
10386
47731
34904
34584
98135
96136
37154
19842
31614
45526
12695
22642
12123
91185
16504
18175
90314
25216
36344
86345
28805
18939
8759
14655
26190
65938
48770
85916
85878
2440
17558
65882
4269
49641
53978
47196
34737
98545
32579
78978
56435
27282
99501
91811
97344
98715
56689
63436
66482
97484
31153
32321
86304
85108
73859
3585
82360
21935
39697
52580
42404
46610
1422
20951
31883
84611
86028
33848
48863
16812
95358
24168
39352
2340
45379
61777
58477
31731
25601
17187
81141
87277
7839
7124
47170
56305
49483
3591
10062
88940
79558
48537
79079
76012
93744
72537
4614
40693
66429
24439
78208
44431
16875
9697
72698
52532
26939
15935
6271
90924
79285
42322
46480
41629
81246
55742
13553
84596
19491
61202
75757
18672
43321
55109
92076
99469
82070
11258
12659
73345
53623
74282
61383
73207
76100
30418
92331
92831
16497
88795
71208
29402
57400
21553
25628
36412
32515
42671
99756
26635
33294
42204
32906
26032
51309
30795
37653
45799
52428
21626
62865
55894
15114
26116
84793
48547
64159
19970
67281
92140
57934
89786
28758
56365
97254
5449
68176
87844
45216
3866
37957
36322
71610
17796
93437
91400
63131
47751
6268
74412
66650
65311
2444
4760
63952
19684
94452
36512
31523
97273
59528
17774
35338
20921
65901
89731
65517
80193
8065
18526
73553
28614
75111
89187
12937
3504
33964
95527
92382
79463
75500
5541
64011
86698
43905
45885
40760
77211
4067
41353
52335
51891
95882
14302
38691
26337
59795
50285
37358
85083
68871
40402
49133
40549
7114
85575
34979
34942
46255
68001
52529
643
62982
45752
24789
58901
64337
51786
38754
70698
56736
40642
666
28851
27926
73409
53319
24862
42828
48039
15388
36700
99130
41112
22979
50033
24426
50774
39301
11702
13803
15189
42124
74302
16485
46030
31831
70332
59174
5236
56693
61711
53475
43836
56338
61941
88252
72388
13249
83910
28512
32776
61834
16161
35058
24662
51249
38682
40050
60189
60341
69744
70815
66369
73624
90905
62278
59651
91339
99544
10151
54250
61353
24405
3217
15813
69017
50883
21453
45233
34136
67693
17683
45187
83668
70852
6792
67814
3832
1392
53980
11663
24477
47165
41261
26141
81279
3531
86638
42251
62409
6677
43924
6998
96585
42671
20593
74363
14548
85250
93579
49326
16191
19439
18149
47613
1385
76325
35068
6342
6553
51403
61531
12854
84314
53814
38376
97132
71455
59217
19325
75246
73865
94650
8813
25675
16571
89838
37008
79299
89134
9779
70645
50316
26640
58225
63882
33286
95114
85861
2875
86231
18862
95698
76031
51001
97703
27894
51339
50998
62624
50461
23275
68565
64124
80811
69629
8325
62369
58558
2908
60524
11408
33238
18599
10591
75982
54100
79461
17707
75351
37348
70370
48199
16113
64051
9349
66970
42211
91109
3590
694
31955
13639
78441
46534
27559
20987
38896
72657
10650
48121
83931
24884
69566
31611
18081
72475
56331
16630
99301
73828
39411
45211
38508
68184
45026
96871
20142
9729
85525
1488
85531
84729
16638
86020
26195
14620
53738
41908
83383
71884
34140
84242
50880
78953
93358
11243
99502
7645
5139
28225
18421
39448
68783
49632
52337
21241
7099
67176
64746
72831
21172
26577
73627
96399
42457
42983
87653
3561
72218
25816
99836
77682
82831
87543
56472
67596
49941
77281
37917
31861
80623
87462
20941
25265
63354
67243
87498
11068
1733
98933
5205
39082
99361
48037
92876
34347
60446
43767
58098
3323
54996
6460
33989
63327
41650
21420
49404
33862
70432
98709
36807
9635
56639
50978
33281
41521
96425
9389
33638
75278
44179
64443
4914
84715
80813
76046
23545
47365
69404
16669
18237
8206
32356
38619
52179
88114
86841
11509
22542
99740
78221
97922
12767
2724
47539
86446
65486
16206
32552
50590
66372
80744
84901
49762
53259
75516
30783
32655
90514
19487
11246
10477
6369
72367
31659
93185
32014
76549
49667
97999
64683
96411
65722
74558
70801
4621
48533
30367
91521
99545
45151
76554
20389
44860
91087
44883
2738
97791
42226
33735
16918
81792
94729
91394
31393
39742
21848
98397
26821
47773
22186
67237
25645
36358
451
73214
10140
34600
92364
47956
39999
56345
22708
29207
50745
21046
56699
75874
67837
19174
23924
59483
68766
20458
44819
59710
51930
6711
97405
39738
97168
44109
32794
17279
43101
82919
87051
4924
10339
8504
88501
48016
50294
94274
9915
92230
48824
59725
44522
55657
18186
13863
46880
29575
98849
67987
15938
52759
4854
69646
40735
38400
49698
56402
81635
93394
92955
77254
82915
53289
68282
81037
8532
58605
83067
47855
67984
22491
38231
99249
10383
38488
92700
94486
88300
82510
14169
68430
89381
8487
94112
98121
14958
62810
3210
73834
14656
13391
67205
44206
32325
17093
43464
1506
43520
60178
40108
94210
60856
49861
9829
48629
48618
14962
24256
60340
72283
96399
10443
83214
97114
57695
65184
96542
48161
83807
60459
40418
98602
39526
64797
17191
58098
48464
65352
43917
13945
38237
70241
94390
68636
77923
48793
98254
38741
83610
17827
25424
46789
26164
5782
2787
68504
78013
85382
85995
11137
11468
36682
58443
10829
83153
31567
88032
603
91636
92109
24344
59715
462
45565
92536
96802
374
46519
10596
47268
53205
7776
6872
91549
46323
50455
47578
77432
24541
93754
7881
95403
65157
65147
8629
70095
13748
76691
29391
81939
59697
87967
36792
57119
66395
84352
61009
28519
66441
76012
56574
44934
23140
39693
52607
96229
81161
74362
5970
47337
43255
28314
45624
66586
93851
71657
23367
43320
81916
41190
92264
29552
49313
41661
13875
76278
465
6598
17802
41123
6362
91311
12878
1096
73283
33798
5897
378
85905
959
73708
91666
976
35321
36918
58458
82963
32985
34064
38043
2396
40839
74831
47846
53041
30641
34243
49445
48442
76723
78852
31563
12019
61690
6149
27238
65448
33412
9460
34651
44888
86344
99872
87235
24585
89308
10385
16113
54331
22552
60238
92501
36406
82749
2464
4062
87907
58580
20571
20520
22890
37890
4021
83670
72701
4705
8667
58397
55477
46263
32123
51838
91281
66423
12149
40423
45857
37781
35201
62544
43260
61056
34317
71257
20883
56451
35820
11785
84443
24208
37663
29702
84048
45774
84090
48627
5146
97520
5408
9033
16867
29870
54010
57937
5523
38606
3279
74244
16666
29831
87765
42521
70300
25322
69107
44675
23206
95232
69548
63943
60577
94160
15055
97573
56291
75481
26200
53595
87499
22689
62576
97159
84069
90048
29885
59483
59083
7475
20719
20192
76078
34820
57635
19913
74850
40788
53219
7313
45647
67818
26196
6102
21106
94730
57213
78644
59723
70506
24646
30081
64332
25794
6978
45174
9749
45666
28678
29978
96974
59599
68484
43975
72385
10409
56287
22821
29141
96311
87910
60084
72203
2938
50851
59430
56578
466
79203
95755
94225
87585
19807
55711
32254
77216
36271
59082
73401
63783
89929
5069
61936
17592
19871
30499
84906
62496
26289
42494
21389
43726
87170
82843
91290
25166
5822
2920
61083
68318
87659
82233
42700
57918
47441
62489
41152
18234
47335
84131
42607
6191
65620
40658
60709
21799
78478
96495
89938
25573
48596
9504
18331
62199
97789
45870
19458
439
13962
22529
67140
81953
86507
84675
9043
65527
58893
42893
19774
10717
31267
47592
60685
20658
81805
76777
79541
25018
2242
47276
3354
54901
4525
11839
39045
68834
95910
38080
43842
5502
49365
19963
8943
55744
36945
2617
25667
64415
9834
93288
71357
8813
64924
80528
56620
48021
32671
79180
94496
13061
6958
29725
18388
21524
82322
72697
16161
78631
58295
53944
49346
9534
2525
11012
75474
70516
93941
46345
32778
42676
90342
6169
4985
38012
52142
71943
82770
30164
66286
80677
52538
95049
62351
65934
81254
14192
87675
44309
31973
89196
46873
75590
83606
5648
7077
49796
85614
8309
33485
51582
28780
54840
52667
83316
14530
86943
65410
80422
99645
73118
95195
88924
33347
60361
35526
73817
50384
85998
13099
14844
59125
97713
40815
20727
35229
65161
34451
33463
84014
59889
23992
79606
9058
72533
58572
15044
75777
43434
91426
52250
96125
53442
36196
12616
59909
3707
59687
54744
84577
66857
48704
9977
16775
53543
8475
47170
9282
21993
61061
87155
50686
40491
71450
58370
1717
26066
15780
74627
99221
14736
62445
80530
64707
261
72750
82068
90801
63222
66052
26478
53197
18475
86300
579
79039
68597
12746
25031
90220
10703
91292
66861
3841
11017
17828
41546
45946
87719
93631
23737
29874
32757
16308
35553
59810
74884
5431
6835
49129
20021
58369
19106
43419
56567
20053
2306
23768
49324
56251
88103
37349
51201
29360
14251
40763
64237
69411
30736
17594
79914
33678
50923
99993
79465
8689
19471
3909
55756
33626
13165
43834
96042
86471
95885
55474
84367
26491
34848
2359
54160
90453
33676
2857
24134
6439
31702
34900
64611
42663
85141
8861
98394
40737
34026
18235
27774
57061
37229
28798
78297
5794
96336
84870
74554
81699
83339
47622
32414
13289
12557
45595
74625
71417
96262
40425
23302
5861
59413
68576
67337
31131
5249
35585
42958
37019
52555
27200
4043
55061
57574
38979
76861
84222
32453
4424
92344
95590
9075
11687
12234
3069
85469
10917
85092
93994
26015
49398
87023
25271
50240
15043
76084
4189
11989
75172
34691
61979
23718
57110
71715
84746
13200
10820
90401
6245
32843
38948
41136
63550
78597
45195
77662
2724
72449
105
317
52969
97834
65548
90231
89980
99848
79310
46025
80488
81979
31074
95051
95333
29746
72503
96579
61331
42657
6103
53848
94219
48364
76812
35972
13298
33708
97865
15577
45514
31114
13996
69940
66508
81373
90779
28290
14815
36124
64469
38671
61746
67281
4729
92258
9823
72695
65138
61271
72415
1219
34320
37011
48050
14553
56714
82368
62689
44678
65090
7808
84058
22218
82441
92099
9661
32957
38825
17506
57687
79454
56301
1526
44229
45834
18209
67960
8693
44656
56823
49493
50807
81401
72433
75843
93291
18537
40984
3310
48014
75329
89883
61074
42665
66942
16721
92234
80923
87123
71073
66011
32098
37041
77625
45321
1196
67015
72398
67731
16935
60418
33344
35572
79447
51967
54360
94971
69858
22091
44549
13517
98710
45362
5840
47151
40482
88020
98986
89216
7776
48592
63278
46741
70744
50458
60012
60258
94409
15406
97635
57516
80679
74164
89956
15584
54522
59809
32158
98484
99650
62537
22411
30503
98811
6978
59587
20298
76567
43833
19150
99226
22856
86923
52000
25622
13779
78175
5853
84910
53314
61339
9699
40195
21686
17289
39235
85352
45348
11040
16122
12161
3440
37491
60653
84860
16634
23714
55341
3191
28190
30467
76863
64116
63968
56361
7737
26141
73848
11756
42378
2331
34641
92318
94481
82855
80184
71492
82879
16348
33074
18745
99100
10940
11510
2394
12279
34355
59213
14622
37921
34659
21577
54997
13407
14451
48327
24073
52083
47089
38299
7126
34290
75152
58278
99301
5772
38534
76759
65366
36009
31576
2754
62011
74452
36652
70910
88718
67824
12949
59926
70080
50614
35358
48776
19758
69262
33915
72363
251
52185
42297
18357
26236
54998
18436
59303
21652
59005
73390
42932
41633
61377
38889
44129
95722
99277
4064
5637
97264
45401
97010
32682
32272
96434
23837
9978
78457
31440
64960
7345
83694
89791
85747
23195
57835
8215
94568
49360
63589
47374
97402
1780
2394
46255
3400
49166
8823
3958
98085
29021
42999
80640
70356
62843
50635
47988
21118
37779
85340
16715
97186
9696
39727
92155
42333
78074
55651
22656
21592
72230
64848
84183
65314
64551
65201
70114
46082
64365
34310
43696
32650
27570
28139
89358
23330
31871
61016
33370
96669
62421
59603
54594
15914
68951
52776
32167
48152
59579
16544
90080
17586
65270
91738
66937
19612
65928
70183
37172
79589
13462
20425
1677
78429
73629
36295
50929
79445
99433
700
90561
27839
33852
30178
43636
42773
31224
57162
9601
49707
88618
13363
98292
44828
40406
58605
93625
95104
82398
6756
18405
59576
49384
13478
35297
972
47880
45108
40738
11694
96427
2879
75816
86618
88697
55180
4142
87595
35666
70259
41122
74404
49571
84887
18806
94672
90416
54537
24496
94364
47492
66700
49101
73218
75378
77166
53245
80864
21219
12448
82608
52279
97638
3732
78912
68365
18129
71328
24492
61241
74676
65085
11865
74327
36773
39535
79928
53082
77941
88797
31273
16207
20406
40951
15045
79759
5679
85623
60675
29620
65336
42689
2107
15297
61753
18647
10340
50253
95782
98303
67783
42300
78805
65992
82872
41060
22593
54664
26281
41958
62402
10913
43971
63074
25151
80459
3965
30914
80641
79921
36535
36904
87063
69508
77350
84988
43795
76572
62688
68712
17675
69992
97571
236
19072
17913
68090
88613
57418
68420
84648
10382
33261
89105
74852
14841
58745
42470
66528
45
11217
74668
4673
19023
35715
51800
75968
3271
16038
942
6128
28799
86017
29293
41683
77249
19805
14790
29214
30453
23194
77393
13168
63198
52716
36081
46134
43319
32035
11726
87597
70164
92006
1397
77012
54941
33049
36694
19377
79884
31209
35143
34413
76607
18458
85758
88980
19050
80115
96380
51078
14130
45830
55279
60524
3693
44608
41987
35751
69126
65751
90736
93362
83760
19079
75831
58090
10669
20701
11833
59769
8363
50464
48604
41842
64823
14060
28289
77077
68313
57720
27332
10022
51777
81185
74588
83009
14689
84764
61772
44920
4142
29458
85337
51785
17356
88080
60190
34563
7031
93997
