50851
51653
52076
51694
51215
50282
49858
50424
49830
50360
50405
48357
49268
50594
48860
47877
50918
48995
48602
48848
50141
47672
50088
51269
48857
50781
50546
51324
50927
49522
49154
47772
50673
51084
50514
51285
47784
51187
49679
49845
48928
49790
50339
49162
49627
48123
51509
52494
48878
51320
51542
49458
49955
48082
48517
50088
48688
50058
52788
50565
50032
51617
51081
50251
51131
50127
51512
49754
49672
49888
49365
50351
48017
47068
49406
48290
51366
49736
49822
48871
49927
49365
50592
50778
50478
48686
49280
50432
51469
50953
49646
50461
50311
48097
49327
50587
50933
48809
48999
49713
