7729
15742
9847
53285
56649
53892
63591
90477
828
58100
90847
8443
83636
17108
92009
43281
41704
2283
70297
86913
31145
67650
48013
10004
66576
20876
23811
91055
16637
5941
64370
83964
52711
74913
22991
13936
84523
55348
91634
55016
18814
71578
15637
45996
28327
21918
5263
83024
93447
28614
28686
77018
50791
65344
56335
15847
25652
64143
94550
22243
77183
8086
92558
84968
3014
91353
26736
41126
11978
1480
25313
6435
93218
23631
58311
25723
78062
53351
19014
14372
59839
55113
76888
20768
2935
62462
5674
1191
16045
91966
15801
44435
43969
63421
42578
73924
68591
83925
21738
43992
29831
73998
50220
56079
50131
28391
95584
30631
82848
94483
58443
47123
76748
31539
7006
96062
54289
50182
38335
84000
56082
35360
25742
8056
13614
95492
92656
91113
52470
84658
73384
44558
50396
26760
23917
67972
27431
58704
18752
88536
91887
68479
91528
30587
95144
95070
89967
6962
12354
92645
20963
49873
27279
72530
49091
80024
36543
92244
24703
17298
23415
84533
75071
75732
86304
94742
47827
2644
89044
30231
75602
20303
67515
99677
293
4166
18790
80923
54678
66838
68438
17400
72297
11933
49895
39521
27190
60717
119
6132
55240
29087
99002
1793
97022
72022
74621
56383
6592
82041
8251
15085
86705
32203
45252
13318
1076
27736
84521
1181
81536
66964
24388
55848
13641
90338
62848
40726
74482
7029
73987
44039
55584
23964
69018
95021
32844
61666
93839
91673
43224
70067
10345
60785
64374
33510
67575
40619
61052
24754
17504
21111
76398
71360
39362
23039
62110
59365
8811
55443
23780
72565
83471
10094
88598
64567
70857
30457
53327
89434
5156
83565
17165
4415
24444
5028
53837
81156
16921
80607
47534
60675
96250
42264
35855
10235
81975
72632
93961
85917
52918
52773
21429
83628
28516
73110
96566
84494
86616
23484
21446
32136
12722
12690
22313
12197
10455
31689
19395
28546
96738
63788
41783
88431
97917
18753
16594
50857
79158
19310
83142
85059
38384
63372
50915
42199
95022
57035
20471
69258
32420
15437
33059
66776
89420
43476
5523
74333
13530
35954
1503
59370
8208
45035
63254
92524
98482
35847
97944
70522
42108
42968
60163
24148
48687
72561
76365
94529
39741
68551
45640
91572
93428
5987
13764
59494
20930
9913
99551
12295
34629
30696
7608
389
15519
81760
82683
8375
9860
48119
29294
51769
32089
8306
40185
26413
13964
29540
82313
32303
14882
14132
42193
16210
1869
31337
88620
15288
29465
32471
74621
98458
42103
4968
58991
17499
12250
23636
12889
76173
79737
89105
71819
65733
84104
89200
54716
73122
49347
22724
71091
4897
40545
69632
17752
70634
72086
68714
70248
78820
35567
39794
64226
17820
32334
52232
24499
56125
64159
81835
68775
91757
61427
18938
65776
28573
87094
6415
27539
50367
91353
44963
29509
20363
51455
58182
23417
98639
36515
58222
20648
34695
79652
97923
27547
62618
16790
62079
76575
95628
13719
94219
88112
32130
35828
13157
4978
71944
70167
79696
51495
7426
42099
96387
17543
22856
49883
38913
13749
53649
68284
26024
21029
39094
29891
92655
8251
34763
66234
69243
4120
93463
7177
70290
35388
98817
5567
6836
26976
67574
22044
14728
19995
16386
25134
30707
15884
41522
54444
16854
37140
60888
4169
2483
47281
52319
23479
67955
65397
70123
84425
72991
41162
53496
57311
79158
5673
61688
93864
90728
22639
54570
57472
77373
54300
81824
72580
82117
25459
16533
91200
53563
17543
60776
63668
43682
28641
18988
26281
77096
10762
76735
76811
14525
24420
77773
51332
75199
99864
39699
71614
62647
68950
47889
65688
15028
76145
45367
65358
21127
77196
55263
3651
79507
34690
38824
44501
94102
21915
69483
97315
52708
36078
42160
54664
1334
63730
79136
36426
9642
13834
9039
76550
48701
56429
83905
70107
64096
61103
94672
4210
13675
37327
59576
96079
84351
50601
26365
29743
95720
30746
20961
30036
60497
53233
49149
7825
19290
17378
57109
80734
5237
52784
70867
83516
81628
89340
34231
8024
75522
22673
42171
35669
61840
84914
80410
47004
7479
53637
87175
99053
81863
15611
13594
92685
16704
94869
32547
59168
76517
87625
69738
40602
15665
36464
23126
47161
73720
67422
93842
76719
15236
13856
55382
57825
92666
53746
67920
43984
6902
7153
88471
92851
47623
97892
70033
96990
49219
14966
26733
87774
36447
17872
50504
73751
82466
41393
83377
83528
98498
65803
30639
17343
79513
81827
83811
13802
11008
30173
84304
63619
84379
28042
11312
32162
79280
64773
94611
14371
27094
59985
20204
25043
7951
97757
20041
15462
67022
50676
14143
31945
1452
35749
87775
94771
32856
86150
57991
95313
34406
74929
1027
63714
17101
9264
86430
86768
96162
24099
78727
22886
61799
15686
74297
4634
66632
32673
51328
16325
10428
44192
44964
18805
76092
36204
47740
22561
29913
87816
70657
34311
14000
82982
78987
92605
91536
32645
753
82406
9462
89299
68828
21280
60107
70303
19511
6247
79514
14224
6750
45988
61867
87058
25671
58904
73061
43132
63721
56955
60430
41829
96328
71932
56284
63610
193
55931
3087
84485
37054
70346
88886
41303
94086
84787
32266
78447
84411
46879
10885
32717
61144
51586
48274
8329
60169
26733
39694
25246
3841
27057
89643
65877
29134
89133
23235
48727
15125
77388
93905
91184
6100
27212
13046
75047
57651
5207
49546
96708
3220
61939
25417
45656
54593
44546
11640
27930
32945
91030
93237
78998
33239
79092
90416
37558
76039
69596
60893
3668
96773
48537
76360
65498
61172
82400
86224
83217
57535
22117
36415
75753
94131
18970
43628
82482
96049
27216
40497
58405
12553
13433
39427
44283
75050
80375
83130
77501
79583
2608
85998
71755
17991
68503
92156
49101
96085
62139
39179
92727
65353
77125
36262
73382
46880
15993
57561
46715
51991
90288
50906
4380
97502
27411
58130
97254
11362
732
33433
67766
17760
99004
75043
69615
79892
43234
16703
96267
54416
16497
7213
98532
94323
56364
9216
36661
3156
91428
66029
66496
98559
39637
23991
50430
90908
22251
35816
84051
72662
93028
16288
18540
45245
91057
94413
56001
73608
93108
20913
35076
85004
72808
65023
69002
51947
10832
12428
3277
9876
56721
74015
80736
49579
47283
18048
20191
22875
68621
49316
36694
97846
58482
55242
14318
40672
9810
65739
62988
87348
26388
4131
71275
54262
36012
40090
58121
26504
54019
42381
78737
93105
