16302
93542
67903
22953
97819
90973
25374
647
87520
65817
10283
47355
36459
91200
57442
60081
22195
10849
84681
62057
88502
79905
45855
83964
17834
75791
94637
76198
91767
20849
33697
74775
85771
12157
98802
76607
42811
51923
72457
14652
92696
33883
80290
17180
46014
54487
92271
68053
5044
8730
1879
95798
46085
42942
19240
631
35088
46512
57963
92151
54946
64386
94007
56138
16346
53486
24461
86732
6062
91028
68465
17793
55185
66341
67357
70839
71577
73180
25507
2564
40088
39798
43753
20762
79349
87478
56379
91401
89762
71803
97388
63979
1117
54206
24080
77908
7129
11452
47755
56457
3960
57955
72951
67190
46421
89682
90140
3718
74747
27253
69894
92453
73885
13934
58042
38411
19083
93517
48238
13811
85305
5439
12076
56000
65473
37374
34366
98097
12314
60935
18178
51096
99442
88207
78687
36322
46756
33190
15266
50354
80330
40168
23361
71356
35486
57615
88367
5646
35740
24310
2068
26416
88589
56691
32712
46406
91993
5697
85405
98175
63365
45477
6082
70766
1124
97049
5667
1843
82357
38543
3713
34971
34955
28217
44940
89007
63950
55714
92758
32621
33217
4387
1436
40034
4147
15916
50347
32836
47733
26369
71721
32934
11207
72746
36171
53749
20178
19077
93586
72462
85766
31973
29554
39460
87589
58904
15372
97456
28693
42946
73342
75948
72557
62301
43325
84456
64105
87234
60118
56640
58000
77031
50518
76698
28567
46703
2849
19101
85915
97050
92353
49521
39389
4329
3174
68195
40523
26437
89383
65488
82274
65548
70684
7798
62000
79924
38945
1124
24551
133
10824
91085
70099
30047
58222
70124
69836
86615
38762
33370
6186
80470
23935
89896
92940
1699
48472
62457
15813
50611
20204
41568
16787
95980
17556
68712
96545
8316
51937
70373
90306
88363
92288
5051
87812
89994
90980
69119
56860
52593
90760
56254
88873
55617
13654
53564
6452
36195
23944
14010
60358
40705
44738
94902
306
8115
15366
90539
1255
73324
35770
13504
74820
2440
52279
67184
37701
9716
86707
55748
4434
96961
27784
35937
78836
84132
40754
96596
75358
95898
2035
1994
58606
24602
17710
53795
81136
98608
69304
11708
75197
63634
59269
26261
2750
49661
79649
31642
83359
68492
22475
57159
27857
59976
77187
31007
92713
95556
81340
39957
19211
54282
20503
43878
33258
58118
85724
24883
91172
53835
59087
98085
8403
62648
56333
34695
18468
68091
65825
46120
77153
29649
88153
73933
64635
3055
15588
91027
83057
29992
62854
9046
25666
59536
92243
63194
46915
96692
36422
38098
81000
50442
94638
73478
21069
71611
97154
51639
32850
49447
66370
36403
48656
89640
61909
19128
91992
86489
40269
70366
77835
6281
77286
37585
13505
29919
97235
25686
10872
98621
23600
94078
74076
7867
80779
38933
36673
36573
80381
28173
56537
66588
2017
58585
565
91457
55699
34407
45424
72721
25588
67690
65685
99214
62073
13385
50522
13934
24479
85575
20276
17930
6746
16434
22269
98291
65120
15740
56762
62723
49752
51500
99902
42854
74620
89473
34199
48838
50254
48514
47535
50601
13269
94443
87314
96236
52289
85261
61625
85303
49941
63583
87836
68856
30825
2825
85093
41072
87178
41030
39070
53891
31879
73860
99489
23803
32979
45110
49006
25358
11309
70140
90367
40969
48043
74290
71070
99917
43536
98263
85222
6767
60969
41293
25525
44747
39684
89997
83625
79642
60611
85387
76223
65755
80262
48834
22919
32996
12966
48541
47827
31475
38963
44096
37543
23015
75433
59962
87334
54704
70852
31375
75934
88449
34037
85765
13165
17724
49066
58040
7712
34251
94728
34727
25696
98108
59329
31931
75773
77932
44573
99210
83525
67180
3175
6315
63456
11634
68996
53296
3546
8794
61528
44079
92162
15705
29326
90078
86654
73537
12085
71301
31637
48711
36853
51389
5558
7792
27676
81253
11095
35118
95437
29718
28434
9575
77829
69088
74144
1892
23991
88347
31687
18123
11620
26377
61066
21529
31715
29251
18526
27034
52122
18204
54182
21901
84466
74528
34134
68128
10864
88082
75917
52796
1962
1557
77988
99623
81949
18404
20857
5021
89085
55549
99677
94553
21216
39434
62686
98755
66381
97494
96450
58899
8935
29070
67445
25304
41345
28188
35966
21792
52339
77611
93967
71383
1766
47015
54866
83551
38182
56775
39815
93558
40848
42556
11878
35229
72613
99229
68353
94888
62945
64747
95162
71898
77681
79002
99558
65519
36488
84924
68190
13700
62834
9261
88770
86621
15088
57842
94681
13760
76426
11213
22899
29873
43312
5893
58331
60287
14846
6082
25732
23835
40446
24586
95220
13493
28522
36339
88895
6206
83755
41198
83271
4977
44997
34965
73692
51549
71181
58080
22979
35130
4970
25648
31371
52754
8715
73369
61776
50674
38511
78818
88595
23601
38260
11356
4120
36799
21519
86000
97405
32177
43703
58342
74896
57572
52511
36190
81462
74806
28440
25547
62749
17208
83884
7047
82052
20461
58999
44284
48903
76476
66851
61988
63759
93908
74419
37307
46591
93867
25996
1725
12936
16245
50936
70729
4777
99367
22933
4211
36306
89472
52236
11401
71588
38667
3329
35430
27531
78440
71845
77656
24241
92754
29593
5409
88570
68704
24934
4373
15406
7176
91711
78378
87547
88300
84565
97730
61937
97118
9825
39543
56799
53924
14696
61305
36321
67481
71636
67174
58866
32861
10227
63907
32366
45430
34854
48447
93304
58257
63057
10398
33330
17930
21213
88812
37026
11490
84432
83382
55603
44954
19240
72797
66887
43360
33047
79694
39168
37814
18347
3737
30146
86531
27493
96077
9793
52398
52981
57586
75387
59219
3493
4034
37886
90598
98789
42880
75341
83085
40260
81587
19826
78714
94397
49604
21835
49162
97589
40661
52997
33163
77560
32227
35147
67956
44023
32560
31492
14125
28538
13938
29997
23171
1484
35577
74425
15574
86349
98747
95888
30876
44504
40814
2412
74707
85792
77698
43093
31902
93010
78601
73225
85184
39314
62015
99769
58839
37172
85051
21109
62149
38458
92374
53577
89764
79972
6106
17313
90171
790
25131
65998
76851
84257
48902
83217
9237
88713
77596
52271
27265
63977
18384
69711
37063
97337
65930
50602
56353
17891
38214
92333
64067
26206
68387
34347
41288
93714
41882
77289
76320
70200
49523
85585
28706
74413
73411
17950
57228
17475
32760
10745
86015
52590
84170
73640
57112
26679
84057
42691
8682
14232
43988
50773
98031
23103
40142
30459
87008
33777
38977
30671
35290
43632
46811
93768
32407
4402
60041
91444
22634
50962
34471
54663
65883
67251
45290
70961
55263
74143
62750
67708
58534
89475
8830
84321
50995
81815
29795
93257
84314
8083
13248
23562
19401
7637
12901
20950
43081
10275
47211
49628
24898
95807
6007
20164
2415
2213
40431
95486
92781
89722
38750
87730
99155
90566
42275
84386
89260
69225
79169
23643
21360
3706
90831
25704
85500
30930
9177
44794
25746
87194
64872
12882
70292
42806
73802
3144
69580
38046
95139
74495
80531
71424
16693
45544
83819
93652
33038
75090
88035
27850
13172
15839
4258
2144
96013
27002
97299
30739
19917
70527
39064
36886
81440
70763
82391
11452
89213
74653
6522
13658
54271
89745
28453
63185
6270
22708
7004
5462
76259
89904
15632
2891
47712
16175
53563
32737
18856
90150
63848
50002
60893
94605
47856
29582
35908
26458
89344
39050
76024
76683
76711
85069
67999
33136
96081
4052
18596
53721
41450
15795
67343
48689
75404
6030
95223
64431
7182
85366
50296
86660
17527
266
19628
86140
15320
88927
36419
2930
43224
71233
25681
23199
5159
68002
37546
85138
70726
78019
7524
4414
24736
23345
55776
5868
89798
33350
64099
99125
5062
58465
81984
8611
38829
65046
42570
81949
24419
67456
56036
57931
5727
68584
43261
19319
97279
92997
70265
99413
34935
97853
44576
77327
44410
90752
20892
68127
76514
84331
5704
54501
8673
93167
86111
77567
8100
97610
84465
23513
23681
74208
72110
42144
37317
89429
18003
23604
27056
34745
64039
48732
42618
18026
99055
60094
7189
54879
92045
65479
34046
6741
40006
42998
99299
41183
41165
35195
39428
10993
62916
85150
8772
43819
34786
53512
58827
49300
89946
89345
84577
28157
53460
1451
63835
31785
68258
80296
22963
27259
77273
68513
66873
54420
1938
75022
12420
9832
94686
28662
73384
16573
89034
80384
698
58713
89425
26428
21433
13670
54781
86704
3635
49578
65679
70619
37023
70140
77618
95959
44213
95405
56695
19717
65000
43997
91376
75599
56161
14368
61003
86408
43291
81299
54324
30905
13408
77326
92064
41300
26867
51147
51187
92609
88115
73738
38761
29610
69405
14447
19543
13512
51798
46632
42847
48544
41429
55687
64361
63328
30235
47807
45797
21395
21346
7032
69402
77494
47263
96119
45779
33161
44292
51184
95443
65772
37656
56006
14310
23292
92897
16910
88825
87444
97295
32321
11607
55674
83356
67627
7730
6821
90637
27433
12689
6840
41914
16152
12672
64051
24214
19137
99347
31683
23295
50395
37259
5538
79856
7520
84197
97167
7711
90696
73629
48400
74044
26188
85023
35038
23644
63020
33381
45470
10329
5083
6064
29671
4775
61153
36895
45155
24578
48748
76214
50102
60219
48130
6412
51372
59186
88459
27556
94581
67490
10666
88081
62557
79011
25318
3860
32320
9568
83703
91859
61127
86698
74428
32236
94760
13428
58905
27459
591
82492
16337
47025
70750
32859
83786
92109
21691
29642
16795
99862
47150
92016
35456
20420
31122
96543
50367
42817
17556
55211
31677
63199
1634
28918
67152
23835
65557
55813
25404
23582
58124
90553
83872
95191
18317
21153
23526
23578
10063
18719
41198
80779
41704
65055
97971
51602
17442
51253
43975
13896
55996
23624
56329
43063
21908
95731
52769
83187
73846
39555
73858
91614
32753
7102
27788
79681
93752
24181
34427
71748
21704
84265
40639
19469
2990
11305
59143
63751
30180
32028
96816
41862
71716
39603
21636
69236
72450
31680
43525
41064
28052
61878
9918
14697
47086
75765
42529
83351
14937
62363
58016
46989
89715
85498
92159
79925
96856
69823
52354
67983
20080
70685
58821
13765
50908
73826
56720
58642
84949
88952
49459
9831
87013
32011
88459
1698
35804
69728
82790
46202
28014
14224
10193
48281
66727
12985
94607
18470
22288
59389
81940
3005
227
64499
61965
14387
9968
50243
2262
24883
33780
71304
49972
9150
6810
16657
49943
59726
59362
81611
93446
5471
22748
46100
47419
94173
25460
82178
22959
11002
75702
78199
12457
67975
48333
30583
38628
36688
71146
7301
86107
91891
6173
77896
54246
12937
2291
69328
13297
10475
88749
79718
79902
8032
32766
39696
29632
19856
53974
44118
98754
41181
78878
30915
58947
79639
91243
51535
6867
50887
61785
733
45609
77272
90755
79503
39393
76368
90194
71907
98344
4116
53693
71521
40904
7629
39297
56856
80227
38207
24431
96874
53769
37908
18397
73445
42581
532
23408
86596
8650
39322
98705
36520
67151
76937
83393
33650
67502
59225
89192
95768
73143
67931
98917
23363
92280
11752
34532
37063
8939
31938
74304
26971
56242
59187
65375
45811
60475
54370
52387
52231
82918
34028
95882
72220
96579
59305
87238
51021
97967
77320
66775
12634
90651
49357
58293
84442
56209
79030
40717
27330
84374
59291
71687
16625
23100
16189
1879
48415
73604
64468
53144
18983
92261
54042
67149
4637
4050
86130
3442
15724
78391
98306
68224
50402
60867
10053
19729
73440
30494
64580
95185
9574
76251
21861
39000
29959
91755
80283
83908
70332
81315
43930
88188
5409
38344
87271
18981
52052
15132
33540
73588
25435
21307
88502
50500
69841
81889
14162
66563
28049
93689
46746
3252
59911
39443
34351
68256
81578
18172
40248
11641
525
32515
4555
54202
60799
91553
64001
61731
43066
92239
75956
99213
42188
45698
62489
39578
76828
7124
999
12289
87947
56228
44347
92212
28194
15973
2162
69819
30014
69900
84115
85040
13175
42738
43014
92912
74495
89842
93061
13178
86120
75677
80116
89640
85997
45913
61738
80704
26122
56418
91467
82987
64651
97248
9400
39441
19925
34601
2753
18833
30958
45917
38780
80422
27212
23139
58765
25000
65567
78967
29292
50149
10882
79541
98227
80821
99119
89
24789
66082
94318
23397
61389
9402
90252
13859
48436
66347
72811
38501
54522
75043
89491
36586
25750
92898
93689
14084
30930
85381
46590
62902
8629
17145
48392
76484
54624
36698
43765
32768
75054
51023
90075
65321
50425
56152
58766
11409
23440
62558
87583
62198
79873
66268
39381
16410
21255
13490
33191
6222
65191
495
54683
74163
41110
81385
19533
76289
10899
46924
85773
50657
54045
78713
4076
84742
22438
42559
76288
86677
22116
11142
56281
99568
50567
13926
81832
39702
18778
5165
95511
79000
69264
50019
63501
88087
78260
86697
96349
85436
36181
66460
60544
34788
61399
10613
90016
71310
35443
69068
81259
32941
8525
17167
16421
10617
64282
81953
27421
25715
28328
46622
97347
9075
73327
36714
76905
98245
1463
54285
6671
50550
73159
48470
43457
89149
43112
11103
33157
94972
44116
32488
18478
93081
25026
85017
71774
59373
35147
95810
58832
26964
86022
3193
66756
3794
85737
71045
37890
83708
72199
75482
52460
65169
58988
49047
54564
18827
21358
12044
15046
21304
64715
79813
81233
46439
29938
87182
31529
99694
38136
68054
89108
85690
43470
66360
80984
84200
77253
7798
32755
70457
45718
72070
2556
87317
81019
76638
28819
31457
85226
87732
68905
10159
64238
46544
50240
48591
86642
66458
10672
21988
37279
38232
35085
39622
77366
4595
65677
81702
24537
70085
60585
45072
63616
18284
65380
65647
96446
67290
24355
79830
94755
31659
8847
3305
81697
3783
85049
99348
11221
5664
31662
64761
9350
44455
51191
1742
37294
5005
6049
81402
5238
81274
55776
30031
81021
49649
28882
59687
93021
58155
80083
9483
19664
78207
63056
43946
45179
6395
73152
18992
69249
6586
56902
47832
94837
90486
61185
23293
59143
40091
48659
85007
68426
59212
11474
16350
50035
19338
6520
12658
27597
68534
11979
27562
13756
92567
30985
82926
74148
74191
82915
39618
13374
26013
80004
86916
97647
52226
37019
37883
75277
60427
99864
12205
63151
74136
18257
34573
25554
61435
86664
95771
3703
46891
91500
16315
57759
13110
34663
16695
67602
84595
80152
49564
37348
99771
35207
2728
52953
76190
79836
43216
21362
50588
11534
7859
61096
173
34296
51693
96765
52874
50782
95980
2139
67213
92708
93654
4322
29387
29182
87329
50375
12993
3757
20250
49517
13566
19100
74984
3729
44747
40423
11719
99800
73066
80038
70562
54728
42074
62766
12349
60416
56389
46267
73943
14483
76469
67935
26448
82180
88417
76675
68488
71126
2177
82756
46148
74329
13188
17781
32703
57953
77440
41562
27726
31148
24590
74548
65353
16273
87044
68709
92210
48999
93689
61078
24175
67078
15084
96852
2149
29566
94433
5834
89899
5347
91849
87411
15188
23743
80061
12602
41169
90689
95094
13775
74359
61020
15823
59328
57273
73680
60265
36248
63310
36851
38616
80015
83470
9890
352
33308
30222
5058
22963
64755
90984
61265
63576
10416
41318
35898
23122
27048
86878
71995
28801
22906
82108
64148
74930
55825
3433
92100
77471
39713
24689
39813
246
22948
22782
19242
99344
78599
39063
9846
65959
87080
52794
45928
1602
3160
77692
19798
69497
33995
3180
7115
77431
89422
99083
69743
18225
55011
62363
72229
73285
93681
76046
51319
12989
58752
38288
73488
45826
25448
40500
45579
74745
98436
87667
11025
38727
69900
13590
3698
14715
92875
3159
67616
95716
98779
46961
64115
14937
26680
88529
79586
95558
68738
24848
74179
24363
89162
87883
39861
92359
58396
26061
18148
48542
72541
22997
92913
97120
54919
77154
62269
40636
84153
52174
77043
85993
54932
71787
49979
12537
98089
30599
50071
56254
60984
80699
90834
75808
40313
50795
16757
19012
34641
8097
79414
10526
61568
67206
64507
21912
98703
52136
92934
89800
46411
54940
37282
46836
85094
76592
93293
9975
28291
1402
60398
91899
18059
37645
1515
92998
98500
54562
8941
17582
76906
35541
64754
9489
70064
90279
35728
18095
92343
77890
91841
73756
72550
59847
47999
35365
14510
67094
31183
21207
78510
64574
36342
22613
43534
18097
5231
9557
3096
12660
21120
51396
91444
44113
91469
11056
69487
41978
25753
99858
65939
84839
25138
34881
22310
39539
4984
70256
76340
53484
41888
46568
11286
66560
42347
37718
75204
58014
35329
50361
50338
92346
34311
30499
24083
80901
92683
21491
49465
23104
76234
63976
35874
37547
64360
61351
36550
75550
63432
83730
76897
51985
15074
79332
67181
8316
5652
42230
49566
76578
8194
59113
83710
4971
67144
66247
28383
37042
36170
44838
31947
12032
80397
69215
16546
83208
16952
33557
93873
95477
27854
35002
30429
7885
39392
16517
64252
38383
87513
27071
16190
38996
88741
66087
55885
88062
78073
76976
97948
97985
70260
78509
47980
8907
81490
52094
64988
7757
47181
66126
27471
76117
36197
46064
47103
46192
56608
45762
43013
82806
91128
68844
81632
68109
11444
14534
55541
71181
40467
51117
98213
17321
87048
16100
96052
84820
44923
68108
42591
50037
63702
44449
54160
80743
45562
12991
73773
81410
94094
22253
32738
63057
98018
82230
7355
49219
72285
60900
1026
4931
57644
19972
70932
70236
42990
54050
15800
74249
96608
21077
19103
97694
97174
4684
33299
17705
12035
89278
16755
45089
5052
59795
62245
33593
76012
75953
47347
38342
38910
47300
7431
36416
21541
50550
63093
78288
58180
68170
55062
21047
16315
56725
55395
76988
45955
72657
36536
66602
46021
2866
17605
81072
84776
24894
79305
44873
32093
57680
10578
8420
65886
75422
78385
20487
31976
91333
16093
19922
56301
69614
83210
56564
88644
93947
13849
36966
94627
71601
48041
96439
52504
8439
42460
23452
73176
69160
57938
30261
72299
61738
51993
65974
3117
43502
73607
98111
92246
13549
38080
89673
35005
87028
32073
87751
72948
35144
98274
31484
76789
40626
78304
57771
78633
32244
46858
64424
85565
41404
55865
36057
66083
45059
48459
92849
39843
30746
12625
20950
71798
66101
29244
22954
84844
29047
97159
36285
45939
51135
47740
36086
51868
68598
54958
55043
18639
60346
97065
52893
72850
69377
26246
48346
31618
49932
79908
61996
34915
50993
17287
70388
68286
97312
69173
9527
76516
72741
32728
79633
69113
293
20209
21512
33570
97364
57387
65930
84332
41179
88959
67295
95719
59562
61126
72785
12414
96144
1178
78654
49759
33280
43589
76845
57249
56391
60014
82505
93792
9202
69544
45718
11334
53631
20065
36221
32539
93809
19263
67784
1552
14440
35992
68114
67181
20028
290
17835
6204
46517
74670
19856
64432
78746
31207
16770
73473
8123
90060
23696
91842
70297
42007
21851
49572
64315
84964
8895
98028
91539
71058
6157
22405
47981
59187
33025
92890
74203
52889
53635
55517
36233
16964
42621
42740
44429
26386
75689
66169
84165
32414
58553
73060
2795
20824
58310
35764
13680
90380
27021
76603
83378
49338
28296
3251
21187
35558
46615
51613
41540
80887
79454
40626
29170
57026
47817
22740
81892
40053
35006
82760
56032
44311
71943
92222
94344
57095
73826
78512
86880
31322
2147
9940
52227
50197
47965
83856
33520
35948
68019
40486
96781
9373
96882
52753
72697
18473
67507
39907
42945
27965
59548
69950
82351
15100
86033
3737
33809
52535
34513
7708
63940
849
88505
92757
22548
46440
93213
96229
28009
53819
37837
91515
2092
11165
87309
29288
40934
56617
12285
19176
17027
66844
30334
61696
96176
60146
6823
42417
76103
30824
89259
3669
11235
53367
57643
46036
27315
56268
90634
95305
66697
44391
77200
20003
2713
7551
38952
7049
971
43993
17072
70210
2844
98583
32930
2014
44642
35462
6454
7458
88010
17155
10183
69005
5965
66520
60701
29159
2739
46645
59044
9850
35123
86001
21886
25871
47395
74805
37631
79840
737
37279
29728
47741
94230
93450
19946
87137
646
50353
8806
27312
48164
9747
77359
41560
41535
72125
56368
20352
84936
82560
76626
64320
50798
33123
21550
69908
14294
76076
15232
39404
82768
33081
23873
75662
40337
77707
31366
22396
9125
93345
68034
32425
65944
3215
49653
71393
71278
74178
11423
12017
95513
95433
3345
30667
13178
18643
75184
42136
94855
10225
72852
58353
56655
17118
5575
80432
32488
1126
43490
31551
29743
74806
98958
30423
49224
91422
19999
95970
15232
72558
37249
932
78085
84284
57092
86905
78110
47681
11307
16785
42468
51878
2806
96374
81572
59390
1740
56859
73033
49509
14808
70637
33444
75195
78151
94182
67110
90721
17382
79562
15886
52115
98173
24717
54555
4250
33032
28377
53878
66459
85268
84835
90613
56612
61780
62534
28150
81296
55476
44476
54373
19436
60630
15177
83791
10516
2204
11348
45839
14597
88726
75912
62510
69321
75424
10735
37413
28941
51743
11966
84701
23650
4819
15754
22432
38052
26803
6014
21426
42106
77301
61378
19390
92607
72098
21429
98119
7114
54940
7258
26808
49129
72255
52979
35344
81232
26124
14822
18793
28752
18519
54463
64227
35146
25776
14290
12526
61198
91064
67050
12977
95736
29717
42424
13421
31636
82935
63912
72208
57706
44747
15652
70339
82215
6118
61852
9961
8703
28882
61649
42195
59371
99653
60858
578
79476
86900
59461
12678
32424
8749
97224
88414
13970
16494
36075
87970
14347
96842
97911
68561
24198
73973
46402
29291
21877
96012
3412
2081
54316
77034
83926
65343
38124
8127
68702
8222
17528
28165
81350
35926
47347
774
75592
54730
25885
41029
68398
75634
78250
29477
85521
11309
45958
7049
24777
17476
93476
22475
9258
63673
55876
99686
31638
67019
69103
22284
83349
66771
23810
3841
39588
62042
85278
9090
43759
79181
13067
57026
27768
40090
43658
92071
38307
36867
14061
77243
12314
18105
44291
96093
91341
88580
56521
13789
59010
39524
72075
23492
65164
21046
30817
97966
79725
86700
59474
9712
12623
18412
39010
47375
81052
39816
88082
93052
16698
84824
5300
71385
26527
43778
74963
86644
42300
92461
69860
4787
11533
39782
10848
30719
43418
46134
63944
12526
38772
11877
15859
20369
67195
13441
47931
50726
64133
91936
81906
28999
75116
20711
8554
21165
91568
76571
30527
30314
3584
32752
71630
13268
34066
26241
4581
23378
16671
11539
70064
1786
80060
57811
49285
60551
31447
27063
27652
61478
3820
94642
9046
16747
74709
91045
11322
54524
76581
4241
54234
97736
83817
8026
66970
60486
93695
73635
87675
77464
70882
13335
10944
96320
66383
803
41139
42853
1275
85405
37774
63978
97257
39791
30039
58791
69144
74738
59639
49141
98662
3655
69225
48233
81777
13517
6552
44362
55765
89758
23868
83603
95655
84381
87955
18242
98482
67651
79003
88492
14527
95293
58249
27682
73050
65991
79454
29699
41840
49581
91619
58581
86402
49481
50043
31561
42011
59715
79756
73490
71497
35646
75239
75941
67927
74481
97866
80261
10029
84340
98918
14029
50627
34025
5273
77420
88738
51840
94336
57638
99572
58945
29850
89410
47
68997
522
27606
78323
4587
92337
33198
64911
49625
71486
21436
18372
57178
96265
79770
56816
20740
76825
97446
82210
29432
28545
22291
77213
97617
78839
94760
27946
13680
75667
47765
54154
19169
31293
55699
89092
9151
37459
19848
26267
76256
67981
18603
29750
11973
17772
26229
87665
19799
90128
9112
63770
48218
4994
3540
11925
95
20393
28941
67262
99587
21328
89178
31465
36195
86001
81138
694
37827
7705
3135
97399
7966
84519
60925
15604
98808
26221
82991
28924
2036
29831
9339
48912
71614
97796
6063
46280
5770
16738
36691
7757
9840
61533
39495
57189
58768
49301
96597
10658
37006
86512
58407
58094
94894
63223
17340
42587
87230
821
81735
44530
37617
2375
88039
35218
46586
49140
30863
73256
34953
12799
67382
34199
16542
75399
36164
25677
12270
34729
3729
20009
37745
30660
99037
67126
67523
33807
86564
41767
55621
80871
94551
85812
32168
68199
45654
30228
2680
84371
31739
57334
63962
77525
22233
22402
90010
5423
88178
33670
98600
44600
91258
91880
37016
9961
86312
43873
99219
1791
62910
44442
89665
70098
92680
80222
63910
10330
4997
21284
90607
75680
66521
70208
4064
94073
47588
87902
21237
67158
15744
7250
20619
29123
56952
81645
45447
56282
71492
73387
9104
21068
68036
28078
71333
80347
68615
9659
81513
44057
47459
63759
69378
88390
92792
62294
42053
94144
7518
53946
60989
19733
83458
35452
68527
70771
93867
76765
77325
56127
40484
50256
12919
96804
78007
64456
89623
11720
48862
80821
16450
15337
35671
48324
15967
41722
5150
35724
55092
29586
31724
84136
95369
39897
11293
78785
88870
73084
61932
84884
86824
97009
49643
60101
19729
69528
83537
85870
20653
24450
89384
68135
74292
63301
40176
82953
24905
25987
58514
473
19154
53360
26501
28800
73047
85968
96144
92058
60051
13337
58429
58141
57969
14459
98965
71797
11360
45479
58858
60337
45009
46961
19826
99119
83460
56567
72463
66986
78504
1588
83236
80249
62777
31221
59134
34687
46703
9468
85718
12718
1319
38105
92860
61893
84505
70672
78185
51569
39585
81319
95540
33668
55447
98681
94892
99762
98809
20858
10869
36439
64406
4546
25471
85727
37875
26321
51783
12823
34636
26399
76169
41228
5050
69232
6979
95720
92356
33761
28549
58992
25288
64808
52693
86737
15586
99029
44309
98528
23586
443
72923
73657
90591
50457
3810
88432
78500
80181
59636
36966
84818
98680
63687
34983
4180
40626
50684
79702
35546
82007
90423
29621
14438
92861
48075
49396
40431
94738
34579
50714
89041
5535
71822
54098
76668
66590
86207
79899
31898
55679
62166
70745
86670
71809
48531
72642
29983
99441
65010
30726
57510
83833
31921
13377
28773
2316
9189
37045
28291
24398
49405
91567
52503
65421
49689
23342
63784
54181
52376
15493
21585
99576
77950
80439
52689
96503
83352
89585
35558
91120
43787
38639
67546
72041
94997
44546
82872
16974
91625
69114
66314
28069
78017
23087
86796
58606
5120
77917
47377
48059
6974
36642
95367
72087
21452
82399
66816
29344
49783
76533
54957
59065
88244
13373
26209
41959
12043
90505
17952
10800
503
64438
96751
57954
27710
66461
54406
91303
29481
37054
11383
86532
24986
29597
83902
27795
58701
81672
35920
31668
52521
92186
49235
65561
47829
33093
72014
28774
25873
74358
36822
46798
85466
21914
34837
65902
6686
16330
3971
3743
19015
51385
38097
25377
9753
45542
86304
74991
15974
40780
82793
32882
69178
9915
29300
38599
75446
11693
9536
12026
34489
29495
36019
47344
53384
53768
59398
78079
34528
55997
68586
48661
10435
43868
59747
8855
97565
43944
30627
38392
72351
73749
6371
89790
83366
73228
49267
4342
36548
46931
54419
83100
78974
85187
10963
50807
18470
78492
56741
84339
60735
36930
88194
11886
90461
78325
34853
21699
37860
64290
13513
92968
16813
55528
43913
62477
91558
25671
30538
68307
77970
3421
5029
42892
92336
40797
55879
71058
6971
66093
90451
68853
14162
62321
45420
91386
16324
8072
82918
71003
97799
87378
86483
68543
4908
64444
14954
37149
76641
93755
97953
58408
27215
84125
93211
70350
87818
67913
96061
44293
35861
42756
67828
20391
74224
5722
10353
57350
36645
75316
17821
48846
53871
20205
68972
74366
34625
2907
85889
55003
68638
71197
90072
10826
83145
92665
58913
4030
93657
85446
4128
92048
98669
88239
28852
40265
63276
16595
86461
80223
88904
30270
94116
56773
52541
94123
2460
81975
10159
79923
2686
26483
67322
55438
90752
16383
28193
9858
28711
20514
85284
70403
25951
45070
1257
93462
52529
9002
65070
58271
89914
88199
26773
2165
76664
88079
56700
32771
6950
80531
60549
99674
45400
86298
24357
49908
97854
68924
91341
20383
80028
47640
98960
96661
51906
66856
96137
24533
94950
35654
80125
68272
55275
52936
61993
12509
57915
13704
7152
15839
85745
24265
82126
57025
33184
81629
72336
13504
36750
79622
42781
28872
57391
60317
79525
11220
17856
45960
90728
89494
16882
53804
78104
37574
61618
20194
83818
50851
61503
19073
71788
12347
4313
52389
37873
16015
83064
65925
93840
25480
47610
53853
79788
2927
10276
19195
97181
76097
31611
64553
76068
18329
63050
16888
24269
77758
65633
4143
47502
24686
75438
88743
85822
35203
97028
31137
89409
68462
72911
94952
40358
58710
36172
77308
81612
41435
87851
84335
17408
80109
37520
75597
61322
16442
4773
23583
44779
41617
54519
56649
87251
31095
36139
51026
54017
13403
82123
8025
28505
76401
64891
58450
8412
71130
53375
220
16066
85448
8658
99191
81747
23189
68130
88371
53126
55079
18282
70402
49797
54126
92088
70981
75755
70610
29949
88545
70885
80832
95578
31280
65852
55005
96301
31458
32604
54658
23076
80986
81618
24291
32141
14250
85800
8954
7700
64992
95886
37368
18945
50730
77378
34303
85275
41366
97536
83770
95625
47567
67000
38416
12957
71323
25823
30631
57395
53559
8327
35567
46775
79551
79602
40939
49301
25592
77017
63380
44841
3649
18192
2082
57814
76772
89793
3795
92489
89464
6729
64182
11491
37421
1641
31930
6293
65733
30373
205
22235
11919
29359
72998
84902
56895
40067
80252
4470
26048
30485
97079
27716
57619
20224
87413
62
33960
25695
48477
31462
80139
69442
92416
9442
85048
16249
9840
98856
42087
21911
26660
1048
5939
51849
8751
598
82432
6504
70565
36
29728
55716
37103
71124
20195
56122
19128
55180
10781
44851
97211
64786
67127
77172
4195
13033
99049
62857
2483
76099
28823
40368
93985
64582
11424
95469
87333
77431
72470
51391
23471
20712
49056
6939
87189
7164
29440
47020
70283
30329
86496
6898
4229
76876
35475
48818
42563
5746
1221
19764
52511
77180
599
52727
74723
23343
16146
18179
2962
4493
86449
77083
94115
41650
74017
30091
31086
34713
411
23101
43797
95513
36518
91801
77992
80063
69170
69590
17354
32012
62907
54673
69875
13685
9598
67411
76375
38977
97866
30270
17080
40184
23736
38743
69995
15658
6230
74694
9512
13335
64004
17470
49253
60364
3372
85925
86430
6018
94857
47308
34875
11022
27226
53934
73510
37253
77385
75916
42470
94968
40921
14398
84461
21344
14614
31066
65510
69905
95589
35277
27536
96988
10899
25793
24941
51017
16056
30994
52096
51216
79396
48635
74033
45575
5761
84745
74791
74760
98293
16934
46477
48818
63256
44029
29639
55367
3813
72088
38884
19097
20024
16730
88038
67477
84515
1593
15090
96838
89650
72038
22262
55903
61431
91000
84461
83554
67369
56524
97219
55650
30897
45343
20551
20179
24836
13196
74135
80587
8604
27368
75109
99467
41349
38837
38049
91424
58039
26104
37855
24677
39640
88733
50692
72860
66819
17252
29872
56369
57213
91501
78768
29137
38117
38567
89013
18353
12724
39965
50941
75108
30807
82078
6787
59590
3776
79844
63433
61394
94829
61470
78652
33291
65683
44806
41850
89587
89125
76904
8818
74889
89578
7147
9634
43138
62805
84656
39904
47709
4354
5302
72772
5913
96130
35937
13478
27249
55970
622
55194
94
24841
91277
72353
96641
48320
8694
11310
13359
35357
48006
92748
84619
2624
51586
50968
81016
75551
34172
73865
90268
84004
12221
929
5849
1762
59818
47418
22345
11639
65273
89677
78321
19352
80950
53721
63940
69515
70503
26205
94114
80442
91048
83477
276
70963
57604
25346
1817
94498
61606
49245
3560
60497
69109
11884
31933
5825
93999
74090
10396
50379
29149
72630
12591
44761
80696
70992
86831
21840
29160
30440
35286
150
35038
31798
10632
51334
86908
54400
35063
69711
50571
58452
46636
77643
87119
57865
91583
25039
17464
55461
36758
44218
3594
53924
4344
88733
16070
52759
14263
65745
87329
74854
4028
25219
83944
96112
6229
25996
72166
55466
1300
41014
47482
61581
48640
78843
9534
57413
72094
36717
53759
82903
7928
76479
59068
50130
40632
66947
54883
67981
27640
80019
48816
50622
27862
84995
92950
70536
58677
72340
18821
85786
90740
40942
95358
7487
20964
43304
75312
91741
32660
33254
42008
73827
97089
40532
95929
74285
88691
39698
67735
10314
84935
79706
87229
21666
15475
52654
96555
81585
92795
35841
56059
30200
55853
590
87366
62300
15528
40492
48341
19126
91806
70980
55864
16985
93038
9411
29319
93754
76428
68827
22698
12342
8875
88639
92343
44160
47402
49215
36908
45796
76551
22471
12896
29072
27268
30385
92249
98617
47017
69745
15711
13852
36626
18372
70190
74338
28133
13180
60241
98080
78742
26365
28966
24724
75518
5933
85592
66676
91337
62949
7072
46619
4134
39157
45307
71726
95045
87553
5536
66117
31696
22799
51625
44981
35947
74829
7918
95402
48445
50842
31045
44776
75173
54538
68716
78341
53038
3792
93804
28611
59314
45192
88562
37378
38193
59696
44062
70994
39002
74828
78892
6328
19544
3233
92714
3475
40953
21822
45214
99506
54142
96502
24673
60362
13402
41090
60137
25281
74384
29821
30458
49696
20766
3870
46053
93519
77815
62137
15695
27712
13532
72218
57283
19406
49115
27048
57916
83676
14420
32869
64323
90146
87501
12282
34232
88733
17987
65672
21717
32741
97779
26875
21764
11851
13367
22202
89611
73642
65752
21637
95392
89895
10344
57678
41128
44588
44182
58784
70579
57477
13179
91417
57596
23104
9611
70169
41048
63883
95859
10727
64832
19080
84858
30143
99625
80380
31689
77262
78518
91445
45029
94366
63943
71136
5758
31866
66291
49806
80505
81888
87165
80513
80440
59935
76163
63736
36191
53097
70115
96043
20111
40167
69766
43240
58552
71283
99019
64071
6196
46315
30150
66554
32184
81072
96995
84082
56209
63309
3201
83957
79936
6528
93747
61115
81334
6584
27483
26358
50694
41779
28931
90769
87179
93172
67725
67207
71841
27467
99630
62454
88653
10498
7868
93788
40936
52287
80833
23833
59422
17780
54696
24487
44995
55115
94376
52707
10258
89534
27491
96281
54509
7780
22872
75325
83465
14298
75595
52085
72167
86055
96439
32583
39611
77673
58767
88521
37476
65924
10275
16223
42125
80786
25233
50788
81945
60379
21815
69833
12939
71412
16256
85432
88549
22595
30184
52136
24247
20486
78344
48407
78009
46524
86874
95375
77705
16618
4397
55325
89130
35043
54109
64690
80328
44390
22446
59467
74432
55822
69288
64922
16294
31366
71864
89039
29421
82665
39374
36458
80136
74406
36124
18411
55991
86291
25915
60791
13733
93616
49137
43761
6412
36388
53049
27756
5174
93528
84948
74573
20288
24274
80701
49488
84832
33860
31012
76732
74089
28244
58555
57861
80495
13456
60210
85879
5460
12872
85508
3182
6055
97390
23890
96483
61002
19353
44437
33589
28621
46177
89985
87895
88650
17421
55439
9113
49453
91101
53045
80354
13159
57078
83887
58865
60083
74642
15990
29898
80526
12729
33012
38555
45793
266
56461
53719
54354
44003
68352
44472
28286
68567
87233
77625
1313
49496
85076
41119
23288
28104
77553
72880
38468
99227
9730
3716
41560
79330
1213
29404
94235
47131
97842
50
58136
59801
36453
61069
93812
6048
52056
35533
96564
28776
26488
78667
97104
31855
24559
74855
2056
70529
23910
84757
84203
77129
80006
32372
48431
8390
89372
42589
74911
38769
15365
77968
11240
63715
35601
23915
23003
21048
79182
74334
25094
16394
10119
773
59958
73519
95429
23778
11364
37057
71566
31628
24707
76169
75645
82675
8490
36541
73292
69597
16653
6777
41750
95457
90343
6532
69071
63680
11797
64125
81411
44355
41065
32776
17378
13933
6520
93782
99418
16382
52752
92406
27273
99226
22387
20898
96103
78968
25761
72920
16019
8849
46848
74645
88656
32961
83774
33922
67910
23579
14062
82734
3033
38806
21949
99117
56887
93580
69027
99657
92268
79189
2013
94089
56276
82826
64995
13389
65674
94738
86733
22957
58654
61040
90851
76295
85855
67613
40785
58020
68996
7353
34800
64591
60003
5723
84641
51265
51323
31036
1351
90013
87531
44025
75449
18631
88622
20685
34116
80551
44263
69287
89929
55561
12373
14855
78238
32241
59392
63923
57538
58024
29203
13200
62903
58936
73252
83767
12056
34103
2539
859
49
57703
29890
80878
9677
16230
74894
32381
44369
70705
32334
20929
40026
88191
46902
6962
44331
5904
25472
28070
38945
5526
73139
46423
80523
48853
5630
535
2118
34561
33812
4891
8573
82089
13828
2252
31467
71368
37933
32617
69498
37177
3855
42243
48823
4377
72449
36836
42432
2575
32237
71047
88510
36422
69156
14561
45174
41738
96112
74291
33676
70192
79643
41684
57952
14294
19770
11210
9658
95163
9649
98416
44144
4818
84099
89728
96588
97392
6885
66272
27676
95499
95837
24856
99436
28243
72562
94369
40675
53210
30656
45835
66078
17976
31883
49399
745
64297
93852
43891
16633
83594
47501
86090
48725
13955
97740
47348
54742
77126
51391
24439
39146
93142
860
28018
93719
47434
28491
88690
27397
63424
4207
82906
97564
2144
2914
29510
37329
535
78423
79679
6345
25784
42297
23894
38217
83050
31247
41360
7747
47047
23689
41531
12194
25881
81531
23673
16298
47245
30434
90573
20195
8191
22652
39315
2749
79940
41105
74991
2194
50929
96192
12014
30615
65869
20584
96882
38460
96038
9676
26690
57096
77627
41876
24398
49595
34486
65672
43161
88271
61552
69133
6006
26216
82153
47918
58750
61461
8092
27928
26703
6104
19541
57846
24006
23293
22098
84687
59593
60199
54954
22669
80960
72977
78377
51601
68484
79290
36025
7028
13794
85525
70676
23899
93983
91174
75496
32363
58466
98257
60539
2741
11857
19242
86012
46723
74934
58400
24956
63487
59245
24698
34742
70431
54252
22265
471
36090
82549
48451
10270
92278
62312
51553
89349
79910
50454
80160
4384
33379
74874
22625
47431
38048
30580
41246
90211
99288
64902
20556
87620
86063
2590
55503
77218
13868
86180
64643
47780
68675
91739
55925
22981
81344
51080
85781
38615
88359
7344
91712
42019
96620
83827
20166
334
89974
87294
85865
37309
16840
99557
6686
32073
14262
12736
41558
88832
73110
56486
63583
46328
46145
58862
20051
41654
35782
45165
77490
19152
5819
36092
21021
23347
61049
74477
54589
76819
30152
78257
48327
97706
56757
17466
76651
19686
77483
18251
67628
26878
36786
18795
50687
68433
71118
46742
96297
71730
5412
65623
14240
29310
45505
88192
95223
77584
26244
65744
95101
27302
20873
53005
37738
31978
83536
42402
51035
67131
51104
60870
62175
67574
28830
34870
52937
75824
15704
53669
9333
29208
47978
46725
7900
76991
80494
36779
40309
935
94439
32441
73056
71192
29066
7549
91169
19479
65452
44498
71607
15580
55586
91485
3563
84042
49466
90403
74179
84341
34313
99479
258
4581
43284
37971
65164
41930
84519
41759
78698
39578
78417
66399
25158
83951
16511
61018
91482
21901
16946
97535
97372
49454
66798
47274
75395
87986
93800
63899
42056
17697
22329
44777
72077
29848
14705
38685
77927
59614
4055
76650
52976
61764
23570
43619
69085
82715
45473
93718
58362
69679
22135
48491
13278
73194
74242
29100
63063
38068
88583
64030
72801
65665
19049
17257
59588
94317
81374
72732
64264
44433
14138
54795
8319
14346
48857
90699
48287
91333
36273
77266
13763
54670
89548
44327
66055
36480
95159
46104
20807
90585
45242
79758
8943
51269
39140
81475
21851
30510
82985
6959
8842
47986
56227
15874
21076
82588
18242
39421
73331
84620
45152
16240
63133
98029
85782
14414
53482
78181
11876
10129
42671
61984
1815
87047
7788
28083
16398
22424
1894
4428
57663
85
17881
42114
26988
37439
7315
59272
68555
21970
99584
44336
68236
37421
71781
11826
90510
87307
41899
88718
97402
21245
58933
71554
15674
13580
80137
26405
11046
58684
32812
95965
11544
78746
81930
50385
99931
76747
4097
56311
89901
15033
46950
60619
72752
44309
62136
46843
75247
17413
77806
59881
88186
24541
96650
23174
2106
99879
40270
10315
8398
35167
60823
66834
52355
30932
61002
41918
15357
91510
89799
81077
41913
69329
42575
30976
51512
20475
57044
44723
49467
24107
13895
74841
40176
72426
44119
64699
14276
29491
10705
28281
61059
21815
17923
260
93605
56535
69771
58106
62704
92152
6105
30999
42239
35467
28769
38007
99179
23837
49944
75684
29296
45849
94006
40181
27467
51344
3620
97201
71170
42095
6920
36055
21992
88354
70731
4324
58880
56130
36078
61159
41141
46395
4920
36522
66780
77659
92316
45472
87033
25415
21145
6657
54173
54203
81623
38985
65517
80497
51911
93505
29795
84584
30490
74731
94941
8792
68869
93311
9914
88905
60764
30575
60790
10953
51494
33943
89672
87996
14047
32208
16440
98063
20433
11945
20112
75317
38487
74333
87040
54847
90858
46190
78416
58354
25725
6558
63244
60111
9257
15069
29597
80297
28863
9936
69594
73172
5126
57819
75422
32786
84015
92930
58735
23214
52490
32818
76129
73002
33410
92025
90856
10935
84465
64937
88081
85580
23337
98041
66827
22022
67606
64780
74404
20204
9739
55677
64072
33247
11286
91077
55588
65082
11845
37688
9541
94343
1104
46809
43050
13684
42768
44554
87856
26369
66124
3601
20673
51805
35786
68193
64692
55886
46497
17403
21608
86498
64991
51561
40854
4575
87591
54267
53357
6029
70179
13801
20361
14480
36861
63384
92964
39728
66183
11089
35348
64161
53294
9167
25070
33674
35433
29282
50870
11834
18273
98648
60732
48035
47908
10979
9651
47522
47648
34724
64261
66863
70703
46131
91008
85554
6222
4907
90
98203
97281
26805
93396
32751
53218
25305
68327
65709
40054
77132
73919
38645
32601
9827
65736
30874
18250
71220
37555
71998
41745
3612
18838
9948
22610
81306
39974
69645
75912
9550
22437
60778
49118
39129
98377
35179
66289
62791
55448
55521
20604
1684
31346
91821
64894
67624
6375
90178
19072
79003
54074
24503
31037
30390
63644
96476
87643
43875
86367
25339
51853
9863
43784
32019
36876
66266
27699
40015
27483
42384
76043
7399
23974
46403
29184
91533
80457
70332
23378
34316
79349
38884
7104
54567
72338
8028
85309
16176
15149
96430
7180
64308
25038
6729
12310
86608
70079
70217
18136
21850
48030
95708
76953
65609
87591
95030
58497
39518
41709
37988
48699
25235
59606
78804
71615
2558
29916
67350
33625
93650
70600
22220
46409
23599
12665
54808
68846
14403
39333
19280
35826
53526
21366
29219
19461
56661
44069
88593
77369
7969
42403
82640
67471
49980
35970
21334
2294
89773
58232
10142
32969
59443
10964
92255
46061
9116
30928
28263
33926
93292
23681
31129
32003
34991
58002
29090
81475
84185
20710
83153
91869
43192
28081
93909
57883
57400
23802
41535
62499
34822
25031
34010
95558
2945
83053
37791
6004
38750
59643
17277
61188
95066
21495
19809
34975
69395
49375
10267
87458
22192
61167
96213
5964
84275
60397
11957
50178
13478
97427
61707
54141
6407
1760
3754
65334
30729
17688
39330
21224
8112
23856
46501
44275
30627
19263
21925
89884
9029
2700
85181
29086
73276
33107
76162
58288
27737
46171
2424
94858
51378
7085
50664
18768
9840
66182
14613
67771
67740
66888
409
46141
36915
25163
9821
86429
82699
32357
93864
54441
83003
99081
13537
32843
29753
88182
52009
15835
29469
51608
3910
41526
7094
64916
38221
73866
43819
20331
26079
20339
49303
74796
84954
60648
89106
87802
55097
99016
35366
16511
23179
1116
10576
13512
81026
17944
31532
66995
81062
55820
95674
78710
48339
90613
34891
33303
22050
2896
419
47138
97805
65723
11092
93156
40188
4949
15554
90391
25152
46703
92044
16011
28505
15655
92944
31430
39140
65359
30196
86024
36970
21141
68422
59204
99705
83146
33590
87531
76678
42969
81260
13329
96810
71570
39880
9962
42286
96023
41077
33690
49037
27927
74159
75728
97632
75904
2844
13584
82946
4932
39991
72493
6344
19512
36328
54035
74554
97348
38964
10102
86857
87411
98395
33455
75844
77404
28573
67410
31247
14470
74004
83877
65897
72187
57528
60813
60622
39558
87120
80117
49886
65596
58638
86250
48585
16052
92143
38476
160
68309
34349
35670
61936
86443
37977
88760
18743
92233
72596
91666
43392
24808
80877
82551
78592
24340
92227
46452
44961
57541
53669
37524
9316
35773
48630
86721
75198
33096
25794
5816
92935
57658
30443
56841
18823
38932
86718
14322
16950
47499
10530
67407
97267
73031
89177
58549
23228
33958
85979
24139
28049
91459
64181
85448
4732
16707
65696
21559
73090
23270
12853
39591
14760
72994
80789
65592
28133
6944
53635
33249
73191
48087
77995
63495
61658
58834
59421
38600
55328
21791
76465
23197
12500
60214
51919
60883
45634
48400
71227
82176
76322
19458
29059
8368
10528
73576
6094
77765
97484
75954
27331
47039
23296
10872
83451
52509
32447
64558
21796
42075
98286
67237
1374
61189
91554
77209
50049
44422
3088
6812
31019
15457
6941
20385
80379
99011
50304
54034
99841
3057
43000
68155
86845
2040
64674
67746
59724
60895
30669
96541
13729
95179
91138
98655
34528
64699
27634
37663
57278
96997
77538
36059
82691
17098
15921
85823
38111
29374
38717
93145
49986
25086
90796
93409
20322
37514
8630
31269
90726
33738
73483
23905
77945
1443
34463
71657
47004
87139
20844
66682
76172
81534
999
45817
71210
74165
93903
82843
66649
53801
35558
51444
1396
35976
81591
29162
56818
30229
57776
13562
44874
98892
81468
59297
96597
13069
10344
43286
36169
26151
31220
70329
54189
11584
2241
89714
22792
28231
39350
74582
94370
51614
94009
81741
56157
91855
2014
30347
55326
56603
91921
19194
51194
86570
2670
95739
49894
55831
48865
49440
94567
15826
38791
81046
80541
80145
81859
1893
19325
71565
92167
82570
80844
31793
79236
37455
19436
53030
19927
96982
43584
49626
76528
10316
69220
31508
96893
9106
28151
49749
87504
46593
55226
99928
71631
88496
27662
7543
84366
74205
38364
60984
14101
89203
46251
20800
68414
27984
30553
44805
48323
55106
87473
66378
40968
48256
78944
48839
22457
53798
60375
71459
96143
12874
7856
87726
44193
48177
80341
85835
58660
42278
88856
91265
19475
75812
93612
93248
32252
33492
73689
15784
72748
87458
39838
93351
13128
92922
93130
16202
85608
45078
82325
95
75108
1995
29954
89763
7265
17952
53791
6174
62866
29189
60416
41555
22318
43812
90147
87811
23997
4799
76789
99775
95747
70039
57054
17826
49330
44913
93679
14369
98559
3600
98739
88239
82323
86266
88537
65590
67660
16548
18270
14395
71358
255
37020
53930
38189
54326
63957
68475
42172
34124
42568
54419
17363
16784
17840
96136
9377
57211
43499
20026
18441
31873
50211
78191
75095
88313
99160
15670
90204
47150
96165
136
14810
83175
1627
65497
71363
29317
17736
74633
88448
30351
25756
49176
80015
13072
973
6529
61310
51892
99214
18540
26823
2516
96214
85100
79464
81166
31198
95800
28615
53343
64374
23571
42212
11745
21951
69172
85589
93688
60374
82677
24286
20893
65788
37973
51665
24927
90489
34192
47148
89696
69771
9615
14669
57906
96397
10718
51637
6966
78387
53615
30863
19668
93592
79832
65375
70427
66507
49659
14980
62227
93617
77545
88454
77444
22328
43045
77323
24396
13319
64957
76132
33226
23442
2598
24352
25372
73125
86886
83269
30882
28252
17095
59366
38022
35828
87908
28600
89026
88366
63026
25344
48917
31885
31015
62881
76037
33938
75778
38180
75110
27402
55957
25764
89613
25613
71703
29060
96817
38616
42002
94909
16871
13874
67288
80310
75545
17452
49039
7481
96129
70226
33324
71846
67407
35955
33342
26291
30389
79827
40939
15474
35624
15566
74143
23560
67914
36976
16419
72705
47084
6485
57740
57165
28002
59142
12366
83930
79106
91588
71142
74771
42087
17470
71481
29267
75923
27983
73126
55799
19229
31162
10888
8120
72072
69564
69655
11098
32029
9901
5039
49069
42008
51430
76156
17856
10047
53843
55395
61693
59703
52896
36516
23063
29572
86634
87819
98380
47710
54259
72011
48139
55597
92818
48733
12106
76194
37890
90579
35387
18237
28506
44791
91002
22124
94910
34168
59393
36757
50861
5368
60844
22892
8653
67903
44929
5953
71594
90024
38565
13596
22598
51770
95060
70133
53168
6783
861
64431
51570
7408
13432
89557
46015
23159
19242
66531
92622
87959
85599
87801
79378
11851
2745
18672
10098
53206
47155
98264
31184
65185
56669
94799
11796
89425
15390
5128
5230
89167
40114
25437
87310
27226
91354
13999
77688
52941
26721
16642
59037
24446
58790
17638
73601
26862
94197
90996
53633
40944
47384
78260
76488
94000
11865
72747
37480
65530
91185
36864
48412
95414
64818
17481
76228
94149
53804
92842
61213
32949
98943
88690
63212
93358
4872
41160
2093
66473
36582
76342
67523
91928
63281
33182
55413
50053
45577
10691
59748
64591
73121
69410
50609
5325
49095
39418
10754
70363
54656
96943
84851
12899
78563
77905
95093
70988
14298
64806
45145
52551
73234
98469
52194
7537
43444
23456
98547
92754
56135
62250
21378
60979
65716
9546
5297
57022
69490
30425
18143
33811
3552
7505
76746
96501
34558
88247
37589
86918
88157
62615
83821
26737
15240
53581
78437
65856
65981
13987
17006
16815
54755
56176
81828
59649
70371
66781
67101
51517
91615
10999
64048
53904
21210
9881
87482
13409
19843
9764
33637
11340
28095
70756
17293
72329
63887
63575
51941
29042
7400
90927
74898
31981
82009
41907
45223
32366
95571
23197
35374
45299
62354
18577
72680
19508
48208
8048
34489
21558
4452
53937
2216
689
33213
96876
90578
34529
28317
36659
40999
42168
98420
15562
64683
66029
13453
65313
92900
77212
14071
64067
73650
88078
61705
12584
62533
77702
9760
58664
43512
89486
11390
5940
3934
27746
20892
28902
35876
16590
57774
76274
4173
57168
78583
25768
59692
58405
38270
94781
75206
79761
9851
55694
5160
73042
52457
60894
89921
13107
77985
83619
1691
54211
63149
56605
71076
93164
19633
62625
92973
67278
38462
70199
46176
36788
51458
49939
54136
89352
46652
22841
304
91394
56650
31988
87167
25362
27233
51755
54534
2629
48993
65935
47349
41913
88113
86011
33910
43093
86021
43582
31976
17684
54516
17329
21784
85790
46627
51328
46411
57658
23040
85677
12565
40323
25896
90891
3573
36306
1326
71258
83533
10555
8216
89695
81496
94506
4939
6433
55906
61885
92814
61362
38574
65507
79547
68223
18090
11699
62873
27893
3283
16177
27917
7672
20354
90476
44523
28002
86110
29590
59964
69340
69480
70948
22220
36804
37164
8628
7782
21386
2957
59699
43333
20273
29731
12187
38147
33893
94525
43608
75554
31203
98138
5606
97378
31753
58495
92286
78120
23933
58446
65563
56792
51650
44099
84262
16770
18018
23794
13357
5009
34767
28094
215
25587
3141
51110
47900
3317
64294
6999
29165
13328
3955
27420
21872
6281
71445
44966
45163
87153
93295
9218
70029
76761
35449
69616
54387
87028
22528
8451
50885
41731
22711
76706
14135
48537
36665
70663
29911
98247
67132
585
85042
13665
49881
97618
46931
48732
60548
72523
90031
90903
40916
53229
41616
95976
43694
27115
23830
33494
98563
55878
45609
10660
83045
43966
98625
49708
65429
35371
5564
84822
89757
5421
367
31077
1387
2615
51336
70109
88263
90029
19564
2984
10640
81413
35259
86367
66157
96005
24359
78872
41675
69985
68198
47613
34259
49031
94774
45766
73144
89203
78882
6639
23777
21345
11605
32300
13626
70699
28239
33569
98182
65127
84206
335
44693
5430
26599
36378
90237
44838
60428
15277
7099
35218
98536
1208
56497
75910
19831
91099
73681
19340
1066
4293
66351
63263
53739
22945
4020
86514
6645
7169
88728
66717
37258
97802
82123
48286
95485
43892
36427
62189
70469
85231
936
32292
31803
52749
1576
80484
55205
3169
80662
89154
77533
71979
43562
55113
94003
43024
55964
97890
78548
81671
75921
14293
15321
11417
21387
79578
43639
59962
39440
28960
1975
65666
97401
5172
13984
96206
27703
22200
48943
5810
23495
2732
28586
16010
35962
89916
12704
18753
61491
28191
52068
4132
75473
65170
10922
99908
29077
58125
50884
51557
35858
156
69160
6537
24094
35597
79466
33532
92776
81446
82731
36949
58628
27780
61659
64170
40348
97648
97627
59887
71295
18457
13886
13543
1587
72604
25340
81855
57230
77822
4833
62390
27923
7021
21557
26122
45129
76585
22566
29534
50370
17576
44441
92476
67577
344
41532
8940
326
25952
90283
88654
42368
17427
28391
47773
83264
33313
84558
41451
38169
14864
87547
51354
46307
31784
77360
4457
82409
35746
65174
7010
31875
91645
94032
67124
82259
24619
31351
80051
24639
82901
90590
80510
99965
67319
98937
2980
72290
58929
96196
21003
61772
51827
11817
61338
16858
95125
92972
8748
10881
55078
70144
42404
57266
96302
38485
6236
24383
8719
13842
75351
50982
23499
96469
27004
4482
80574
25230
49050
67245
64344
743
97717
85127
87906
35083
87730
71004
86769
56792
41306
86726
35572
88428
72562
13333
41996
39618
60407
90003
16629
57604
13653
92817
23669
20543
91876
91433
4684
33343
39413
4141
76427
33861
30163
31945
45879
78065
71236
36143
78915
44191
93277
17968
32761
90750
78761
55017
13063
86088
27673
60680
48081
61396
92612
11983
70139
51084
91435
29047
89279
90262
52736
5195
84485
47701
73579
61055
4370
12039
5249
14233
41056
15908
64356
7721
18662
59391
47033
73862
42780
92624
16880
77546
28625
73399
38532
40849
99471
94800
32539
9384
21579
96169
40219
88779
88997
41130
60315
67738
36832
19790
6369
48231
22322
18096
7137
93723
4740
46856
72960
98190
48736
46989
76049
42663
83197
63261
92071
41884
48852
21473
35742
25643
32232
94815
95905
47656
71965
44141
14182
3223
70052
81517
33771
75508
73952
66335
99817
65054
39545
437
26864
70159
415
41969
67284
23182
55939
93008
97683
92591
46492
13259
86074
58955
32765
5878
19913
76901
76859
93970
51500
98400
20054
14365
74964
12539
28640
41142
52388
2795
57255
48071
50413
13056
49857
66475
7685
65985
72909
27902
16078
62980
75746
64669
51041
42828
63646
16156
96951
23304
72534
66426
40536
22447
937
91640
17350
62121
86892
19118
55783
36797
52066
10052
656
24961
87108
30749
53103
72075
80375
69573
95129
71057
81556
65137
60123
92015
35516
43453
53052
59815
21068
22066
91210
22692
47498
11901
92045
64644
36303
309
95817
22499
58602
91150
55690
63396
92840
34636
19689
98060
66785
31218
46624
86945
82355
28814
98739
37514
75834
81030
45700
33188
45485
9384
41054
17186
20086
39190
82923
79154
32498
44738
91434
92298
30127
77911
12781
28344
3176
51963
52806
24071
17834
60154
13966
27459
7333
11631
99129
45798
25274
13819
26082
77181
41235
3551
41508
56080
71171
32188
43033
97560
38005
6421
35491
10215
18975
84616
63225
48066
28237
23926
27259
15271
7558
95672
61434
52772
71218
30429
75888
4084
40820
36676
80954
91526
79218
4269
18260
47334
34435
17849
40198
57304
39647
23914
3166
89717
5536
37422
98146
10938
34743
36122
90983
68817
9891
64219
30207
38198
54014
92605
44008
14842
73722
96074
5044
56040
3203
68262
76848
24947
6177
4945
54934
12975
97545
20603
74022
66213
32527
64024
85260
26087
63556
48951
333
68791
30249
78664
19447
73455
19599
88169
13617
28335
92786
57010
65904
93850
62587
25882
35674
88936
40135
62714
39258
96533
43053
66625
49973
21026
49697
18594
42212
51814
83214
944
75853
73865
8906
84606
68539
71725
12377
51750
14892
39361
42509
84183
61093
92212
83017
48509
46691
28377
25676
91410
47176
7243
7561
72421
21856
66795
52648
31071
41325
88923
26773
68308
84481
45774
46122
25498
40009
15731
84187
37606
18436
49842
53451
50494
53848
88981
3440
78161
45238
13076
40584
86262
58404
27510
13995
2156
12138
53409
32224
21651
39495
73305
39431
34596
43811
48635
29772
62590
51828
50119
31597
74742
33738
88484
63630
72206
43085
99103
63174
72781
40837
71084
46926
58606
53547
32525
73214
39512
55714
30556
51793
17955
81873
63776
84079
42904
52832
28197
79073
94618
37833
13199
54557
96378
53619
8078
88542
21084
62161
10371
32220
25702
76590
97988
77931
19221
16313
42135
97770
4310
66990
61307
77637
73506
96953
21749
2992
29258
42892
34780
76150
11942
84262
84576
29774
67357
6759
16129
98086
6695
1739
60147
64194
33608
49725
60820
28630
45321
99255
8630
93334
58226
54313
4654
68605
52302
94888
21871
11714
84980
65355
56199
4037
36193
28561
71724
38142
47446
29515
49372
38411
67407
4236
32656
17496
89779
79933
94422
54587
56999
98446
25254
46474
12364
32196
13827
66314
8315
8301
86704
12935
14838
51350
57327
33592
47010
87086
67793
22890
909
12175
60476
83182
94076
634
54089
85793
32649
39181
36755
34024
77214
95360
89527
18601
39499
65252
3391
65512
23188
6956
40717
62619
76130
4167
98697
11232
52168
13380
60132
46869
50953
98762
94622
51118
65666
76039
27362
7128
42912
33309
24273
38645
65919
85101
23993
890
42727
57853
94286
50536
37984
15426
69095
38008
30527
22490
40233
69554
63971
46305
19247
42450
73055
54420
94945
15042
31276
7188
6051
43150
29537
33163
11036
53933
88093
90366
77620
35126
38606
44906
93851
14400
90776
943
64089
98226
4793
36995
16175
39629
12871
11987
87742
95300
92903
89390
10347
42531
59321
39394
57223
71160
10695
57783
85420
93739
47327
45673
65160
17632
8674
73668
3187
69531
35840
78853
38490
93081
35725
98647
57860
99029
28580
67662
13687
66568
45483
85212
59295
77215
59890
43044
33190
54642
1959
72363
25186
59316
56740
66228
84633
71349
69097
32513
3123
31597
51401
32986
73015
56076
23377
52959
86716
35577
60724
90616
55918
78241
24449
27534
19830
56287
72650
48665
6411
67786
32098
86043
82637
82329
38231
31458
49744
68810
38020
23274
57567
2465
87312
44770
88814
24975
66232
88314
32854
5958
35484
80503
43729
99244
75533
30926
13480
22744
45380
23809
33924
91907
85808
50840
50746
37694
29648
41947
94507
28986
64813
19687
4795
51154
79061
80991
38754
60642
94514
17242
56073
12890
88089
45593
32747
87795
40678
75682
26430
56938
45931
89732
44092
20032
27422
43916
42338
92757
39596
77322
38503
6853
41257
31604
23600
32648
5888
19420
85460
4082
92154
68068
71507
73892
6182
56804
99554
45264
82099
32041
20954
82864
10729
20843
16028
12723
16743
51706
92149
82099
58676
16085
56662
28303
70949
50925
3779
4250
5354
2241
51917
18852
92620
37899
49410
9847
75407
45857
85157
47222
11608
1856
65480
8205
75255
38265
43947
17652
40590
97102
57043
993
41549
34902
98489
53276
81352
29241
73748
84033
63123
73651
9401
75985
12026
73147
96827
80796
49254
52424
27061
62684
61896
85692
94455
39366
42908
28295
10819
19830
97567
82278
85553
79739
54217
37542
84668
90503
88387
53114
82758
88051
14832
56636
76203
57222
97022
90547
98943
55038
6224
84982
61093
37407
13203
81124
89583
4787
83623
30289
39
88799
73984
3263
66883
43740
37661
89439
27786
46872
82499
11650
47740
79482
71932
94665
17864
30013
27784
11445
88880
17656
95926
46475
21551
26823
72763
32253
99861
99654
15449
15745
41712
15602
41350
35243
34363
67160
86770
56733
88584
38746
24580
86065
28112
91213
74021
44535
59660
14071
75693
1776
23578
99661
95507
21055
17876
19353
8049
67173
51909
77583
49965
77976
69320
84047
97957
24711
92523
49774
38079
41292
76701
36771
41950
35868
38806
35380
42568
87667
7954
61560
17282
97519
47428
15850
55600
99991
52773
88958
48044
39154
36518
22224
91983
7052
70597
46758
38679
52671
73167
47132
71055
25918
10238
60803
17431
44668
28618
3695
12559
44073
4907
54420
7172
29964
84749
95318
77223
65584
55882
28638
27946
22970
40412
15785
15765
40383
18511
50507
8060
81770
82522
88334
47053
90214
45965
31962
68037
18074
64674
15591
24649
40424
67619
81431
74797
2835
56693
70416
91654
30621
45575
2713
14191
35923
79069
30737
90683
4241
64271
78015
39010
98003
54803
41891
50652
59225
75910
34623
72542
53718
46510
62792
26373
59775
67570
59990
82118
48646
5721
32
11224
16009
40979
37109
68652
26844
4802
87739
6734
47629
46119
14430
63351
81351
52615
96398
94544
13829
69752
78383
12640
85893
52646
11289
56877
11769
70068
72314
47052
33879
20320
41398
85324
20362
72897
58532
17845
39396
42485
72392
25687
35809
72933
64798
60462
66202
25852
34264
85998
21673
92337
62674
12731
5209
8912
33224
58573
77714
76249
40222
74879
98974
68869
66624
26272
96315
91647
57343
3792
71060
34686
46673
19507
13134
20115
38026
83373
35125
28710
17736
62121
81041
23791
25562
67144
54507
21765
33615
81056
32097
45092
89506
57647
13221
77094
84218
8356
63808
2520
91679
91492
58471
53754
53958
19585
24644
28170
76796
1287
90968
50484
16108
55300
28535
47817
20185
67627
13894
61494
51431
61423
19711
25582
77828
30290
91643
68421
70289
17483
34691
54612
40489
79058
93265
44772
18601
96524
12008
79942
76204
57981
70130
73406
66603
34367
47537
97104
48381
45524
63279
98860
13503
69647
93115
21742
79157
21738
34091
19967
16873
24709
74439
60299
82207
59683
89218
69028
93794
41499
95948
12071
75904
85129
51250
88986
278
18129
34426
69407
56844
6719
58886
13474
42710
13736
31754
96750
14641
52587
9224
27894
95556
66626
99479
80397
23076
31309
89311
97823
50284
5391
61763
67314
76172
11469
48561
8232
74899
29420
76946
74708
10469
36992
22593
30507
86080
2128
14053
88035
52385
4011
94883
35452
30216
88206
50620
8106
17601
57393
48663
72565
15144
1580
72217
5093
78494
26245
92994
6583
55721
20082
37
94576
43757
15542
70701
10912
45344
96524
90357
31848
36346
24481
4499
47334
44232
95929
47204
77512
58974
90912
5275
64518
88236
53502
37912
58544
71245
23271
32205
7799
1428
35115
73512
40624
75519
81156
77001
94663
57324
99741
93627
56707
76742
59088
56135
94240
56791
53999
34321
11000
2889
63100
26399
3494
98097
561
66763
21885
38644
26982
82754
66913
68720
92556
92591
63731
61237
78168
16204
18631
3231
4322
45709
39125
18854
90135
13780
60081
33558
42478
84167
89613
18391
70447
8761
16505
66028
74833
16407
30514
24199
32121
98753
21903
78288
79234
69040
14578
65145
73419
34830
83743
96487
664
48310
81862
21576
72736
36033
22528
27835
74407
96315
29516
69932
51066
61155
48714
57411
58234
32538
120
63442
87867
83026
6998
58116
62090
1320
9732
24352
86741
63061
17865
78620
17559
20972
46992
8529
24404
32700
47178
94983
81869
89012
70441
49339
54206
44828
54035
37719
93822
10268
5850
14244
77989
33615
33831
26422
51154
37590
79102
18995
28130
70061
53165
92058
64849
25477
79381
65084
13377
30404
59140
71156
93665
99826
24867
52576
55374
34542
61455
38110
46116
60140
65092
90395
32419
58658
20779
4061
91526
13337
85345
2247
91633
82340
86679
99527
6373
62805
20696
82314
34007
46939
60401
44003
15902
53869
6501
95551
4050
6514
96316
59783
40505
70454
87544
5165
10829
70379
61278
3880
45842
39615
68131
18032
8602
28525
80329
60110
60763
83502
63675
97605
24514
44950
93754
93590
35220
10883
84725
59407
73461
40938
83645
36255
4924
44325
93432
80723
36306
70734
64906
28031
18392
11224
48821
50090
69536
45533
51772
65171
2811
48674
73337
47905
46356
35452
73958
10292
66166
67446
96515
44418
64283
18723
38418
95861
57909
91678
98240
90321
64291
95897
85416
79086
92042
73825
26979
7250
35693
13110
79411
37062
35081
17496
8814
21355
21477
6372
90686
35460
18049
49142
31970
82922
64006
55655
32823
22201
34459
42252
55280
32210
20222
59190
23113
69143
38332
74440
34158
24494
18901
51523
18599
84721
10374
35238
61224
5130
16078
17631
70064
84650
82456
84836
86207
65677
66931
89670
72789
46833
76326
70343
34366
28116
89110
3481
31196
97899
46025
68761
85103
69735
79881
60875
37156
85422
24621
86325
44443
45159
53477
13878
1386
35978
87738
80619
81888
88581
