33372
83492
3649
64788
91135
89472
58445
13409
69524
37264
10961
59017
76768
25824
57325
27769
19537
44534
89211
34951
77494
66697
27355
78714
8875
19293
89618
5065
60467
20920
44838
75805
9209
81783
18322
1077
33785
5529
70649
79566
27268
72403
573
39857
48459
74714
96656
18892
26807
19010
94078
96585
74130
47964
77749
64350
82631
68779
67125
39560
24880
69150
55409
9622
21094
86609
4865
23294
33617
26607
36070
87853
66519
15900
21473
41763
60351
44625
11249
45501
55937
22925
30488
85909
24570
17117
65401
91920
33052
24384
82482
61789
13823
19913
47477
58234
25639
24888
26708
25877
22656
25334
80994
11518
50164
43746
62875
84866
43140
12649
25706
7129
67643
53739
44141
30168
74648
78650
42572
80953
9139
6500
95785
92166
52248
35217
57369
92293
62086
80737
25160
81560
37373
31334
159
74240
13390
50304
31438
25263
55993
69667
441
87515
38354
43679
1471
22421
1050
12925
39735
49909
46941
26492
67574
95603
79816
64270
65629
58152
82682
5098
36189
46186
26286
55584
74013
73556
75027
96325
15374
35005
81912
27940
87908
25791
72257
82388
4426
97760
6067
89891
97264
23518
36644
61676
50800
18822
96582
77707
5134
96291
97668
43559
80248
42056
5168
48907
85005
64183
8875
27489
69858
36760
45359
5562
16048
53160
97718
65385
26308
29021
61987
11615
50212
92376
81606
11912
10420
87516
27450
61566
31491
15737
23988
44028
21150
15918
3806
94829
81603
56482
76019
62939
23685
15459
91742
58753
94892
97410
27822
87303
30870
5016
42298
70
10413
68395
24599
70541
28765
13260
4092
65635
9052
75598
60317
30071
50865
80006
10395
87447
26297
36904
93259
42135
7214
13020
73548
87886
73688
34713
10820
56610
96214
3713
59259
89394
42088
18234
99920
50570
96875
59702
20968
16156
83214
15591
946
51743
72608
12811
79655
11218
51978
90994
67436
95449
79138
18619
29016
17798
23909
99367
66742
93945
65491
22804
58766
69318
80052
21271
47902
8532
44188
66865
5572
70643
27830
3679
43099
69925
41351
57320
31682
64419
56982
54692
2555
64332
96302
35084
5821
34527
55752
9045
98636
43612
93344
87065
5472
89244
53406
17652
19949
51301
85214
8033
88417
92094
81394
82891
93324
98642
82025
49157
63964
86728
38604
48070
63338
58534
73838
32560
62658
1662
47478
19815
90075
94581
95047
40939
59419
47766
4968
27979
40196
3399
24363
21907
84667
48872
12769
97593
43870
63073
60547
51583
67666
92056
25689
45265
87251
9000
61562
89939
38183
25653
1062
41942
60566
16804
28709
85971
89555
23691
34529
33416
96025
68889
12931
8946
7888
70581
14910
8092
29368
78420
68904
38301
68023
98018
81864
67126
64237
16870
30093
16493
19193
45784
61966
89850
34784
12355
91914
42302
62828
73314
55305
96169
39394
60104
92696
2309
71823
65574
35101
83524
62856
1831
8962
94537
87426
51444
52256
21777
36491
29984
29788
82929
57785
70789
49953
3810
43053
25095
71426
24424
53849
36021
71404
78373
74627
5647
71170
15337
79407
67677
19892
57429
58902
29765
87879
75907
41472
48200
90332
66220
19360
87615
88790
89105
67288
35494
49469
20242
37579
26423
34774
64082
11271
20700
52472
93686
78978
75002
42087
76975
18086
87371
93862
36401
5110
761
71942
46818
84449
19149
63926
26077
46469
67222
50651
22004
9169
91563
42017
44486
33087
97941
50230
75287
61343
33674
77552
41085
98352
32173
51615
56420
82790
80685
56645
63952
38538
59151
82903
46682
47137
62173
94568
20034
44221
68757
43554
74851
36041
20054
36627
18559
67443
37603
33926
36750
80390
89964
46258
44000
66184
16443
42067
17123
18403
12670
44856
54200
68436
58658
50352
89040
72421
60387
63826
29063
69275
3328
50732
47709
97389
59505
52096
91673
6757
69781
61866
38615
12055
4411
54279
80477
80730
49320
43043
79089
90935
98516
49379
3727
38163
47287
52602
20998
34856
50770
80947
94613
42585
85356
82644
23531
29554
64787
89667
11358
46614
72053
51048
38557
11742
21792
15689
47054
79393
71198
34803
60331
14070
55398
83160
74210
49664
74324
15086
96218
26327
7029
25251
73844
20542
28453
23697
64091
62090
26675
62814
98087
55949
71011
58038
80195
60690
87475
42864
75304
48099
49982
91464
82176
2966
29328
46089
97044
70204
38962
182
86954
35005
7251
54338
27781
88888
43154
16342
99839
71073
43147
4556
21467
64868
33314
73015
77005
33337
25343
51531
97370
18414
41419
57026
10729
13869
40806
77004
90543
2706
8799
7048
45353
2686
8815
26925
67912
2322
955
20546
79827
78321
6084
8103
58095
9582
57683
25785
90690
41359
13629
22100
64334
64540
31494
35892
6231
93209
27777
28650
96180
43206
32724
9246
86275
38759
4780
95882
65029
28932
7397
71421
79554
50330
58322
32341
21309
33377
89779
71193
57836
28994
26647
1412
25455
9862
73018
54789
12535
17116
42002
58428
71345
39565
18705
91958
18725
50584
14539
23272
27049
24510
10901
23594
54787
9471
1052
81721
12307
8268
26393
15714
37259
70095
21065
61845
99853
44830
40421
39700
49232
54257
27670
90663
6671
76084
61804
52863
44509
85480
58264
90997
39475
41072
5368
84871
13174
22319
92448
96660
4618
56471
24110
84801
11572
36988
49058
48374
37204
74165
56349
4074
19064
7346
31964
16404
66476
85497
83818
28261
31631
36839
57527
72816
13175
87821
31142
82854
20202
12055
30959
38143
83529
87227
40318
65633
42606
32902
42261
61427
45261
58117
4821
64441
8537
88754
9713
40267
9064
49183
32081
34360
87203
83614
84831
77137
38826
78122
22149
96698
56939
80548
3658
77155
94104
57908
64138
21709
38408
45783
80656
28024
97199
52119
12409
34277
11950
14160
99492
68724
66495
83820
49876
70884
34542
20810
11193
59533
77305
94986
77298
18906
83372
35828
1565
37400
95010
86333
28159
22358
43988
40188
96591
28414
71139
68343
64701
20164
46790
91678
29398
4277
3579
92056
77748
59224
44160
49449
94525
62007
25057
15553
50467
88936
1133
77768
90715
54379
47446
29279
12271
3577
22419
60856
99704
81344
15832
90854
43322
90981
91432
94338
94564
46625
55913
4100
30381
27934
36924
14768
85800
89116
5237
67443
59766
65863
81536
59093
33577
61959
84098
18023
46965
15265
1085
32135
88117
29754
31893
22222
56400
15915
48557
6504
80316
22641
7044
48300
54171
30927
85914
22532
29209
50429
77179
