3463
54878
99854
96814
73159
36297
68972
55956
60268
40164
30165
40163
79798
78503
9997
25355
31888
73869
34684
44199
47820
9475
70208
36536
94181
79020
34877
24126
95439
81760
46525
89516
44130
59652
64196
58852
23512
27237
57942
45417
28280
45639
52532
53407
37449
20963
38327
33143
99340
5433
6919
39796
95710
3249
57544
21039
80276
19460
38328
66011
87373
31916
58194
81359
35267
62818
26288
19025
47305
91780
23270
62230
66146
41887
46878
76001
42479
54236
97483
44304
8901
49749
99985
87750
90831
85916
942
33790
4217
2359
44202
5040
10113
44776
42756
56493
78123
79063
9580
58172
49530
46638
92563
52993
34676
49386
64577
46163
25081
45509
96128
96310
7179
5360
7267
69562
92987
37561
95762
77481
54938
35406
99596
1165
85387
14708
32917
46112
14980
52846
45488
7830
34639
36366
33485
6530
82067
79342
39681
58315
87423
5471
63068
32647
56531
89047
81059
72791
2176
89571
91752
11729
65765
72530
16286
52129
59255
37014
58719
14640
42174
65233
2174
70387
94768
53487
39198
7727
69622
60426
18810
55191
14248
3768
98916
29679
95863
10046
44036
68497
55580
24537
66847
54158
29965
81852
6451
42890
70014
48447
56930
92832
282
92646
91296
48407
70706
43604
18860
42212
21820
73431
8023
45771
63467
25649
10740
65531
36457
81978
31682
45229
53153
61653
76291
91620
25615
4675
28245
51451
7879
43179
36629
31207
42596
86286
62808
90010
67936
59130
51075
78875
53289
71224
32044
85471
51364
95181
19995
6951
88679
96752
87383
81714
31281
29422
85438
32073
48572
70036
37408
59735
98133
68621
2171
19440
91555
81191
8945
44774
73893
9098
61087
84859
52358
57445
6220
33964
41285
38911
18819
48646
52995
40927
24173
1600
80876
33032
68253
47254
34783
51921
15406
15993
21272
5892
55714
46957
97898
6533
67784
95161
4332
98583
73717
55066
27625
66825
50250
88897
72914
96658
8477
56906
12180
32734
44139
80622
86534
69194
64549
75814
83571
83453
29806
71487
41287
87964
56727
47034
91325
17416
14782
88659
86746
62253
27143
23394
30384
85722
89426
95941
73673
94048
82323
18514
54518
82719
23165
52021
56236
90437
91698
79634
30939
78128
9205
40250
48699
33712
77400
46702
48634
66077
94526
68480
57298
73388
73533
53219
5580
17740
78476
47262
67481
73066
34810
18410
62233
14402
42707
89929
15438
34409
68051
64574
19887
28419
49758
69402
91252
11001
48719
64565
13538
18795
18158
31003
19031
88758
40560
3432
35750
5576
42041
20099
34155
85037
74328
6445
55352
42796
58998
3925
52155
8245
79503
44798
43708
17709
22988
76142
12556
15384
31372
12373
69257
83714
58410
40198
24735
64903
20400
64486
66387
83693
1560
95138
3530
38746
55550
40840
59806
68074
23967
99695
7956
60678
82848
66071
78990
45817
2852
48565
97034
67645
43312
2709
44754
55019
61315
64309
73503
93391
87281
48328
30084
63355
36973
95212
61956
65657
36330
44122
70238
49080
44080
20921
67082
28026
68997
35869
51519
35562
46400
697
34411
43230
84713
48596
66312
18132
3319
16737
37489
13039
3705
63411
23579
89878
54804
15322
3966
41320
93604
7266
76274
29281
65813
5330
55638
83015
34946
34694
48844
47104
45460
47335
16273
58353
17507
28813
22176
93346
21535
92672
6791
68160
76393
67305
57779
33691
11823
43168
98334
38454
24189
55956
23822
11123
9042
24439
91303
22473
14026
75039
80990
71718
90140
29628
73082
67589
99183
93723
64104
5165
86963
51864
45263
9639
52524
18471
57301
37968
74473
63837
81113
61659
60787
44506
47228
52396
62894
7739
28093
68674
43081
34301
38112
90826
87593
86150
56283
16147
87966
45391
84791
21824
60790
25814
53771
6322
15096
98674
56923
21641
50060
29
95456
9417
43743
49582
60679
70276
98659
86280
23143
95150
69023
30015
48761
57160
54751
94619
59396
64354
47930
70067
68388
75534
25661
58912
98088
26434
74534
23283
63217
25259
67604
78298
99126
21711
76248
91642
97036
34752
28376
74009
85558
78864
46033
87842
5097
33844
54151
40262
42287
29495
61285
36410
53803
18174
14930
43262
61303
53822
95367
3044
31873
91163
42902
80651
36956
80663
39636
58490
35517
92538
40095
55262
57818
54606
1527
20808
68854
7598
91471
4494
31136
65665
70887
46323
36497
15880
54760
20046
72512
81324
15555
25903
22517
80065
88540
61374
94343
53401
61360
39034
60939
42103
82766
28561
92756
56713
24020
95417
40987
20814
59301
52178
98000
70500
36537
29701
66323
74320
1280
28877
60172
23909
73646
20651
76261
77137
40935
13995
27308
55143
3614
97500
70808
71695
32354
292
85249
91078
75230
31245
58193
1629
58337
52420
12940
43651
34446
44207
98851
11133
70300
8186
9279
82255
60858
89024
9822
93205
17179
95027
41266
61802
51126
29856
29264
28206
76504
40377
66773
78359
53481
79603
79149
26570
97058
81767
61082
47309
5817
55859
85435
30515
69279
79052
19973
12974
20356
10772
90274
18665
70205
68888
26763
48582
56464
68640
47077
30572
48424
96733
92500
31206
73488
80315
45406
10778
58721
78710
96793
41422
56751
65710
98150
75861
46640
13964
64225
41376
29368
43275
2257
71563
85729
86519
227
87904
1053
15187
21140
81850
47967
64020
65830
54039
78219
87110
16715
63936
67459
51236
77302
75385
88340
42532
3716
46366
69159
22168
98385
16099
18120
81869
46593
16975
17357
97401
57968
57418
19634
22714
17437
50091
990
66093
17743
12654
99397
10258
44604
95792
9601
44952
91680
8605
54881
90520
69751
59675
48003
39504
2216
71456
90866
67581
68090
15124
1427
95733
32667
82441
81404
4842
71766
22599
12483
66411
20925
36112
22220
63056
24979
73952
16973
23541
96905
45754
8600
2855
85047
51071
48692
58511
44098
36664
87864
94794
99661
38628
2519
28565
87065
49850
9071
20455
56931
66000
19921
56039
77659
94571
20710
99072
245
87815
78233
36987
99323
74002
29957
84701
27701
90770
14601
33431
57643
91753
18395
56639
85134
77646
61873
36130
50619
68187
12269
72961
16879
50541
1869
24594
70806
63727
63563
34145
1257
69275
11806
95990
51595
34868
52506
71361
60946
34306
21092
25703
81305
32270
68799
8966
88988
76732
61137
43401
15919
50213
30268
63333
21920
6278
46979
33544
91177
3860
96137
58885
51726
52780
4729
54894
65500
86479
54586
22968
54
55004
29613
92636
3870
62054
63506
54122
2431
98032
41485
15974
98313
49562
23876
41489
61325
98963
45708
42889
65519
26971
53583
70635
58169
93284
77992
3382
63009
18569
4171
27259
6400
28957
40779
97088
76584
61912
56282
60263
66016
31465
78470
9429
6857
63707
41643
85587
22873
16591
32887
24309
53990
30284
36162
39521
24308
61815
26763
61185
99013
6479
98397
46308
94600
97895
16386
75730
58443
71768
29902
59590
25230
44823
30408
99114
84838
46456
88172
39968
24010
38488
94853
89751
3513
78610
88099
48731
59810
11495
83764
5376
66074
55803
56270
66497
67544
84491
4701
25991
48092
37854
90060
77254
85892
14111
86279
24871
11696
6032
66569
21774
66865
83241
80820
15188
16681
37932
37687
52367
84619
36688
51398
13635
43685
85875
91291
15510
35141
31917
93712
53310
23455
60040
52497
61557
54401
24656
65772
53907
81124
79404
28659
92661
97090
13476
40113
87914
8045
7815
27743
67396
87139
1190
40945
47835
4387
87724
10569
91370
37729
19749
4328
58131
94194
5689
31092
2542
26352
79248
87854
9604
81342
34302
19911
89085
29377
68986
74998
7605
98592
64734
64856
50968
55849
67536
33297
93120
38731
63216
15924
77500
6380
84187
1944
78863
1279
75244
35628
34827
45143
64190
55286
10260
42243
16238
90828
64891
34578
96460
6440
14298
68350
70536
54481
34782
68784
96728
98086
42507
32873
34856
75319
66670
57477
91974
64054
16759
51969
89583
54901
42854
72801
1224
60226
50658
38945
95528
28175
55532
79903
40444
97510
9058
26063
42648
11493
75301
12174
54063
7354
13425
9764
93905
64831
27513
94610
95160
41327
61262
40679
36291
69704
47935
31550
20619
84269
58976
75620
59655
24026
48612
46584
61099
74850
89113
21229
43521
52782
90804
28029
37421
58208
27640
35522
82777
72152
24974
57846
33326
47902
53443
1988
33632
88498
96481
53260
64328
76003
81067
73500
64186
76722
35667
79626
51165
62607
20823
78045
2300
5953
15258
91569
47706
14048
6693
75084
34581
31893
70567
72488
59818
76445
29229
99702
31274
76949
9019
47673
86992
44060
36422
5708
35426
96348
45737
66393
41404
32016
16898
10685
93980
27096
72221
99214
18642
36208
58227
28288
55541
76613
63099
6496
53527
73529
88208
79982
31357
4153
91303
36798
11527
474
7096
98852
34783
81846
13515
71873
31415
2287
32928
28263
39881
14463
78759
41488
79478
17176
72070
58250
7955
87953
99083
89909
51647
88374
79891
80968
5536
88517
49919
29847
11494
1402
10178
82394
49543
5152
4929
59419
57980
48111
39781
16397
42813
7526
16491
14508
19089
79778
23523
39392
80770
29140
64173
7509
20620
57792
90
57725
764
10484
30800
30613
2564
93639
86102
24045
87127
72416
26193
79201
41785
58978
4944
61900
78486
78232
86203
37667
58873
35172
38335
60900
78562
68924
81493
62041
75114
76480
71289
20723
34405
32008
1117
32567
56764
20258
96073
18042
97169
74603
4556
17955
18991
58826
43850
27312
14236
30270
71474
85664
85597
7644
68128
72929
60429
59407
92319
78090
30142
81963
87674
6317
17800
14830
57891
58157
87931
21397
98607
87867
16365
15340
79780
8765
28248
20547
77644
15685
15126
43408
43138
34390
7474
61000
56583
91536
72115
84159
72057
94634
17492
68321
65462
54176
46394
76729
16118
11562
31140
39889
49737
91
29154
75716
43854
36279
59431
52206
92218
74875
14985
8599
21758
75958
18616
68974
78348
42148
86084
45101
27563
1446
42687
86799
90329
47078
94644
49099
16077
82226
98185
57627
46417
55563
55090
94543
16521
32909
66804
46527
54304
57331
98800
27654
88006
91564
65329
57684
96385
32522
92194
96023
51476
66845
83975
25969
30025
93543
70283
96701
64832
41610
79655
70410
49259
58595
45274
80379
83377
72250
58162
24611
34524
55015
89154
44418
74462
75360
36456
71865
45677
25927
12403
3311
97240
135
86401
79032
44017
95964
11298
91700
12272
58969
21222
68010
33031
84244
51
25349
22773
91834
55614
10091
52928
88505
76793
96923
97808
34315
59443
91417
12226
81676
89328
85758
28158
45307
5036
62772
5685
65279
92018
31601
20685
33496
90719
94924
8158
68203
98308
99589
19891
76621
37214
30564
53928
63113
43542
10290
87893
35895
93550
8253
69806
39273
63913
95985
54996
56859
73432
94675
86284
7368
43613
4179
46271
27611
83604
56302
16093
2312
24585
95977
16619
17521
89487
73147
33404
55316
59577
78728
60724
94285
1911
63831
16004
64153
50054
51650
4211
30533
9341
51355
82300
1321
98377
96925
63235
34691
75723
50771
23884
11919
8079
4164
30422
67869
71425
9243
74027
566
63284
12094
69917
58252
24271
47646
99704
97197
74962
46432
27480
11146
12521
49705
49326
80786
32316
19686
17943
29544
64324
43207
10132
6435
41176
26310
52420
87237
78655
72421
26777
33345
76845
60524
83715
92970
22120
63245
39395
16397
36624
83692
39388
48923
37734
45072
50599
54965
72665
52540
11575
21329
69878
48045
87537
80284
13872
62529
65947
73334
69513
69319
50881
53405
87950
93937
75008
51583
99610
71308
3678
91985
46694
15434
73649
6956
52646
23945
31466
54566
44475
47155
74531
43079
19784
91679
90685
63337
72434
8049
29971
77650
28250
76772
41852
26202
35511
71544
90402
75297
1300
58698
75232
731
32490
78673
14973
22771
19862
60187
58629
64559
98564
81170
21447
65753
9512
90105
81655
86943
92852
73199
32578
19173
83693
35147
67161
86319
25409
54968
5361
48870
22293
44139
45590
43985
8628
33430
89766
81199
65178
14925
52433
28144
97238
24410
18191
87915
65522
95143
69424
32546
43749
81449
48095
31707
69825
62473
41666
89878
86246
2795
887
35785
41721
82580
95001
53419
46157
80564
88596
62751
97645
95521
18416
50118
85345
13116
17442
98185
59964
51497
81185
51887
26825
58974
95632
28345
7862
21046
34211
38516
66136
58773
12124
11108
43044
67520
25855
70552
36848
17176
69843
32660
14478
88093
45956
63037
8789
70957
42544
27077
38749
3611
97213
32003
11157
41715
56016
81131
99445
86974
33793
47235
10776
66423
8801
54529
19656
44101
10144
97177
92137
41939
82675
22867
91018
48358
39460
57996
97767
38130
66165
97308
77928
94977
86168
10741
87112
24661
6725
83278
16389
71729
3617
50053
50640
42453
46791
55897
61844
73610
53372
18026
98600
99818
66585
67381
72475
83571
93129
70129
64725
68168
66172
10655
35659
50759
39219
57683
77020
8304
88806
32434
59849
20951
85629
86163
18143
40811
74937
84312
40250
22870
50621
93718
44201
25078
33868
95286
58182
10647
61278
92928
64285
129
16515
87492
13809
88410
843
79728
81720
10114
53373
56121
12654
57982
31965
75722
30256
63831
90693
78729
95204
82127
64564
38989
75315
47889
85175
77447
72827
7465
96533
38350
2232
33998
88430
40156
52377
42982
95352
21385
30400
44565
18276
77340
81466
31443
59698
57404
25588
92316
97046
51058
52591
84077
48686
85380
73060
20775
19834
36391
29442
56203
22685
23193
82326
89246
19139
41547
9111
92124
10449
8060
27392
28586
1803
36153
97757
57983
25857
8775
68588
70677
52027
70534
17919
67937
67932
67165
92693
41328
75741
72959
83212
41403
20123
61981
34217
44035
49
86240
63779
78590
88443
26212
27399
31941
24621
91660
93781
90310
43050
80269
96046
97366
71488
94055
38838
74195
56590
95845
51291
86076
41048
8979
10734
83424
76854
15145
80377
67396
38923
13188
88641
31833
81259
73614
62025
77002
34443
77594
26635
76174
9536
28297
96792
17115
13961
79533
81431
28176
22930
34351
61156
17322
33407
1157
91907
99714
94032
39217
33420
89134
20800
86758
87163
75487
73473
76336
21168
23564
1580
76366
22820
55673
60532
16469
29004
27187
98551
14562
52028
57476
64292
96447
48813
87448
43380
39618
65949
35959
5846
13222
76057
46432
21136
70104
82540
1748
61592
27328
5767
71486
50870
98078
76256
75320
52646
20660
31337
13641
1051
66189
16189
86643
91115
70787
87470
6869
81951
24729
58780
103
15770
14344
75753
2922
42794
32065
22365
94233
41129
14502
43096
34814
73725
96072
99212
84817
37784
68911
23434
67611
46809
50757
39429
81692
62301
95661
88963
84541
13210
52329
35819
9441
60090
55698
14817
9286
12030
79199
10591
12307
2067
57109
28026
46868
87380
16654
86853
26274
15637
52183
51037
79039
99092
6213
83120
8884
84699
60653
99598
23039
78530
51432
68966
38988
29397
72125
85750
21132
82593
20790
71363
89867
36757
8039
97870
71904
22467
10930
74864
63589
33750
20291
22357
40761
73539
28704
11158
73621
47611
68167
82452
15913
31364
2072
84000
76932
68729
9607
94889
15163
27159
38745
46870
68167
9634
67241
11770
56099
88805
19835
47996
44989
43417
76314
23622
62994
44828
96278
52217
44246
13899
79991
19823
98276
31846
92643
3453
73530
93165
80732
72595
11242
8079
45166
48908
91507
36579
81432
80248
66005
67550
82065
95692
68947
99670
87661
53399
46732
25823
37944
5538
49128
39403
37407
85652
24661
4874
78516
26806
66823
38291
48829
87778
94097
26890
35543
99782
1080
51682
4089
10588
37237
21081
70794
33754
26309
26984
54796
19112
61320
27721
34457
62198
19116
43128
61610
40616
39279
30050
77477
17254
62851
8135
23721
12421
12833
38046
39375
32976
24095
81200
87915
83750
79890
20697
90631
21377
23695
18644
7412
70064
23338
75780
11870
92079
38285
55370
18340
64499
75421
21260
71076
77747
35476
11280
82377
27702
47246
12600
578
90832
48164
33235
66208
82837
98181
97066
60158
22312
15369
42870
9822
14669
34259
48339
38009
57801
88308
33273
51216
89650
23631
68601
99017
27516
67313
95613
65577
68978
50287
49393
11030
96519
71666
55429
9730
20195
87314
4927
51685
35468
79202
22108
44602
47556
54343
82722
96565
80741
14469
69557
13782
50478
19027
4622
43942
70128
79427
70987
96587
64065
53050
74269
59888
14733
47217
4789
99240
93879
72544
70857
58030
86336
80794
82541
16575
75309
84783
37091
95568
73143
26492
55701
87353
17307
16110
18966
38382
30298
5783
43897
24340
19012
53609
25313
93665
83185
86104
18299
26312
45063
8093
98961
18152
13391
34381
52145
95743
98568
49345
10242
85643
4109
86178
19291
66343
49857
77363
38826
14150
49024
85165
77846
35978
66248
31966
57119
94561
18591
96042
95728
6362
10938
43340
32630
50833
30024
58188
75045
6837
42411
58164
37502
7174
55916
79731
33301
16675
5994
75717
11138
6662
66073
73059
73369
32162
10006
58608
48614
60406
13722
5630
11393
28265
69858
18695
80149
85075
17700
31308
13354
98703
96598
31625
25932
69823
89310
65377
67430
67284
11569
89210
83789
8129
85254
8441
78455
39298
51694
25043
75145
85806
99469
50023
48644
61679
43654
73761
32317
67316
56500
34448
25383
72244
24698
8929
59969
25889
6036
96126
95936
69849
5772
30437
48238
86996
55147
41293
85666
43481
48812
56904
77769
61519
16342
63441
30151
18092
22183
7757
7330
20809
31543
13667
38904
73630
46344
78715
93650
34082
66668
6714
22480
72975
92412
43599
44676
5479
89095
58486
87362
99534
11784
3172
24
39320
18
2070
58735
60958
50510
23452
95856
8229
50542
43843
18643
90694
38246
59869
40188
71615
42961
12521
19103
25719
77929
22468
80799
28794
63095
7583
72727
75283
73700
22428
54937
8671
29901
64613
74862
81079
5563
94426
29837
94359
53144
54624
60650
89696
98667
61974
22134
77148
44482
40708
29040
10913
63551
17323
3679
8069
42696
42325
7620
665
45348
73217
68388
41288
84284
49210
10849
97006
15035
84006
77747
95680
29553
20972
56600
63417
80967
13894
85973
65436
72433
12620
89013
95469
80241
7690
75292
83449
50100
5378
59935
39108
65645
76913
8696
15995
46935
95507
13025
64822
52558
3923
28677
62483
65886
93645
90539
5020
83333
45463
60442
96105
91900
84734
41359
8585
15428
12987
65639
21449
90927
42198
37739
58901
19405
60329
75314
54318
84925
51913
72258
14348
86855
13228
21305
7917
8886
37055
66200
48330
94055
16738
36260
13744
20693
35865
48559
23342
51108
48589
3808
86770
69082
98564
41424
55198
59967
74567
76134
25747
79362
73852
8937
81181
20056
65164
50179
70572
8936
79466
29196
80209
46676
36006
85881
44573
4850
64609
99331
90189
66019
9934
18321
54430
39179
87095
51980
8001
37908
83645
36623
62026
61595
66315
19120
95424
53911
5207
59799
10945
74904
47887
77054
5782
91189
10471
26584
88775
75645
82873
84711
40779
66006
24019
40214
64756
56705
3211
59207
21909
92242
41552
98890
96786
8245
59144
44439
99063
92093
24686
46090
11273
468
11026
80424
21338
86684
19199
97700
5444
58760
40515
9050
91691
49140
25610
23212
3043
22265
14017
92166
78089
16941
6998
38665
90810
49412
88404
18918
88418
30946
1828
14416
53958
31230
80890
99436
44533
42983
64824
20897
99609
7015
79393
5039
73601
48519
12711
92413
656
6310
53697
34442
24532
7351
84271
75177
33520
47021
16654
3067
83934
47464
45272
23852
83748
70049
67345
50045
97250
87971
92183
9024
63649
82015
85044
23279
43789
29840
34385
59841
26732
6675
64444
10315
67907
83053
95929
44824
47006
76955
19324
38337
61599
60147
66
84770
81806
23960
84099
15140
23704
87183
49076
14699
54174
83725
11034
91771
28268
68057
42318
98548
59032
80620
30381
61026
94191
41958
82905
68156
59513
68807
96609
16100
68378
13808
22894
9414
40901
1458
26989
28621
58879
11890
81464
34487
32360
88919
79182
84533
74372
35598
45596
78473
63202
98402
38820
32365
78511
66197
14125
3764
57136
46407
36168
60646
1809
84528
45487
82770
21102
10508
29401
4413
4321
35510
98303
78362
75432
25098
44622
24846
22586
44336
20862
2407
63753
31029
69074
61891
3799
74938
23976
46044
58943
58708
97928
43085
95646
3257
6970
47224
50690
86517
79446
9109
7726
21021
47022
93936
42848
46469
42849
26416
84266
56189
38659
5893
6539
46805
7336
66584
62448
68208
37200
52937
62117
97232
43940
72857
81541
94835
47286
97730
88454
84196
46648
9938
14405
38860
18088
53259
60774
95325
61717
69146
93782
87553
60218
20345
94222
29931
25280
22110
98916
22942
54223
21908
64419
89685
63035
87050
90747
91189
56870
22547
61494
13621
69350
71442
44277
90503
17822
25220
76469
96153
68337
61854
9030
29831
48582
90780
27294
71167
81113
18218
95953
30928
95357
18515
32158
29799
65584
70780
91838
13694
8976
63612
47998
70039
63806
79162
6320
50017
99267
75188
78134
11557
69622
9620
50944
78021
58366
32155
38739
64451
58343
79767
76558
54619
80438
23174
65781
9726
95167
68065
86603
57668
58924
76011
5669
67698
65557
74953
21205
99002
56922
57700
79121
50321
51256
10765
96399
45208
3936
14002
19773
81944
60515
41989
76390
72915
28792
46821
60020
51539
57514
89275
18386
6263
9388
40813
4815
16811
78339
93974
78671
82876
60042
34488
56345
47022
99695
30911
10705
36111
98633
11322
65651
75094
92364
68863
93004
15798
61016
70476
57491
77537
89538
7743
41093
76304
96772
32740
72239
28971
86940
52756
39471
19977
48861
4656
88573
87725
96121
31757
63188
14585
87458
410
27630
46899
72712
61671
82854
21072
12644
83565
40307
36668
64031
58621
16000
92702
97427
57580
52528
23892
45293
31507
68432
99681
21576
60471
76439
69837
63852
24447
94720
44554
6007
73568
69678
26435
99205
38958
27513
82840
43030
63937
83730
72653
70420
39137
89807
66792
95923
70662
44206
319
27164
85582
66570
93040
37960
15099
51911
5442
87718
63672
7485
95361
60225
77012
40404
89413
72288
15505
14561
97628
60680
56477
23453
56393
96257
29699
15530
8964
54094
94333
18732
45187
4928
12701
57805
80892
84317
34064
43716
80072
72103
94362
90505
69484
85316
56467
7346
53016
59759
61915
84728
11510
57434
92810
5112
77849
92583
92270
19226
12195
46792
76705
71460
19535
20417
16662
41030
86039
1039
89595
12958
39271
20771
48634
19445
44953
49617
35297
84419
27439
41454
45066
13921
6194
42753
67069
75235
34234
13850
76303
42401
60000
31060
9647
70637
28076
83670
58520
54077
26914
29202
75291
89235
42138
77295
69554
11894
90717
9151
86065
55587
28787
52738
94781
42268
44488
26099
70596
69531
60781
4174
48995
72695
51704
78492
71678
22318
40234
37940
99103
17341
75484
11052
27395
11483
79634
73253
74906
17613
9902
97089
9815
30335
67158
46580
63993
37620
25775
89515
11595
91507
43883
17571
27913
66369
37781
68199
75682
42802
76838
1515
28359
22287
27959
71859
67183
2145
60139
33482
45939
81654
12244
73945
11271
72712
99514
97032
78321
6743
99593
70348
81974
31713
19824
27511
28852
46587
3053
44250
95555
35459
69860
51585
22449
10289
37681
40641
23029
56436
76654
14786
32070
34631
82049
62643
82527
44674
49771
55953
98378
40813
18169
76235
93510
87186
88765
34687
74161
53982
32718
40546
87451
66674
31393
28413
14475
93914
17215
54689
18338
54537
92674
47587
43773
6416
90861
32107
86740
24372
59975
72762
12221
5512
3456
79176
63620
10470
61601
55724
50828
1277
65537
38075
60737
35329
27861
65005
73579
50271
14813
32396
84717
42973
20329
74306
53462
58797
405
78560
94260
51149
36450
72461
70149
8877
337
93991
79531
39243
10158
20948
72333
45433
4555
49220
8478
5223
33929
34432
53439
15202
65404
10369
69494
32302
31333
76499
7214
11694
92444
77190
23133
6745
60086
2274
82741
71840
33461
75730
11371
86510
19876
24981
43256
31417
63557
92140
7885
52425
32658
75493
28999
68311
5033
71183
64279
19223
31929
73208
53452
6395
78063
45879
31216
48214
54418
28004
40794
11656
52070
94245
23154
6075
18853
32034
97983
60774
43751
95885
25492
12066
12358
79118
38713
64836
14093
68431
36815
90627
95717
88407
77776
14275
14074
34715
44921
23028
19344
96800
23904
83343
93873
45718
27164
6049
41279
18984
19013
48909
58763
59860
7314
61434
9799
60457
55656
19771
93403
98270
81147
54705
1403
47218
61213
87388
74574
8476
15425
85368
30526
57138
29521
46231
69373
97919
33649
53755
15571
35260
92775
98449
50838
70695
54806
59462
86314
6711
67924
55431
76539
11223
53951
23002
18376
88923
53463
97540
36638
69117
85545
63119
30788
56439
27696
46708
1806
1334
96757
59515
6357
56505
47820
35856
86712
26683
18431
79865
71158
9639
73412
50216
36540
47923
10627
67132
9540
60400
65251
41466
45604
35623
5912
90744
89456
63578
20083
79919
90470
18658
68522
47989
50143
68669
94808
20881
92703
99792
46338
33856
52158
51837
33794
75029
40812
70896
13425
4736
3992
11002
46864
39077
93082
41287
48797
9816
36249
5571
67094
3308
7049
70400
29636
28900
39237
83702
33929
12596
63769
58859
56595
54420
23425
2390
21147
4930
77357
91447
10051
65351
61867
81229
91479
6762
23981
82687
20172
467
82990
12879
48364
96309
45086
87079
93522
94437
80539
6407
94851
22619
10345
47216
92211
15535
25029
612
46930
40293
58661
59117
53152
10345
98882
2629
1250
49813
6925
49813
51780
17639
7204
42931
80299
99331
33158
62171
31664
48237
25642
21684
22593
84398
3069
98904
81672
32336
77959
78132
27917
91619
97715
59415
79325
3715
72117
5362
98710
28978
59664
98645
10161
88867
31816
59472
89495
89779
35160
42524
82437
8114
82452
46672
46654
33522
79792
24537
38809
17679
75990
4985
85047
24501
52931
91800
75899
31631
22111
38307
30248
84980
40979
77882
21141
42586
89472
56045
58341
35092
73098
46766
29048
1865
69416
42359
29419
71974
68118
52908
86812
55086
47718
34442
68477
14180
47728
59836
95897
40989
98839
3564
76342
12430
30484
1805
73305
63038
35905
34337
2368
72762
12189
24854
97993
67245
81607
58065
93410
90183
53161
60842
50322
74082
674
31999
63657
85465
57399
77579
49079
30054
54403
49998
65290
47097
73556
92173
3060
9492
63682
74878
69625
52807
14766
77426
19031
87439
62535
93715
89933
94443
52419
76943
72261
79631
65884
4021
33306
95287
35225
13718
88393
47347
40184
51196
10099
11536
5863
3541
53102
16244
91654
32181
2557
91218
60391
25462
32492
16324
69756
68191
7476
82649
37839
28749
76087
19862
24120
46432
88730
34260
18211
1954
6909
86757
1446
57490
32170
55923
35005
27341
72100
27532
51288
16858
82759
40241
99676
31592
83085
40057
4448
29895
61865
79190
96845
91878
35907
41815
67713
22765
90676
28331
23995
22864
95222
94621
33577
56232
80819
76942
37081
48291
19556
51092
13981
54663
46702
99227
54733
6532
20285
32877
40294
98886
34338
17772
72999
10823
65025
76712
23699
72338
82303
1133
11104
39471
25150
71560
22039
77215
44783
32470
13636
71250
69407
23834
45744
22412
95770
67551
64453
29590
87001
92939
65038
22804
71734
46955
26020
17941
16165
79485
90775
89965
78899
83689
45426
99327
99275
23897
30581
5312
65192
2385
40619
74206
22844
94146
94813
26588
87706
79091
26353
97768
81154
3622
91663
42297
14227
55245
80851
84820
70495
78791
84668
78458
1722
34270
75056
31721
39797
47236
88018
10357
79695
98033
39724
92311
61073
30127
77316
81975
6593
13741
27506
7750
68578
41847
33078
75305
32188
47037
14377
85391
65135
34085
35215
96815
99589
72083
91954
60988
78165
2926
32812
33872
25203
66084
64656
70313
22095
90185
91781
11728
6277
41513
60826
73989
78350
48182
8475
77378
56967
247
73844
80547
37825
38963
57038
12415
71741
32961
7412
66957
25343
50444
84448
17032
23174
5757
28392
14447
52053
98225
18675
43498
57588
97116
59379
1907
69705
38579
12167
62838
78270
38385
49362
61954
33041
63190
13197
48536
21132
40744
9766
14904
109
83970
70678
27123
6629
60763
97377
50877
82158
20094
60105
76468
6158
45013
846
53986
60877
15063
26833
34245
11050
60862
86641
98955
4158
52472
20207
18821
60567
14197
90205
50646
88335
20601
49634
40896
45190
53310
79594
72846
2429
5949
67019
10269
90628
42411
80165
60585
26793
61634
45706
84420
26163
78730
64609
6583
57661
15298
46896
19133
24312
19322
15564
65781
32443
44947
63944
90736
87004
45228
45487
91349
69234
80160
50790
93623
23922
15642
77287
54417
74848
81667
16738
41636
13911
93605
81605
90365
16258
32214
74232
24826
77589
40180
96625
89716
14567
97807
24210
43464
79828
20807
15742
38036
1221
78850
7321
96902
48129
61999
62808
99410
41805
60143
65834
4384
20990
56361
7081
94657
31290
11715
36660
11387
40376
21726
5539
46536
96806
46589
94719
55363
49541
10049
66745
82864
16457
83569
80264
17056
12180
45899
50755
77114
65265
10486
87922
39565
35505
81412
67965
45583
22394
94125
67424
17454
69895
81598
41351
28168
26832
31132
83994
46746
74899
1340
69114
4234
41337
49534
68558
58674
52020
51218
53174
32672
17338
66813
58847
21324
57452
80560
91304
42207
97341
29236
16925
46142
78190
18436
50561
24179
8182
95824
71350
92586
597
39293
95939
17320
34006
79310
63863
48442
43481
83630
44882
21931
81822
66060
51691
7185
10694
16251
52452
19874
5745
86528
82611
56319
21048
4511
93336
70408
74028
42661
69965
44808
87367
10999
74697
28665
95729
30843
43477
75141
44586
6190
69604
75624
95036
720
40772
99125
45713
34177
48397
50072
1824
23043
19421
93056
32732
11667
18133
72765
74942
33183
85801
74759
15492
4686
20082
12509
17425
76477
50426
76297
26858
12189
95967
78782
19925
51461
65089
80976
95369
34939
6501
27661
68041
71321
12386
12413
61363
31213
25108
10308
36964
89691
1902
65522
66280
7990
58991
72852
28799
65277
56789
6453
47585
67940
17182
64596
44052
72170
87936
59189
35515
64071
38390
24085
48803
26826
23866
58283
47445
92914
60020
77417
99938
35883
21021
50499
69008
6517
60326
91361
3015
38552
3541
2143
8234
98281
22494
44198
49611
3337
70786
76655
71081
39257
88141
4982
40131
64867
12628
69583
62098
67281
87703
22742
23711
34220
32913
44277
44140
38063
6353
66087
22131
94421
60361
95575
33538
59550
3901
23011
29042
96123
76404
31889
60925
74512
29299
59469
41114
45865
89653
47687
70120
21551
61196
9790
20370
30328
13386
75951
4190
36468
83351
75787
7179
37511
34551
82125
4926
84988
90387
45636
72686
50713
25604
35082
39406
99246
19966
65375
8618
17525
55831
15206
10232
47879
30739
33805
49841
9715
82147
34338
67901
46606
24973
3642
18380
66916
75651
49077
21881
49764
50466
10991
35949
62859
25080
84018
1170
79388
97601
56844
90891
28830
98392
67654
4386
81606
41150
3640
22697
72724
68405
93530
53350
65839
90983
72627
65954
83297
78468
24131
84559
58724
54336
16445
42310
39561
70555
88506
13827
18394
26911
44631
72909
8577
66160
83553
67168
93771
78986
52911
85913
44224
60235
47929
87366
67863
95844
81110
21587
62204
77166
9968
72332
14218
67204
79098
94196
90557
53419
96514
33908
69612
28110
30473
40296
9578
91706
93857
11134
15764
49776
52844
83198
30221
21606
28671
72177
87768
1630
6861
56986
10904
68005
77956
13525
94956
76538
5654
26688
20284
91627
5114
78605
34549
95327
28405
73324
80498
31002
98539
24000
71745
89606
29330
50157
30356
58946
9164
31518
22306
56214
16476
70611
38153
70164
45387
95817
70375
80012
65590
4242
92900
70800
30955
67295
41539
14358
19668
75759
15587
80536
27571
94981
30832
93366
24894
43823
70072
12857
24071
13620
48580
63997
70790
33325
37918
99761
87204
68043
68712
55604
47726
63877
81734
62668
23617
12841
95702
97716
95679
65532
20973
84237
34614
88127
47596
81144
79913
38368
23897
83477
17439
26467
77716
23030
11101
59786
32388
96656
18869
59599
69362
62262
48182
29691
87865
10396
16373
46045
24858
75440
15043
73595
46854
24796
42359
50896
37036
41454
66637
47821
35835
64161
39465
5819
39798
21183
62197
64449
80719
18225
94955
28354
73935
94584
79681
13503
45092
40801
61539
95601
7430
44750
93346
72101
24641
21478
68161
71852
17252
11896
37677
5336
17605
43736
43908
20115
85987
14913
24203
96623
41657
62333
62997
87329
4509
50920
80506
80518
1065
26717
45132
56636
77449
92692
26566
44969
10395
5719
73504
40810
96426
96742
97088
52421
97472
70261
90391
38178
14586
67525
40152
98004
44034
43099
20310
82782
5940
81194
57100
88849
33484
99351
6948
65714
91500
30600
85890
71881
22676
10647
91381
69444
10561
29215
84168
4630
81261
31318
43960
33552
3834
39771
38739
43276
28282
64635
75105
29048
62365
53478
19111
20401
32798
35408
66915
21295
62438
14623
46925
73172
26921
99401
75524
61597
784
3670
59566
62925
98494
53852
98981
13533
86378
78660
90426
15687
18257
26378
50947
74387
93621
95947
92221
68923
59996
30853
77148
68033
71010
24901
66931
31742
55912
32049
90278
68114
84368
36317
44518
52506
25752
21813
82795
57518
99906
50622
15445
44212
68102
6006
19174
86111
44836
27440
18174
68156
68331
35711
67701
127
76594
85118
66414
20230
35351
95896
39084
46118
10222
97729
12202
10413
38351
18172
20824
55606
16630
85463
32808
34998
80613
30196
50214
95548
62868
12580
17066
33166
21152
9969
45670
39750
51556
23128
22377
11337
77497
6755
75410
1781
83597
41105
36786
90579
48920
37177
73660
70162
9968
13576
72912
36620
38308
83197
55381
49017
15852
58252
22438
67565
86878
84827
33680
28464
17015
98507
48388
67359
42224
2731
65891
67195
84711
16358
13894
8487
17319
7258
44775
62995
92571
8709
56116
60651
43136
44834
83002
91031
84208
83330
91854
69971
5450
78620
78943
7579
61093
89099
64043
22011
21227
8170
82730
95234
64318
98940
78868
70161
50835
88374
34696
14581
20968
24106
67568
70645
88742
21123
36364
63408
14888
26874
83808
21094
69846
87510
72924
28067
13526
10970
27091
46682
93609
24743
73640
41673
55308
34214
81805
51505
9719
4850
79433
76229
98463
86215
13242
64372
72227
50869
81631
27633
2127
94015
90919
2462
13997
29322
13696
94277
45891
87255
75240
5522
9980
25368
99859
38632
26166
2410
90272
73027
2092
99156
62135
25820
20214
8305
54280
97070
98927
51219
89421
49819
55914
46914
97287
78237
14335
41632
30575
13354
15672
43928
95147
4534
33468
67825
88062
42232
55093
13198
64588
3498
28447
71133
62738
83180
18093
4701
86983
9556
86514
79465
85280
31779
17181
35186
68237
61942
95886
61013
56640
77023
64461
61459
77725
67650
41695
72970
3015
55694
64366
60641
76497
23716
76745
87407
53495
80258
61936
35860
43494
9716
86919
72012
89204
84683
70387
41037
33498
50120
59068
72815
70432
49156
26489
69109
9672
45347
61401
79274
58847
44
59629
22658
77298
729
41423
80146
69846
73307
97058
56881
30836
8533
14365
33936
27147
41592
41631
60286
65780
43055
12914
97097
50639
96317
97966
65898
51462
53574
51663
34706
22673
44342
96697
98218
15070
17810
55710
13851
35469
10741
38444
12781
20047
73271
26243
62021
31940
98158
13734
51971
80269
78566
50942
36142
8130
27505
79007
80109
70934
92993
9304
79318
52538
34239
34264
55473
48204
18093
34065
14830
70981
18252
65260
37164
54635
97794
18697
38343
71602
16474
20270
60766
28281
1761
63946
30973
62961
3053
5579
39631
73662
26715
45141
16705
52525
94640
1025
28014
96607
45010
82362
68420
31610
56364
1912
8472
11023
28589
94726
895
75327
98869
1301
9876
38487
95250
2789
18506
21995
64021
75782
9577
2433
5510
97041
84100
8316
60153
64992
76345
73574
40305
45659
35162
10708
4502
89421
27271
40306
35114
92880
29995
21778
22814
28239
8059
52714
10514
35854
93538
28772
204
31585
79640
58711
28184
6646
31089
27309
90401
39465
46232
94679
79546
56887
78446
4927
82187
59871
83233
79923
74747
60055
89224
77484
53202
26247
8080
27029
32497
21137
27432
74304
17743
61616
46910
13471
31332
33492
59207
63755
59039
59565
68677
25118
69243
51436
97786
79441
24283
24117
55427
73368
48270
41533
41020
86390
32142
69025
40837
12541
25351
40462
29558
64034
81114
92541
90063
30545
9289
55417
28091
23433
76022
53826
84404
64759
45244
6124
48855
41237
44651
64511
86960
1874
1229
97901
4921
15032
82458
16533
87552
28473
72
51218
39204
49785
38820
35021
23108
41230
8590
43097
92095
61582
27796
33041
46251
16192
94259
18694
21361
29277
77045
41748
6423
4386
58821
57438
47097
72406
26542
39415
53805
97254
79118
96340
90548
97548
51778
50588
87949
70622
35762
72488
90828
13759
40629
74317
35214
77617
69680
6715
95969
49248
61020
5419
40292
92257
4143
40672
90818
55328
39503
84902
73525
45670
4692
25526
49000
55492
64909
45455
17986
33384
19596
55156
45484
19166
1761
1111
72757
57497
70571
30099
75807
95020
43770
36592
75259
19228
42505
44782
3181
74733
50009
76497
9663
92859
36756
82096
78310
9814
3052
11020
20583
54338
26260
94434
54901
68822
97441
18380
72384
26466
21139
81715
89536
62292
36224
56201
39285
15864
25788
61021
96372
17519
76150
32975
78196
65712
43389
18298
37459
25735
46236
37636
59266
36305
18499
42429
29680
97086
78486
28151
86051
92814
63662
95955
82035
95378
93598
74332
56367
85318
52742
97533
2728
12916
16776
72294
25927
61214
12176
87133
2305
48556
98046
14609
2706
55312
7131
13869
79126
7512
78974
98670
64983
72142
68458
64700
28164
3983
56341
13222
23238
70511
29742
83767
75628
61826
94269
88960
39917
77043
3692
75959
78550
34627
63536
61509
24562
47454
79792
22465
17117
83024
25102
55915
27006
87101
90114
63604
50994
52292
91029
81815
8698
1325
17046
51492
29823
36962
29561
62488
48416
19680
86087
66963
80178
23432
13387
14287
15151
54068
12034
337
55254
44303
76119
36783
20557
737
91753
80760
35694
43725
41100
44662
49065
84149
7025
87595
70984
46729
15044
61110
90440
50384
30090
10099
95478
66341
1222
18267
22013
22026
89341
61415
40423
6783
54194
37900
35560
77774
14445
76048
54294
63642
30656
49738
35127
46485
28986
19254
14350
4696
95432
24108
38750
71836
64606
50592
9824
50632
34911
71468
44367
76940
79347
94761
33011
21575
6625
68316
38029
10687
44606
72783
25731
33719
85974
41751
54640
23923
87509
42630
47836
87055
73994
28183
47302
9070
8428
80753
96717
90463
57546
70014
60764
8494
48748
30633
81383
93390
13663
46872
36560
81789
66320
99417
37387
31932
29228
79572
34504
45334
16467
18178
89582
38183
29230
60126
45890
40360
46797
34178
29190
92937
45215
52337
92266
13201
11185
89161
28076
96852
76425
11397
22368
4403
77327
87923
8834
28199
48474
4910
92954
58258
28103
90911
42910
87772
37950
33016
10097
62356
98177
98468
47461
13767
52017
61170
85007
20445
64095
72671
59095
70285
69045
33750
32664
61023
5633
17579
8469
52692
58228
89533
5053
67544
40691
77830
56977
61420
32716
22198
64016
21725
57447
35410
78781
16959
63587
25923
42765
75654
73585
69138
35873
51437
88058
25550
9429
84495
45304
87715
2127
69627
79634
35427
16986
10298
74893
73898
60918
99685
70968
53788
15518
32428
83216
93537
88448
23203
59581
93659
32263
75930
90644
9941
27371
29827
95741
63781
6050
44508
5529
67639
48675
24261
31515
80148
85200
15515
81584
34665
25181
57051
35952
97742
28238
2766
92777
28921
76086
67834
71495
99514
20269
45580
68900
18372
44910
48648
66843
71155
4124
27150
9973
29312
43989
78591
84467
297
47852
30652
8464
56440
89141
86981
8896
50246
64012
11200
25577
10511
33137
68547
9339
51417
66657
78496
95951
25884
86596
8989
20750
31013
58234
53658
57231
25723
73992
66804
94477
36258
17811
80036
86501
9932
67475
42835
30331
89654
97608
29568
10956
13942
26821
58956
85518
12254
4550
37020
95751
7666
26657
54796
11488
13484
34563
34842
34473
73088
93454
32593
13852
15013
2954
91686
69668
39724
62657
43450
36696
68012
44419
43973
51740
19477
64493
79139
20748
38553
86646
69680
14251
84895
31562
86433
42908
78956
85365
48794
681
1989
91626
71004
35153
99123
70518
25092
62049
24173
86286
77637
40244
17433
37123
50134
24958
61075
69532
26219
63576
31772
59634
89111
39708
48665
84249
43798
80052
40804
83096
2348
15837
43953
41578
51278
53926
14015
73804
54127
65563
51392
38102
18973
99573
90332
81171
12290
78760
6550
5969
26718
56705
81173
93745
92153
83922
36227
28700
38627
6495
65397
87321
15370
68658
56244
60544
61987
24760
35280
61921
73620
57072
77539
92827
4989
12687
56104
58946
83549
38194
48366
28058
84415
77848
42319
18214
39181
55403
39833
4529
40741
56251
53243
15745
16306
63294
10772
98410
12122
14227
57140
49185
90102
19648
99210
53686
59582
86044
83926
52165
68600
53785
84699
93736
97742
40649
19967
68237
31628
98617
78025
68973
95324
50268
46883
93310
72854
65592
25061
69611
91357
26823
65692
7948
83716
83219
44503
85178
66813
25066
73938
74049
29247
1789
86331
90808
13928
13162
11328
30498
76703
54927
40026
65453
51954
33322
50276
65378
97648
17558
80532
94895
75928
87973
77811
7687
74368
84670
95805
63447
55878
38397
32473
84476
71244
35354
57658
13587
79838
31947
80822
75340
12699
30238
32448
40311
64459
77552
78550
24736
34136
98864
65563
46055
11625
43371
13107
9012
32454
24643
36204
94816
70844
51806
7565
96178
73651
24753
89168
70123
50955
52092
14060
76345
70122
23774
10702
6992
94036
61185
77224
98970
29934
1869
35798
91447
41813
40466
46847
710
6141
40993
23892
79947
94474
71322
10581
92249
64420
87720
96780
65882
49456
55216
46565
48360
29102
31384
25665
24003
7321
70662
52509
74570
33643
81864
97122
98929
19092
78156
93897
19626
72561
67245
70647
9628
49636
94187
41007
38997
53002
9285
58463
30615
32295
32331
50215
37501
78574
98857
80478
22748
41820
94149
65712
54055
91415
56871
34282
70694
37330
33751
55013
42708
13648
9506
55782
72350
20799
63032
8269
87060
92408
90039
61498
29247
13529
24325
13108
82285
80619
12822
44154
84621
45561
40523
93901
92830
31844
85292
24436
8939
98204
1052
48645
63528
33867
6495
47433
34200
56775
31297
23748
48579
90368
74310
53844
54335
21567
31197
44323
71525
75114
84372
54343
67153
20722
49589
49339
22501
68430
95145
79284
83972
99425
25013
13307
99929
81745
74239
27349
27093
43203
30592
24668
30298
30935
7096
84204
32896
57049
62251
70290
3971
78141
41598
7179
80269
35928
68184
82865
85208
69492
48071
73685
79663
30161
79951
62396
64155
24844
34185
62522
89467
15478
52940
81952
25455
53369
23963
52144
75593
43351
15057
44449
78324
29393
67674
86430
27760
31199
99207
39079
14614
53240
64327
6088
23819
83770
76931
10839
49250
32516
47183
2802
87583
80883
71725
74970
82266
93968
15015
59361
85571
22812
17778
49884
49635
88166
82866
92490
9630
55236
39791
9704
72886
78119
7707
86050
58544
29617
46625
45595
4707
9698
74437
14497
15034
27547
60908
13480
49863
22457
90902
16378
61084
44107
77234
25809
18275
56815
79346
44048
63973
76558
55462
22212
74646
55253
59691
28520
66331
94893
52017
8737
26549
18345
1109
3024
67603
93005
88583
41700
30333
27195
13144
45720
42310
14970
5018
82497
63189
44762
26904
72843
36448
37466
36395
42657
7065
67972
86928
3818
8951
93513
39340
16265
23279
19713
44045
92253
65038
47559
4575
59245
82069
42455
44717
43685
13012
26273
77443
82113
21647
36246
33445
42657
30767
30237
99544
16496
11857
79525
90335
41484
45939
7855
60144
66903
59248
309
12411
46669
19027
33337
23063
41438
22819
16808
99669
91495
90567
89202
20641
35339
87486
43494
76726
30537
59391
42403
99937
96445
30363
48046
8293
38979
18702
50571
33379
84538
89815
53300
24580
11183
37638
28265
10420
20079
34894
12737
40532
55859
63831
17872
46786
32525
47335
2348
877
12850
17282
16489
52604
73922
20667
33004
65858
80179
32042
51744
52986
97442
48615
33391
28366
87294
93252
18049
26214
23236
89886
81807
85226
63709
23010
76584
38763
32652
82594
99346
91200
9968
48692
90895
38101
63058
98919
26258
8685
41298
94
21408
54052
64427
836
59513
42982
60536
42433
27489
74059
39949
2784
37569
43808
82340
38468
14623
51510
97171
95430
19267
1035
45316
47489
37883
83830
21478
76384
26183
18916
26667
26580
14064
8462
87744
5113
69126
80176
35384
41157
4895
40392
35115
60119
57885
40360
10192
54341
82388
26746
42827
91480
78594
17441
87892
2403
91026
78959
10162
2181
68332
40497
73236
91498
97118
70802
61489
4734
77560
90562
9296
4118
94513
28397
77235
56742
26213
48818
22562
37405
19756
66024
93377
46134
41371
23200
17308
46741
46842
69631
73487
23185
92133
84774
2730
95141
17014
58760
70148
83072
45758
36055
98446
37045
26999
44058
69178
88158
65384
25243
29187
27539
32468
68035
6331
42854
45167
4236
41872
70717
20196
4886
25060
27987
31580
9751
19074
92601
9811
48301
82645
32078
34402
69088
76428
12066
96420
35041
98709
42692
42392
9415
29804
72167
70651
93164
23042
17193
65650
62842
61259
31541
36599
26976
36562
22899
45213
39413
99367
28021
41863
12396
78303
44915
83188
42772
58397
75638
17571
81435
82694
97623
63636
82579
78273
97628
16890
67008
47464
72050
53722
2635
19617
63770
26877
38574
37600
63233
46663
34178
83074
80967
32970
37845
66071
35603
1819
69651
7353
83117
69957
9839
79036
58719
38943
48294
3358
19151
81234
53699
42927
52637
58814
31006
69574
1084
18547
94460
18432
84442
76251
57153
39441
80294
9012
47627
75220
60101
35782
76478
8721
68987
99830
11114
52676
97722
21263
77823
19067
14431
56488
5424
3837
4925
94663
57881
23906
4837
74411
91645
65370
24343
2121
82139
8904
72988
87312
10224
32381
48457
14186
84014
5848
53836
33037
33574
85201
56787
54618
56280
62870
65669
2038
26635
48389
47402
510
4261
84407
16610
24761
68415
30288
83374
86342
57029
71798
71990
61137
6089
8190
11122
6676
17047
55725
14568
19855
72642
1759
92373
97567
13151
58410
15934
92244
56402
83912
21563
37279
26533
53883
67848
55062
28089
51496
53499
73107
81978
49118
55948
49104
28840
16499
62662
86257
19301
90696
17689
59938
90157
21048
10179
46274
66789
5858
90991
70302
79405
34517
82186
16200
99656
7143
79682
88167
28639
28773
29001
29360
30148
43298
79456
48070
73925
77485
67695
88
74651
17065
72533
78269
77814
15521
40410
30723
716
83969
23546
90497
91952
56087
41467
73065
7871
18262
66452
36028
38666
46933
64125
11426
46117
10228
16299
31305
16740
57155
53558
3844
49814
79792
89717
82733
12659
56378
95588
61747
98361
24553
57773
78552
8241
78749
3605
37189
56893
22825
4686
43410
66794
64121
41290
57488
15824
74203
7079
75590
48729
26602
99647
92377
23437
45141
39122
47216
89105
18240
75349
89197
9932
59981
44828
89815
7648
8991
50450
36960
7253
23250
2514
19085
73422
96638
11071
57146
2806
15463
74853
66745
27303
24893
11890
20807
27986
30889
75602
59622
79864
3406
59135
49503
49316
86544
95120
52734
64443
33509
2983
6099
51758
7309
1223
15747
5077
3211
28825
53746
75411
93892
51416
24044
90580
19606
5741
81077
93443
35478
56756
8969
87351
52887
45823
8386
90497
79176
43604
10238
41802
6867
33976
82030
66198
26919
62385
9808
3692
2973
680
95306
72486
9673
56181
28417
35977
21591
23597
32547
74893
8998
38522
54087
84660
12660
9202
62757
9130
9435
6279
70096
52297
75296
94770
88112
1346
93991
53108
15151
19363
7254
35671
76816
86763
63416
47148
45013
43574
76522
41112
83332
35545
15316
93145
30072
147
69286
29730
51494
88105
87315
64650
41285
33612
98524
9198
89036
82036
20618
80187
90712
94403
28305
82517
78086
69933
84229
4190
48674
89778
92223
83303
31892
47201
7172
56816
30178
29514
37559
72547
17596
5297
93047
52112
95696
4316
60186
73850
55620
47401
99866
82855
48184
96557
9008
98481
99977
67005
44059
2751
94669
95717
76075
67264
84338
74732
59478
45113
83597
73891
96656
58069
90233
70216
36021
75504
90808
11319
9048
76892
48447
91477
2225
664
70328
78129
69060
32246
37204
77391
71532
55085
76871
5813
68103
53021
30359
22631
30794
55848
34907
86690
22105
6360
96681
44346
55498
37092
81554
99430
66215
42428
51522
17430
24546
47182
47549
14491
25277
11295
32730
66221
58100
46232
79460
46657
2170
26916
19173
42806
22374
77581
43253
96320
82471
96403
71676
86996
14982
13103
43639
17334
21551
30596
9741
36660
45849
55894
77233
67167
76459
65377
12290
76483
24019
64146
51112
60160
10926
35734
76463
33108
37567
55749
26794
69406
10582
58797
33728
90270
56107
18442
81697
8802
47035
99468
11917
97342
86620
27292
70743
20706
57102
14375
94383
11784
51373
67786
8947
40670
34265
892
375
94357
49018
43947
60222
39654
26803
57495
58381
81523
28355
61525
96045
18529
71163
86538
40915
9980
12332
49334
20857
94077
58415
82233
89211
89701
17178
90489
10049
87174
78583
58212
45602
61692
6904
53213
46740
62371
87030
20538
4302
76603
43903
52515
17982
52489
2290
37619
61238
61198
34093
30711
47757
87927
95580
85498
62648
39781
39658
30453
74600
95486
56134
43855
92155
30382
21993
45491
11741
47397
97357
31019
72219
28234
97348
90533
60884
5762
7761
39436
32481
7250
84398
90090
57011
74360
89675
76254
85719
97263
21600
67267
3594
94770
24652
53215
52522
25995
66248
13449
53568
97211
30922
5709
4320
6302
93885
69804
20207
86796
45000
55644
39894
60071
43167
85534
45521
84368
60313
75298
73131
20943
20810
72564
22167
63808
70445
26768
93742
30723
21900
39129
53577
83547
52066
75719
18827
24493
19009
24553
42986
8965
51258
70080
93147
21272
56547
41945
89349
99325
77633
44164
66670
69923
6561
25315
37323
48906
59584
16195
87462
63156
96973
60175
69575
54829
49764
75189
13277
28689
31451
95002
58152
68923
11348
94245
20391
46144
25833
61465
13688
56032
28717
95393
36113
20695
93762
75560
45974
21407
16250
18051
22228
69757
2227
26971
44142
73787
79845
7151
79625
8078
1819
51982
24896
61420
9408
20643
80051
54579
36423
74961
97558
6459
66456
31895
58293
26358
69770
58169
38521
43581
92980
1060
2016
47172
45227
18082
90929
34845
34709
17901
92431
92358
38516
97628
6990
97249
66371
37668
26274
17723
38525
5109
63640
86378
16572
47767
42379
27244
78581
97067
82836
47220
39743
9843
64564
74614
70167
95335
81895
63272
17581
31434
94311
68864
44494
34607
32860
25981
64383
18088
54934
50312
16253
158
95515
65367
15099
68430
90773
89423
39758
93814
81483
12117
52897
14222
27106
63350
14090
28069
50590
59549
40186
53429
11976
83707
7909
26687
10952
61491
10263
96502
80002
30841
25631
83531
59228
74358
47009
58050
11279
35303
2287
93017
84991
46261
46946
57344
28877
69803
73992
57474
93039
95749
24617
8106
69363
43667
94271
58980
36604
60232
31383
72183
55687
35944
85482
67055
76557
89378
77615
43697
19287
83428
35262
82065
98501
46652
1345
12084
81211
71421
61835
11015
9052
64522
39772
96792
85316
95147
24987
18567
93555
61968
19859
97520
89126
68695
36981
59317
88362
47468
37327
62036
81543
25191
84248
97888
25598
9203
73422
38179
63859
33339
79275
57061
21845
77598
29406
75181
14249
77508
19514
72436
14593
40840
51168
12176
46768
55306
96216
11744
8816
39947
8101
69200
60206
32253
90336
14607
12632
62346
55541
5203
92714
65185
11219
22945
16851
48762
37644
80012
42917
47171
22830
4801
17239
56437
68651
49457
57546
86852
15298
59253
37281
44430
81022
4099
41719
56774
36473
60540
52409
60516
5501
90599
23972
81363
71374
72317
70232
82896
96424
10271
81895
77611
66109
23454
51821
69370
72079
7491
32383
53790
15507
87626
95822
5680
50732
57140
91702
57321
99836
37804
73091
58571
23193
18608
39260
94892
62424
63004
48930
41426
24611
47163
43359
77577
15430
46123
34931
43046
79651
42488
4293
33751
43766
97681
32526
55368
30143
86791
22072
11922
62511
80118
79897
71948
83856
3187
32853
89255
81609
57748
21776
52235
73916
91468
30293
27204
47141
12274
2324
77161
87323
59294
19596
49050
7142
98106
95230
55107
42281
84735
96156
67027
23848
11938
55718
82481
84078
46750
46221
92799
53697
48748
82521
32519
82689
62497
87007
64958
88697
81430
582
47563
80459
20303
28775
63463
93020
32193
83200
23836
11156
88688
66633
72764
69198
83887
62230
48649
94391
81331
79906
31060
89376
88920
4718
26078
63195
48840
10981
51518
52240
5740
84193
34849
1275
39649
84421
78891
7505
93622
36563
43316
88359
88048
83671
98450
48897
15804
45182
81598
68192
22187
69842
71278
63600
62086
25862
23384
36531
56736
70957
64154
25131
34361
37274
98703
90696
70751
25627
40902
36120
86535
85657
79743
17658
88115
71434
72056
17057
71347
26334
12609
78628
20415
53445
71272
67204
34352
97400
96184
79394
31822
27159
65595
34891
79951
53006
38979
41489
99780
57800
49390
45330
98702
81361
18994
75316
32102
75152
80884
6516
10
71349
8460
55871
52287
89562
86533
1973
59441
28593
84807
88169
80939
65547
28281
47921
19639
30943
62668
19242
45998
33859
49553
11885
87825
70838
22441
88059
23383
13851
59778
46467
29170
58379
92642
59623
37370
77710
77949
59851
51241
38007
38014
19476
9411
9438
29465
56960
41659
58347
69687
61868
74237
21980
97398
69635
22714
187
43411
18477
48460
80869
95050
41109
21269
47465
7006
8360
96892
92791
81743
14691
68806
64610
80924
70350
83019
39852
26102
76893
57589
33820
73096
32857
51885
34070
47602
14517
15519
1345
63660
23673
83050
27276
28262
42832
38911
57640
69527
65372
97466
12702
23719
16466
81028
66009
16111
14544
9260
21604
53401
66935
85126
34981
50539
92176
60985
80127
32670
94166
46022
53792
34278
8970
46159
22797
85633
32723
64760
24969
37118
66348
86855
27206
97361
50016
34785
32019
68272
64522
73950
82367
49495
75700
26479
70591
60492
19230
63752
23811
12678
16775
47322
75049
85650
82870
3359
69653
13137
94831
28156
59675
86886
64811
41579
93389
31952
35867
51764
71291
96817
6968
28456
12458
50711
42464
87018
94143
63268
71318
27454
56976
49886
13570
97361
63441
63700
46081
24233
84663
6005
29982
18698
1303
71440
74493
38351
11388
69299
41140
17574
73226
46687
28910
62995
68721
95444
79864
44067
135
95043
86773
25011
767
165
44918
49622
23048
60303
41169
58103
52111
77359
12681
80732
23694
64554
86184
66477
74945
38832
29193
66171
83783
86238
55835
39085
31767
26709
47167
8091
30136
19237
53755
40732
24017
52560
62174
37493
40900
59031
42411
63252
3158
8962
50
91570
77874
33260
84065
26723
88280
74028
41651
12026
44897
94761
26997
56279
65944
98547
12664
25835
80103
77196
36102
71353
1411
18658
10428
81400
56309
55629
96724
33735
19585
17858
87580
27330
39636
91487
56756
53714
85704
32399
58198
21576
48636
18532
22239
71357
33052
39640
63526
78418
33160
91153
10965
61943
67375
14067
3571
52045
59815
82514
80131
89144
99768
49291
2679
32971
16941
49689
56236
23103
29058
95784
93688
34093
45311
94540
73727
33793
22960
21472
41864
72506
55883
22835
66296
72482
56796
88562
35247
75985
86840
69997
21275
55854
51078
59062
68750
65262
65874
19793
72340
57143
75418
73730
7976
68075
26545
6648
35540
38255
79144
98474
25338
39927
42544
45437
73675
21824
52630
93396
93238
44267
93158
11130
91316
94827
42906
63558
76717
34198
47548
66136
64296
62437
39525
68875
61719
43723
23938
86830
47897
83231
74985
36299
71710
37262
5432
98218
11672
94289
19346
43234
64886
6378
78949
75588
51085
25791
1934
2082
56573
1808
73560
25611
21523
10552
10213
21992
58148
2612
13195
64408
67410
36693
33565
59441
40612
14803
17661
15389
67272
72237
62025
59020
32935
29455
87820
91392
73358
15247
38028
51383
23921
18512
77874
66862
26696
13661
7162
19758
80367
98172
82845
61823
49611
57353
79508
5815
15827
54494
81087
23530
19374
20889
3023
62790
47268
46117
31252
34092
59871
61424
64791
65644
7545
67914
94960
12471
38116
13920
78789
60210
78701
21624
95262
99405
27611
7580
57746
68545
60171
62810
98962
90910
51361
17150
39915
13869
53804
66022
74095
15440
6325
60992
12862
14349
33601
11784
4042
96722
78954
11018
91132
50296
88730
62608
79152
39677
2190
19404
83301
37139
86983
84216
74043
33715
79665
14167
95521
43693
8155
53481
35130
26504
60444
40269
30265
81846
50296
95275
54353
49639
42460
65406
27346
76842
38264
8872
12519
43131
74433
1468
65717
27017
52963
67278
55808
1847
90104
42470
78052
64426
35716
96115
55803
2775
12053
32473
64263
5496
12575
90409
90602
67681
61682
36242
92207
59416
71895
22672
96489
67089
47531
48648
82390
11289
75427
4234
68833
24215
4299
18923
5693
52037
98745
58634
12961
76933
7458
46983
24012
72258
86467
51579
90956
74036
86258
1707
40944
53223
35485
11461
83500
42632
2376
73362
45733
14051
93310
97350
88856
96106
74639
57612
741
30370
92255
48236
49411
54419
14369
54593
16438
33735
48846
55804
48480
64970
41978
2112
97873
32134
14684
68573
42047
62719
32628
40822
81589
98489
6647
98163
60222
71631
58405
48989
88962
4636
49440
72372
9555
19346
72051
52111
26075
19597
98793
37444
28560
86477
61179
90682
7529
42610
98388
23294
44583
69847
44854
98932
84568
19623
42062
82462
25572
21082
40045
26959
60180
55660
72113
61714
21971
43094
50595
23237
6732
34422
92736
97502
15395
67660
11084
28847
47536
46065
19476
6861
68494
40580
73765
34560
33035
23619
76020
99686
29083
4195
57538
7245
84046
73494
45207
78680
61893
65991
37832
4091
94825
40578
88926
69211
651
80059
87198
87430
92040
23226
3735
31061
35638
37032
26205
33646
40525
75985
60690
78861
14653
20013
73904
43073
92621
58074
35701
75921
56404
70409
99160
29308
33254
80748
64138
93491
21698
66940
43203
64282
60221
25630
80880
56847
36220
41061
14714
32050
22808
11952
79835
36148
26473
64188
99322
26337
46176
61089
59905
25038
80081
6730
89979
80191
64229
26702
47154
78714
98365
64040
63286
68505
67518
58416
4517
84611
11622
52978
69680
59126
28856
86175
824
20279
55734
2827
24486
46435
14349
83636
31623
67648
64073
37338
77377
31924
67294
49205
15395
43411
54414
16739
65001
11609
16473
18697
39502
12088
29
85389
9050
74360
94831
37849
17772
65222
99805
86450
86422
97549
86881
44038
78370
48877
99398
52466
25389
16070
68158
71946
25049
57876
60073
74225
76230
10853
60278
47131
34254
6911
83518
12595
32045
76800
91250
30431
27350
63405
58678
46375
53803
29467
50505
66182
44143
19126
69006
13703
41483
61576
59914
72960
93919
41001
57596
55917
85739
27787
85606
2509
64387
35137
49103
25973
15060
22789
11134
31553
54894
65352
37798
72325
43261
65602
89259
23638
35560
15813
12147
71435
87417
49714
84120
66967
69501
27890
51752
14199
25844
33402
67484
50405
42641
27786
4808
13518
71427
14240
47424
91767
57869
61778
71581
24480
21772
81018
55494
77289
5289
56610
98523
22893
3126
49399
67662
76191
98272
94942
87894
4011
29914
96395
59772
45125
81306
12345
76651
34001
57823
77704
73089
48123
61798
19100
77876
72855
962
52499
13717
1578
8785
4446
20562
47932
86214
2599
75569
79430
42829
25367
88030
48405
36871
92540
46966
91700
66377
94312
46050
27539
89858
9835
10857
69327
93573
28512
85268
76458
12129
32513
7002
69802
73794
40777
1111
51416
87789
22777
21876
95046
54867
97414
99706
44160
72922
84037
98557
18740
12378
51030
38611
84839
85339
84575
81847
42435
78901
35038
86246
47164
80652
89315
16518
25772
70995
10609
36328
91805
61703
76214
74563
75280
37185
4558
87750
12062
87055
66108
77465
56594
23989
92843
19692
8178
89033
89303
33502
68341
30404
85562
7650
28468
74702
16625
70128
17867
30768
92295
91037
25908
88682
32309
80331
81373
44030
13425
42185
57443
36076
95129
75247
96567
33098
89092
15388
79558
73436
29298
40325
57577
61941
27806
91256
67289
47038
75705
47433
21641
63274
37951
36573
10676
91812
64794
37411
55211
73633
78810
12501
85838
57633
24530
47160
17248
27200
76013
26621
70276
1980
39811
57702
93786
73444
81526
26889
34857
18116
69070
25576
71850
97264
97798
39403
24900
89068
77970
90434
82253
95071
19622
52371
53718
33228
76023
19328
83429
73937
28281
13144
12924
42183
68099
8232
14631
32624
95498
23506
60831
1634
43363
69361
80174
39090
57877
47726
67325
12437
43629
73463
97948
75325
22919
67848
56241
58158
4480
46457
26213
80662
23896
61393
86432
23897
85717
90902
88104
9730
65907
34273
14687
17047
15690
60122
392
60959
47710
89007
19772
61501
85269
44991
85647
90107
98028
88561
9611
364
25558
15562
68764
76751
90543
75752
16494
92503
70144
74310
60698
38166
45528
16136
96238
23037
52200
66276
75794
68205
77527
49781
19639
13380
6810
90288
40699
16338
22840
34023
82727
3564
8482
92475
60574
52279
20088
19567
4581
22350
85479
30678
81273
45599
54052
74914
63315
91680
53779
69338
26114
11114
44767
68581
27112
75268
91050
42456
89257
10206
88712
60066
70930
75293
12411
54294
49946
82555
87457
35547
7233
69203
51362
73754
19095
9263
48092
65120
51430
13076
43698
87334
67436
2711
29511
71428
91452
95093
97099
55144
35789
86753
81771
402
54142
94505
50744
64167
87124
55087
11568
90223
15953
57154
18109
25658
98244
89854
26313
87847
84094
39166
42357
30348
4293
3957
83110
40388
27319
68411
85029
22642
65902
95169
45880
84228
96721
46272
14804
9127
44043
71697
85506
81795
4587
98251
21807
37385
19234
93043
58760
27741
7944
49865
23378
70189
2526
57034
82238
10926
88749
50843
31638
75052
75082
55295
9807
5468
82006
75546
45936
15778
33046
501
41408
15243
96900
40076
48876
78655
27380
89885
99200
66484
79908
95630
81951
79328
43511
92018
19978
73312
79826
24402
55903
49636
80350
29599
59900
47553
59020
95909
14038
23166
28265
42395
38656
45861
31302
12054
8190
63828
64022
42676
24868
45659
76981
7430
85847
74177
51958
62399
98143
42893
65482
66729
11559
34440
67468
14701
66707
58689
72901
23542
73168
37864
73140
30551
10965
94056
73743
87485
99518
49458
53631
63058
84562
63233
91174
3634
94132
70366
44612
49619
1960
56208
32282
16143
15438
59456
67283
26075
61246
93279
80183
2883
12450
13752
18159
97499
33631
18466
58942
50571
99296
57850
68881
57852
5259
53482
31901
94796
2440
51781
23936
7967
64519
10321
6865
47530
80494
93175
28749
17326
41568
11108
73870
82690
54676
52677
45382
40642
79648
93974
21426
12456
97783
69587
34305
99461
15568
97881
49914
40892
96913
10763
24191
43147
76529
64349
30829
50501
18682
48497
82469
1504
5628
4096
5568
93290
88046
98037
64012
4984
44398
80362
1304
95359
48879
68259
53706
33641
50837
92352
39906
11089
93079
766
31303
69902
20499
41792
74874
29908
31296
78167
26723
65393
12932
39631
80231
2395
73178
50169
71108
41851
74975
4294
62986
64277
31493
73340
41194
72581
87847
79083
99728
22459
72514
37737
22023
53205
11581
89781
72895
41054
98790
58684
64794
18920
29264
78537
91491
55182
51726
57127
38158
48302
5697
71092
59240
43204
99485
14145
37856
22717
50262
38757
36484
43904
51762
28461
14472
26954
24952
49811
24020
88215
36027
63598
5830
81278
73511
39518
32190
56789
45532
26020
20754
38345
17754
2647
40757
14544
31286
78600
82360
21529
57644
23232
22142
73179
23620
80220
85060
