48179
51242
51832
50224
49930
50464
49875
49760
48144
49771
49318
50188
50558
49768
49753
49166
50068
51968
50155
51901
49177
50512
48141
49492
50460
50441
48947
52131
51047
51348
49365
48092
49597
48126
48989
50240
50092
49605
48899
48420
51020
51444
51094
49461
48402
47970
48427
50692
49189
50096
48927
50193
49702
49048
49761
50698
49268
48376
49579
49441
49655
48943
50539
51483
48655
49988
49187
51019
50331
50623
50442
49077
51244
49891
49752
51122
50423
48866
49535
48345
49062
48608
50592
50646
51039
51800
49551
49881
49613
49551
50364
51805
49181
51196
49844
50472
49506
50765
49746
51143
