49591
50546
48485
51226
48868
50629
50227
50227
49932
51222
49350
50041
49543
50704
50248
50908
51123
52692
48975
47154
49756
49512
48579
49767
50203
50149
50350
50093
49852
50336
49358
48917
49741
50756
50871
48958
49324
50646
50425
48327
48804
49921
50154
49350
50264
50718
49884
49385
50033
49664
52104
51007
48707
49750
49974
51642
49012
50125
48310
49006
50810
50400
52690
50326
52486
50804
50139
50656
50557
50965
51490
50295
50645
50226
48856
47657
49610
49004
49913
49650
51118
49382
49707
49868
49804
48410
50665
49680
50286
49971
52259
49306
50775
48788
49314
50261
50436
50320
48312
50940
49718
50109
48261
49046
50443
50302
48421
49612
49631
50365
48911
49678
48981
50926
50498
50239
49900
48970
48471
50207
49870
48913
49620
48764
48716
49233
49597
51666
51165
49072
49779
50405
50156
49097
49235
50542
49984
51177
51165
50483
50873
49130
51079
51147
49950
51201
49435
50221
49866
51261
51812
50003
49989
49960
48594
50116
49297
49571
49024
47976
48285
49980
51341
51278
50155
50170
50211
51886
50138
48735
50632
51378
52064
50353
50023
49810
48294
51059
49197
49693
50440
52191
49334
50501
49766
51717
50112
51623
51238
49314
50711
50392
52244
49913
48413
50575
50866
50874
49121
50235
51581
49821
49912
50991
50018
49896
49412
50591
51339
51303
47596
47936
50076
50892
50827
51186
50560
50976
51335
50430
49946
48887
48770
50429
49844
51447
48912
50637
49619
51565
48630
49319
50876
47999
50225
49309
46983
51021
48613
50550
50032
50161
50310
50444
50431
50888
49878
51046
48548
48734
51499
50146
50854
49272
52461
49635
50640
49963
50583
48812
49968
50276
49217
51982
49950
49948
49193
50794
49330
50370
48150
49223
49937
50297
49138
47374
51246
50866
48791
51736
49012
51130
50616
50590
49770
50532
50510
49945
51235
51442
51137
49297
48921
50535
49879
50456
51171
49666
49656
49231
52127
50001
49926
49388
49176
51257
50720
52845
50053
50899
49997
50600
48984
48834
51555
48910
48849
50184
50158
50308
50383
50296
50162
50705
48269
50727
50432
50375
48276
49578
50869
50335
49866
48818
49855
49191
48891
49883
50722
49961
51339
50435
47960
49597
48880
52754
50611
50721
49442
50501
47609
49737
49900
49827
50870
50771
50057
51748
49227
50658
51007
49663
51141
50246
50728
49238
49437
50282
49634
49278
50414
51067
48316
49946
48973
48377
47366
50826
47499
49060
49056
49678
51053
50195
52226
51102
47597
50514
49355
49995
49409
49990
50734
50120
49772
50324
50229
50479
50162
50866
47912
50467
49096
49254
49516
48118
50111
50624
49342
51253
49346
49687
48795
50237
51608
50976
49304
49044
51399
50477
50331
50208
50216
51656
49290
50385
50015
50900
49322
51136
51435
50781
50581
48789
51258
49477
50708
49047
49683
50673
49646
48827
51791
49213
50893
50590
50008
51732
49596
48827
49733
49408
49537
49135
51286
50687
51027
50247
52159
50071
49222
50824
49159
49609
50167
49107
49067
49215
49871
50692
51151
48590
50361
49311
50116
50495
49658
51117
50003
50971
49922
50786
51762
51655
51888
50212
51233
50087
50653
50508
51472
50382
51078
50318
49226
50307
50515
51345
49606
49586
49707
51002
50754
51335
51446
49959
51834
49800
49519
49006
51640
48758
50788
49991
49895
49333
49604
51032
51250
49215
49294
48958
50068
50726
48400
52384
50145
49953
51607
48177
50052
50311
49843
50687
49837
49856
49109
50248
49305
49749
49845
49646
48994
49117
52626
50580
50252
50808
52178
50835
49522
49693
51635
48998
49892
49999
51569
51078
50191
49686
50730
49444
51180
50477
49537
49711
49906
50021
48289
48800
49855
50532
50746
50336
47991
50629
49348
49256
49967
49437
50153
48220
50495
49685
50197
51034
49909
49694
48909
49686
50216
50709
49753
49675
51661
49418
49729
48793
47133
48751
49423
48276
49764
51086
48351
50564
48524
50126
49664
49852
49380
50602
48282
49384
50588
50728
48901
49178
49737
50847
48924
48677
49954
48311
50676
47658
51916
48689
51281
52622
50844
48519
50386
51162
49633
48778
50715
50347
50068
49535
51575
48493
50055
52839
49035
49213
49234
50776
49317
50510
49643
49696
48096
49793
49087
49878
48784
48856
50110
48706
50510
51555
50902
50152
46869
49782
50827
49917
50630
49377
49899
51173
49463
50180
49734
50756
50354
50607
49132
51176
49342
48228
49882
50088
48947
47341
49731
48151
50251
50175
48826
49853
52645
50083
50554
47257
50183
51959
50929
48870
49899
48787
50595
49293
49184
48217
49421
50025
48077
48823
48547
50215
51059
49171
50544
48535
49380
50158
50397
50803
50179
48651
49793
49772
49412
51776
50039
49909
49951
50881
49398
51000
48374
50940
49041
52682
50130
49797
49650
49915
50273
51137
51414
50498
50873
49483
48998
50046
49848
51633
49296
48470
49580
49248
49251
50589
48415
50369
49749
48142
51727
49806
49842
50037
48920
48400
50768
51234
49744
49572
49792
50927
48961
50634
50120
50877
51598
50724
49913
50316
49077
51319
49060
49626
48447
49286
49677
50575
49432
50225
50752
47871
50819
49424
49939
50442
49627
48850
50889
50199
50237
48318
48296
50892
50917
49003
51177
50053
49841
50071
49267
50877
50585
49977
48368
49481
51820
50406
49208
49736
48777
48527
48164
49330
49361
49999
48546
49572
49768
48413
50213
49601
50637
49252
51161
51338
51148
49743
49442
49587
49942
51474
51045
50044
49012
50881
49045
49921
50948
49677
49674
49237
50574
50856
50026
50330
51628
48722
50063
50555
50373
50706
51270
50883
49199
50595
50535
49237
51836
48231
49494
49304
50337
49910
49928
49145
49005
50435
49789
51131
51581
51102
50244
49586
49311
50258
50565
50055
51093
49363
50668
51336
51446
48999
51915
50946
50698
50169
47695
50657
49240
49728
47204
47800
51177
50120
49957
48284
50740
50241
48349
49278
49357
49540
49383
49295
51910
49856
48491
50595
50083
48755
51870
50351
49308
50660
50287
49593
51256
49637
49617
50084
49954
49971
48426
50688
50701
48770
50617
49058
52097
47267
49866
50024
50318
50199
49245
49628
51346
49153
51941
51189
50063
50491
49250
47962
50065
49678
48184
50911
50285
50310
49467
48824
49444
50043
50245
49269
48613
50308
49890
50991
51514
48706
51855
50644
48112
49329
49640
49318
49151
49207
49867
50137
50623
50125
49780
49627
48949
51190
50523
49385
49884
49896
50862
51080
49669
49511
49880
50032
50140
51639
50825
49371
50410
48594
50355
50855
50992
50676
49956
48768
49604
51012
51033
50235
49992
49708
49258
48426
48927
51327
50158
48929
49589
48645
46811
50380
51091
49743
51446
48424
49009
50144
49825
51392
50003
49805
51751
48452
51342
49676
49514
49621
51230
52108
49245
49345
49353
49717
50577
49273
49784
48435
47395
51192
49810
49837
51074
51661
48978
51810
51481
50473
50392
48351
48503
49540
50740
49504
50138
50164
50923
49530
49588
51009
51584
48124
50522
50390
49408
48310
48906
50123
51137
49802
49757
49376
50850
48371
49450
49355
50011
50074
50595
47914
49765
50162
50186
50925
49641
50431
51452
50033
50523
51112
50488
50822
50153
48167
49379
48975
49398
51348
50189
50374
50124
50288
49394
50205
49412
50170
50562
49547
50220
50830
50003
50636
49409
50492
50057
50977
50473
50877
50121
48014
49613
49779
49551
49902
48103
49464
51534
50401
50743
51870
52796
49351
49029
49820
47913
50463
50857
51515
50628
50399
49815
49886
48606
50522
49567
50269
49486
47742
48158
49606
49262
51430
49922
49780
49474
50975
50145
50156
50355
50586
47645
50616
48711
50878
48163
51349
50386
49542
47860
51128
49118
49671
50657
48305
49930
49294
50678
49389
51581
50212
50177
49036
48768
51055
49012
49995
48955
49811
48563
50146
50737
50312
48294
51445
49682
51176
49166
49281
50101
49583
49758
49650
47663
49584
50664
48615
49875
48595
49396
50344
47720
48471
49923
49929
49555
49098
50475
51533
49808
50011
49523
49730
51014
49153
51123
49096
48973
50873
50173
50440
49108
49897
47969
48190
48780
50013
50479
49851
50666
50164
51590
50552
52000
52212
48170
51189
49487
49984
48622
51464
47258
49942
50853
50211
51442
50272
48193
50107
50390
50905
48978
51041
49994
50167
50579
49872
50323
49588
51001
50905
49494
50722
48572
51117
49193
50199
51513
48467
49120
50047
47642
49080
49921
49059
50934
50598
50255
51643
50805
51114
49723
49508
50221
48881
51109
50213
50299
49593
50246
51060
50767
49446
49460
47391
50105
50438
48424
49826
49614
50086
50278
49798
49043
49485
49705
50987
50368
49956
49025
48874
50060
49875
50870
49520
48943
50619
51088
51907
49690
51315
50462
51449
50717
50017
50744
49878
51659
49882
50358
49985
51705
50918
49841
48842
48092
48729
50459
50016
51875
48565
50441
49961
50295
49883
49602
49105
49691
49884
48641
49377
49240
49188
49961
50038
50607
50916
51071
49729
48790
47683
50146
51688
50313
50581
49388
48870
48317
50414
47378
49438
48148
50870
50438
49141
51354
49850
51169
48867
49839
51007
50510
48413
50868
51059
51141
51403
49536
49733
48584
50947
51579
50437
51543
48744
50842
48707
49742
48858
49161
50283
50850
49732
47352
50857
49671
50171
50213
49537
50351
50877
50441
49193
49555
48673
48890
50761
49969
50365
50485
50511
49082
49837
49720
48860
50416
49925
49577
50622
50020
50638
49378
48102
49976
50381
50132
49602
49898
50112
49675
49229
51384
50275
49894
49489
52204
49928
49588
48856
50471
48510
48756
48277
50576
48536
50666
49774
48798
50325
53354
50949
51951
50916
49953
49767
50683
48793
48907
49536
50595
51081
50325
48498
48922
49936
48826
50592
49609
50818
49486
50163
49713
48712
50878
51214
50215
51807
49358
49097
49678
51203
50277
49804
49635
51372
51222
50361
48683
49961
51044
50424
48489
51679
49763
51372
50854
50063
48766
49519
49435
49507
49692
48449
50581
49701
48045
49905
49396
50680
50362
51025
48403
48959
51220
50559
49451
49187
49878
50234
49548
50002
50135
51074
49913
49538
51242
50317
50401
50605
49945
50338
49656
48654
49542
50355
48579
48934
48736
49989
49263
50377
51140
49690
49600
50963
49459
49041
49723
48563
49625
50369
50073
50467
49961
48312
51006
50650
48566
51344
49186
48861
52339
50076
50837
50276
51770
48800
51444
49363
48842
48740
51457
51215
49702
47942
51156
48442
50026
50892
50330
49825
49839
48176
50083
49871
49508
49295
49676
50296
49142
49089
50408
50142
50245
50039
48717
49519
49190
48781
48092
49511
50700
50089
49581
49586
51171
50172
51523
50020
50451
51925
48078
49514
48873
49747
48161
49290
49368
49555
48893
50440
49525
50679
49937
50212
50037
52263
49815
49706
49350
50091
48714
51036
51410
49067
51177
51558
47034
49459
50837
50573
50736
49042
50130
49600
48727
50959
50794
50677
49795
49901
51996
49289
49901
50608
49876
49438
49755
49091
48716
48286
49597
49215
51550
51223
50571
50884
50040
50119
50048
49771
51105
48939
48221
51165
50334
49266
49749
50511
49825
51163
49290
48546
49025
48473
49462
49397
49200
49859
49948
51388
49343
51133
49194
49882
49889
51312
49760
50800
51239
50432
49627
51099
52050
48616
48261
49316
48551
50694
49211
50086
49806
51146
50857
51017
49429
48669
50077
48904
49086
50767
48125
51765
49155
49111
48951
51749
49832
50723
51505
48801
49400
49371
50905
47616
50598
49613
50504
50770
50418
49859
50725
51796
49900
50292
49735
50155
49050
50807
50235
50655
48848
50256
48943
49184
50234
48967
49170
49297
49310
51084
51789
49655
48013
50794
50559
49298
48802
49114
48744
49112
50374
49431
50870
49632
48238
48597
49537
48844
50842
50008
50663
51935
49929
52088
48723
50587
50348
49117
49876
52144
49084
48453
49617
48801
49089
50446
48639
50042
49695
50280
50139
49729
50480
50349
49499
49369
48961
49483
51331
49219
50999
51208
49340
51031
48674
51238
50298
49445
50494
49661
49534
50900
50379
48857
50098
48235
50054
51009
48635
50115
51202
51168
49923
49540
50708
50226
50374
48516
48126
50858
50568
50504
51783
51079
50560
48690
50990
50214
48774
49241
48904
51231
50643
47246
49499
51022
50821
48849
48476
50472
50125
50049
49269
49664
50068
47392
50422
49800
49900
48334
50308
51328
49973
51705
50914
49035
49862
47645
48868
48949
50446
50599
48161
50140
49842
50485
50058
51298
52257
50549
50701
50362
50980
49535
50142
50094
48668
50389
50074
50741
49592
49792
51222
49919
49992
48288
53835
50590
48792
48946
52058
50701
49349
48375
48676
50313
50873
49702
49640
51633
50651
49297
50989
49886
50649
52248
50019
50527
49056
51759
49134
47884
50996
50012
49475
50038
51192
51007
49653
49290
47644
50006
50876
49511
50296
50787
49293
50105
51297
50641
50622
51175
48140
49691
50248
51782
49745
50662
48220
49830
48824
47303
49199
49428
51249
51497
47849
47175
50882
46742
49363
50116
50275
50082
51985
50298
49944
48704
49905
51870
49556
49531
49670
51683
49396
50576
50958
49562
50262
51904
50106
49872
49994
48641
47992
50265
49938
48882
47753
48183
50726
49737
50695
49864
52078
50220
49306
50614
51439
51682
51061
49962
49377
50357
51393
49602
48607
50619
50625
50199
52062
50206
50381
49429
50427
52177
50204
50034
49351
50823
50326
48832
49830
49903
49907
48568
49278
47805
50212
48147
50924
49897
50483
50777
50483
50652
49859
49460
51902
49005
48628
50551
50303
49224
50401
48722
50350
50818
49592
48430
50765
48952
50386
51050
50796
48533
49658
50251
50090
49924
50292
50700
49533
51351
51442
48905
51153
49887
51957
48668
50083
48821
50596
51264
52073
48676
50518
51176
50933
48235
50674
49938
50056
51525
49961
48447
51674
50945
50599
50540
51087
49349
49597
48386
50012
48912
48529
48974
51499
47682
50793
48480
49756
50477
49437
49562
51306
50261
49344
50831
50416
49162
49554
49443
49538
48435
50895
51177
49582
49792
51244
50481
50370
50574
51355
49713
51663
49066
48971
49853
50579
49952
48811
50212
51356
48194
49864
51549
50314
49804
51858
50669
47964
48893
51634
50379
49024
49006
51018
49212
49573
51049
50404
50944
48388
50363
48762
50533
49521
48361
48242
49437
50794
48902
49005
50725
50960
49327
49610
50796
48796
49145
50379
49118
50931
51452
51157
50150
51868
50706
49792
49592
51333
49425
50396
49915
48926
49590
51599
50297
50263
49299
50430
51083
49287
49897
49313
49543
50068
51079
49690
50693
51547
50883
50671
50395
50726
49613
49292
50166
49761
49464
50295
49883
48275
50450
49472
49590
49770
49150
50064
49550
49842
49478
49168
48882
50198
50860
50162
49951
51701
48544
50727
48645
48576
51294
49808
50941
49575
49907
50780
50058
48244
48809
50270
50242
50656
49963
50444
50281
50264
49413
49721
50103
49486
49410
52732
48235
50514
50398
52339
51569
50719
49003
48688
50259
51083
49170
49870
50197
49515
49295
50293
50723
48605
49101
48165
49539
48631
49911
48745
50369
49615
50678
48774
50089
48185
51454
51568
53270
50364
50316
49651
51659
49176
50256
49862
50284
51119
48973
51907
51908
50799
50942
48679
50262
47648
51033
51296
49357
49035
49959
49626
49336
49693
48233
48087
49525
49882
51244
50453
49767
51123
48753
50056
49156
49486
50069
50485
50389
48387
50174
50250
48485
49933
50009
49593
51376
51335
48100
51232
50476
49792
50539
51603
51380
47576
49350
49282
51039
50618
50403
50070
51304
49640
50868
48878
50070
48262
49468
49960
49038
50161
48767
49961
51836
50880
50832
47628
49739
50082
50514
50270
52084
50190
49262
49606
51673
48580
51142
50212
49026
48309
50734
51268
48904
49364
49052
49658
49763
50946
51417
49999
49667
50246
51067
48629
50915
50863
49967
49777
49388
50387
49284
49996
49884
50221
48057
48955
51081
48658
50436
49523
50658
50920
47673
49921
50740
49229
50179
50361
51562
48602
49390
51013
49668
52247
50212
49074
49578
49966
51426
50991
50950
49715
50226
49950
49319
48338
51539
49462
52137
50167
50499
50083
50584
50316
50019
52446
51105
50228
48806
48647
49123
52726
48786
51063
50317
49692
50567
49265
49275
50616
51344
47739
50698
51961
48278
49231
50328
49493
48981
49832
49729
50626
48526
48141
49533
49200
50325
48981
49990
50245
51990
48549
49304
49665
51331
47879
49233
49616
50801
49327
50901
51141
50770
50259
51331
50448
49825
50319
50583
49197
50368
48632
49361
51201
50583
50261
49134
49353
51108
49086
51357
50254
48998
49418
48811
49525
50708
49654
49620
52105
49811
49770
49293
47874
49740
50915
47076
49089
49816
48875
49735
48979
49473
50619
49897
47706
48902
51345
48542
49118
49620
50889
50387
48899
49754
48995
50867
50167
48548
50943
49809
50079
49402
49070
51123
50825
49554
50736
51826
50706
49370
49390
49404
50372
48917
49301
49514
48879
50473
49661
50522
49791
49980
51567
48978
49547
50191
50644
49971
49922
49452
49938
47648
47949
51282
52258
49048
50835
48926
49860
51207
51776
50585
49253
49465
50203
49160
49739
50797
51133
49137
49916
50378
49408
50076
49006
50979
52207
50151
50199
49851
49763
49997
49154
48583
49537
50998
50694
48493
51649
49850
51022
49680
49496
50719
50739
49814
49370
51341
51156
49485
50307
50451
48889
48591
50319
48570
50319
50131
48986
51411
50384
50195
51377
50038
50541
48542
52050
50426
50487
51048
50266
49628
49507
49681
48617
50701
51353
50019
49893
49848
50534
48887
51319
49438
50961
48660
50691
51393
50260
50428
50822
50286
50511
49546
49038
50283
49561
50040
50119
50915
51162
49874
49753
50907
51210
48198
50137
48860
49282
51450
50921
50982
49629
48538
48010
46861
48746
47601
50691
49613
49650
50933
50061
48220
49909
50285
49398
49480
50655
48037
49779
49213
50925
49772
48858
49735
50041
51302
50247
49783
50715
49787
48508
50073
49694
49848
48599
51121
50136
49554
49277
49763
49164
49265
48446
48899
47573
50863
49736
50669
50712
50648
48052
50428
51393
49670
47757
51415
49867
51002
50620
51683
48687
50690
51080
49765
50761
50049
51449
49811
50997
49576
48313
48471
49772
50164
49164
50376
49996
49483
51650
50878
49801
50209
49393
50109
48439
50278
49448
52271
49224
51488
50926
48825
50046
48332
49518
49046
48984
49099
50283
49367
49597
50607
49523
50504
50966
49479
51736
50926
48791
49719
49224
51115
50204
50032
51313
48817
48866
50110
50542
48176
52430
50103
48862
49901
49193
50406
49671
50084
49078
51344
48973
50622
48895
51971
48823
51614
49125
50574
49726
50771
48570
48665
51163
49458
50485
49229
51055
49522
50813
49685
51476
49544
50512
50639
48911
49110
51149
47993
50919
48459
49466
48465
48101
51701
49670
51549
49207
51294
49215
49985
49064
51269
50434
49286
49648
50267
48690
51464
49234
49307
50076
48499
49486
50323
51183
48726
49153
48321
49368
49136
49036
48758
48590
50591
50299
50718
48818
50665
51412
50672
50978
48956
48732
50012
49872
49762
51373
48529
51829
50429
50538
49938
49825
52001
50725
48793
50195
49510
49213
49824
50616
50340
48571
49224
48835
50264
50668
49545
48594
49251
49493
49616
51284
50636
48760
50555
51614
49772
48140
49136
49559
51077
50098
49912
49274
50656
49933
50087
49317
49707
48186
50002
50856
50398
50788
50282
49535
50631
49597
49611
48990
49618
49525
50234
50305
50507
48709
49747
49302
50058
49122
50539
49464
49602
49686
51092
48736
50640
50969
49515
49496
51926
50327
51126
51136
49393
48967
50345
50205
48851
50250
49747
49645
48236
49592
48371
49494
49768
51582
50172
49701
49115
49816
51002
50481
50892
49301
49533
50929
50788
49937
50693
49703
50974
48604
51140
50115
50020
46877
49417
49764
50899
51511
50077
49954
50282
48202
49450
49460
49346
50690
48823
48510
50253
51052
51243
53447
51908
47497
50353
47626
49547
49092
50673
49056
50471
52745
49892
50204
49428
49631
50898
51117
49312
49355
49807
50000
51439
50216
50635
48964
49302
50471
49064
50657
48007
50094
50611
50569
47919
49112
51600
51327
49417
52057
51675
49268
49254
48014
47865
48770
51165
50317
48028
50722
48076
49350
49768
49197
49416
49806
51236
49961
52996
49955
49655
50407
49749
50874
49364
50538
48813
50099
49691
52559
48865
51184
47664
48649
51583
52029
50390
49583
50005
51540
51402
50022
51774
49545
50321
49726
51165
49016
49217
50582
49002
48776
50087
50487
50174
50378
52406
48715
51043
49856
50505
49074
50207
48873
48850
49821
49955
48811
48694
50415
50633
50267
48941
49186
48884
49918
51405
50482
49436
49863
50651
49171
48432
49009
48034
49610
49273
50106
50563
50402
48001
49832
49800
49617
50163
50454
49961
48023
49347
51330
50949
51484
50137
50289
49920
49356
50482
50700
51016
50123
50605
50210
49813
49784
50532
49859
49561
49985
51565
50969
48201
49406
49614
51504
48655
49867
49993
50324
49646
49816
47481
48751
51687
50062
48993
50218
50728
50595
51292
49625
49558
50018
51618
48946
48576
50948
50041
50678
49481
49695
50238
49978
50872
50916
50863
49010
49624
48750
50425
48638
48936
49065
51643
51108
50093
49434
51409
49733
49014
48708
50505
49552
48943
48419
48783
50272
50100
50296
51293
50266
50813
50141
48398
50642
50435
49383
49165
51246
50954
51122
51188
49821
49903
50115
50118
48603
48578
49445
51668
49225
51061
49682
50152
48895
49584
50990
49448
49308
47308
51686
50017
50156
47863
49574
51427
50695
49531
49354
49536
51990
50968
49713
49757
50845
50192
49089
50650
51659
48954
48730
49753
49422
49220
49426
49025
50072
50222
49942
51957
49233
48381
50271
51491
48049
49381
48356
48286
49539
50149
49008
50774
50142
51773
49243
49096
50006
50284
49586
50016
49709
50084
49452
51275
49694
51057
50964
50218
47517
49790
52110
48167
50112
52781
49024
49138
48641
51024
50035
48500
49375
49551
47838
50285
48639
51438
50599
49987
49285
51091
50441
49283
49498
50597
50621
50382
50031
48870
50356
52001
48933
49254
49212
49133
49944
50145
50231
51642
50925
49002
51455
50263
49145
49866
48268
49507
50537
50117
50020
49578
50328
51572
51177
49709
48818
51655
50526
50223
51017
50805
50113
49639
49094
49644
49736
48967
50982
49020
50573
50522
52095
50241
48887
48253
50820
50747
51517
49808
50334
49016
50360
50791
49398
49508
50658
49820
49537
49521
51005
49783
50783
51406
49310
48998
50474
49763
48766
50499
50513
50662
50063
49765
48527
50361
48888
51506
50632
48786
49555
48428
49025
49695
50272
50596
49894
50874
50196
49017
49503
49929
50737
50672
50304
49689
48796
49760
50637
49841
50333
50805
51007
50470
50804
51465
51224
49732
49994
51387
50427
50139
52041
48721
51666
50135
50574
49613
50439
49840
50010
49632
50358
51156
49496
49488
51547
49753
51096
49474
50808
50391
49464
48605
50578
49960
48567
50034
50578
51597
49450
51126
49576
50462
51306
50542
51359
49585
50024
49899
49665
51059
51199
50052
49838
49964
49472
51715
50561
49141
49567
51089
48631
50832
52196
49191
50498
51419
49153
49465
50931
50776
49882
51686
48363
48738
49578
50976
50980
49917
50298
50603
51406
48755
49024
52418
48796
49126
49172
48979
49787
47938
50970
50436
50490
52443
50480
49637
49666
49701
50551
51242
50303
50742
50100
52224
51651
49140
49906
48902
50304
49082
50894
51035
49461
50188
51196
50512
49730
51599
50329
48310
52270
48798
50593
49778
49885
50861
50325
49773
48848
49167
51021
50947
51273
49058
50029
51060
50788
50327
49791
52168
49102
47779
48616
48860
50106
50149
52274
49176
49938
49654
51883
50184
49816
49743
50148
49501
49235
50642
49538
50576
49080
51520
50793
50896
48891
48266
49220
50850
49025
49657
49738
51220
49377
52120
50875
50385
49098
50023
49724
50357
51114
51440
50950
49798
49967
50980
50799
49769
49027
49846
48209
51227
49962
49729
48924
50019
51134
50069
49571
51567
50022
50682
48013
50520
49968
50431
48746
51011
49819
50353
49541
49413
49523
48595
48302
49866
47990
50463
49541
52104
50402
50422
49711
50065
50866
49737
49744
50006
49957
51020
49856
51081
49031
51385
49934
51213
48419
49937
50424
50039
50328
48704
48729
50553
49591
48435
50934
49979
49288
49815
50571
49066
49469
48516
49229
49703
51246
50361
49431
49729
48788
51014
50476
51485
49672
50806
51858
50838
47933
50583
50824
50596
48962
50246
49362
49786
49188
48826
50226
51112
51321
51885
48950
51247
48936
50824
49270
49037
50293
49672
50755
50739
49349
50243
48968
48550
50404
47915
47696
51180
49860
51324
50999
49990
49384
50134
49956
48562
50249
50255
50910
50853
48661
51491
51257
49622
50536
50226
47417
48735
50038
49137
50252
49762
50436
50159
51057
50181
51211
48636
49198
50719
50747
48974
49063
50831
49033
49367
50577
50531
49797
48020
50114
49829
48673
50696
51707
50147
51063
49978
50624
52405
51231
49603
50041
49070
52020
49782
49436
50596
50539
50713
52292
47649
50267
49679
48052
51212
51506
50219
50583
50977
50251
50687
50310
49584
49067
49477
50569
50789
50400
49089
50739
47848
51245
50549
50274
50054
51300
49339
51967
49303
51204
49516
50386
48804
52216
49900
50829
48382
50090
50816
50512
50466
49061
49578
49238
50202
52282
51655
50566
49918
49412
51695
49662
48853
49538
49971
50384
48737
49945
49886
50668
50202
51499
47652
49775
50778
49458
50411
50895
48488
50820
51131
49079
48968
49617
49449
50463
51394
50425
49735
50020
49951
48832
50328
51348
49161
48720
47979
49919
49189
51103
51314
48821
50880
50615
50208
48024
49327
52018
49269
49739
50009
48780
48922
50803
50497
49546
50252
50536
49684
50356
50123
51468
50470
50399
50644
50756
51319
50595
49898
51110
49382
50620
49096
49283
48847
50783
48167
49108
48897
52453
48924
50695
49166
47748
49199
50948
49797
50556
50254
49914
49133
49572
50963
48772
48799
50842
50956
50087
50681
49093
49754
50189
49740
52269
49422
49303
50913
49723
50700
50886
49607
50025
50305
47525
49644
50186
48950
51057
48933
49446
49210
49847
49270
49307
51163
49392
50388
49305
48340
51152
49420
49938
50964
50546
49851
50989
51162
49094
50955
50590
49864
48906
50324
49695
48172
50811
48992
50820
51547
50737
50584
50405
49718
50778
49115
51975
50413
49960
51735
50778
48370
50812
49378
50024
50160
47987
50383
49732
51173
49887
49633
52098
50534
50404
51191
49179
51937
51263
51274
50992
50001
49636
48899
49898
50375
49787
49273
49224
50353
48959
49913
48946
49621
48319
47971
49796
49932
50294
49817
51131
50226
48974
50630
51304
49003
48905
50069
50290
51400
49899
50834
49876
47989
49679
50638
49072
49341
51284
49591
49810
49327
49511
49867
51163
49346
51286
48793
49915
51353
49599
49568
49973
48506
49766
50538
50574
51698
50912
48835
48506
49113
48012
49051
49615
51967
50575
47956
48623
51679
50065
50826
50217
50270
50905
49254
48501
48714
48572
50035
50335
50997
49354
50165
50188
49006
50749
50205
48956
49478
51044
49111
48888
50601
48642
49108
47899
48013
49749
49717
50351
49604
48361
49842
50566
50141
48486
48868
50439
51741
52810
49499
49224
50831
51966
50061
50180
49943
49145
48078
49772
48349
50772
48014
49076
50616
48890
50485
51156
49007
51206
49197
50085
49731
52010
51346
49524
49958
49938
49615
51718
50100
49884
49333
50916
48901
48485
48898
50442
51337
49940
49146
49282
49881
51442
49596
49232
50899
49803
51061
51274
49200
48949
50929
50337
49966
50160
49542
49325
50509
47497
49445
50592
50777
49708
50030
48614
51378
51085
50931
51466
50469
50971
50591
51258
50498
49110
51181
50012
51005
49815
51292
50454
51026
49444
50197
50398
50113
49637
51852
52908
50726
49947
50640
49538
49650
49449
49642
49839
51175
50024
49269
48677
49514
49040
49387
50126
51661
51199
49726
49106
49033
49943
48009
50724
50512
49693
52657
50847
50818
50245
49587
50569
51011
50454
51737
50121
50455
50115
51310
48474
49193
50107
50148
48413
49648
50978
49475
51438
50749
50057
49910
50528
50156
51219
48317
50050
48376
50721
49985
49429
48976
51596
50526
48984
49301
49508
48131
49486
50521
50342
48721
51266
49309
49433
50364
50329
50559
50390
49652
49871
49591
48828
51027
49326
49580
50114
50542
51233
50172
50122
49097
49318
49167
50418
49697
49037
49435
49862
48884
49624
49680
52151
49476
50369
49519
50009
50413
50367
51443
50257
49854
49030
50406
49717
50542
49807
50718
52208
51647
49771
50808
49964
50568
49141
48805
51369
47849
50663
50728
49486
51233
49413
50103
50909
50143
49272
49387
48623
50763
50816
49588
51507
50776
48938
48827
49441
50454
48477
50835
48931
51215
49973
48806
50634
49539
50797
50905
49418
48711
49026
49797
50308
50587
50062
49329
49611
49858
51610
48053
50833
48589
53089
49732
51493
49753
48692
51031
50228
49700
50123
48180
49909
49906
49550
48170
47715
48895
50535
48224
50548
48413
51764
51747
52084
50058
49433
49879
49677
50823
49276
51807
51428
49633
51021
50086
48588
51551
51346
50154
50307
50368
49903
50904
50589
52306
48996
49230
50116
50412
50557
51554
51539
49125
50028
50252
50243
49853
50778
48416
48777
48556
50134
49584
49200
50685
48505
49717
50985
50144
49422
49629
50129
49922
50521
51283
50157
50467
49187
52093
47840
50872
50328
51650
51074
49416
51741
51309
49658
50067
50052
49216
50248
49096
51701
49638
50381
50538
49260
49493
49088
50265
50593
51782
49531
50449
49561
49808
48933
49448
50037
49564
51608
50973
49937
50167
50158
51214
49963
49553
49060
50727
50292
50211
50021
50562
50717
51563
50930
51861
49521
49607
51242
50098
49943
50352
50388
48099
49038
49530
51758
49294
51097
47567
50236
47955
50252
50593
50975
49892
49450
51875
48666
48423
48810
49380
50237
50904
52231
50521
49544
50515
49235
49938
50063
50153
50624
49562
50565
49113
51197
47734
51948
50340
49264
50653
50822
50026
48777
48811
49958
49537
49031
49415
50582
49220
50921
48513
48596
51332
49428
51182
50205
50146
50425
49151
50884
51072
49344
49313
50201
49169
49696
50802
48782
51189
50695
49413
47768
51468
50558
49378
50894
49447
49860
49408
49461
50297
49239
49565
50813
50985
49292
49862
49380
48780
51743
49705
47750
50099
51287
49958
50175
48934
49868
50927
51660
50213
49666
49576
49192
50570
51652
49997
49388
50615
49232
48450
49586
49510
50782
50302
50440
51207
51364
49226
50438
48244
50736
49950
50689
50151
51772
49526
49937
49532
50643
49798
49309
50078
51588
50151
49308
47648
49334
51135
49692
49717
50520
50554
50194
48653
48763
51486
51429
48661
49379
49784
49818
48076
49662
49960
49474
49602
51257
49830
49871
50106
51333
48587
49811
48775
49881
52193
52331
51184
48796
50352
50071
51578
48992
50769
49515
51649
50578
49359
48373
50272
48860
50579
50310
49733
49182
48211
50197
48972
51135
50578
49893
50161
48643
50023
48682
52160
49883
51080
51117
51192
49349
48174
49687
51389
50321
51990
51371
50118
51135
48653
50125
49800
50652
49839
49885
49633
50719
48991
51542
48833
49879
49103
50234
50684
49915
49605
50405
49738
51348
49296
50005
49888
50038
50860
50391
51882
50524
50693
48918
50945
51545
50268
50135
49987
49860
52189
50293
48971
50637
50167
49189
50712
49887
49359
51175
49245
48607
50929
50167
49564
49981
49559
49708
50233
48940
51386
49925
48292
49498
50482
49204
48714
48244
51242
49381
51026
49852
50000
52490
51039
48055
47865
50664
48888
48857
49178
48629
52074
50458
47486
50153
49668
50360
49087
50256
49586
50001
49401
51176
48751
49343
49696
49999
49406
50357
50079
49565
50832
48759
49248
48433
50021
51056
49964
50732
48969
49097
47930
50179
48979
50939
50499
49923
49482
51769
48607
48876
50719
50935
51209
49848
50208
48374
50264
49508
48825
48220
49564
49563
50940
49060
48428
48631
50461
50723
50115
48780
50256
50058
50948
49562
51691
49691
49770
52674
50351
51080
51122
50352
49459
49435
49135
51483
48399
50669
49955
48936
49997
49726
49932
50710
51985
49238
50471
51672
48579
49256
50302
50175
50473
50672
49178
49953
49641
48689
49567
49403
47964
50570
48165
50423
50540
50976
48644
50238
49628
49989
49203
52165
51365
51622
50129
50617
49197
51270
51861
49104
49084
48902
50210
50237
50329
50792
50863
48948
51093
48777
49524
50135
49560
48835
50696
49848
49407
49645
50275
50571
49174
50608
50185
49720
50263
49647
49219
51131
49278
52338
49768
50940
51901
50155
50041
49038
51316
51268
48802
48773
50222
50767
50530
51239
51771
50925
49968
49928
49290
51256
48640
51248
49772
48676
49987
50257
50728
50338
50135
49487
50636
49677
51544
46305
49499
49976
50227
50764
51528
51435
50128
49562
49118
49786
50073
50701
48892
49842
50910
50296
49376
49650
51361
49490
50520
51992
49887
48658
50261
51652
52361
49101
49636
50339
49096
48204
49110
48408
49925
50433
50602
50682
49518
49432
50305
49615
48322
50117
49416
49667
49668
50748
49968
50063
51719
49901
49315
49440
51765
50681
50229
49971
51174
49104
47626
49178
50525
50386
47985
50991
48922
48871
49828
50580
49529
49146
50425
51172
50063
50502
51141
51205
49314
49488
50487
50869
48659
51316
47980
50003
49829
48791
50986
49094
50181
49799
50383
50743
48715
49664
50044
49612
51004
48694
50740
50347
49635
49338
50852
50206
51728
50658
49620
48596
49477
50661
49256
49728
50281
50457
49658
50069
50049
49967
49714
48048
51460
50820
47584
48609
49151
48024
50911
50980
50158
51865
50209
51227
48616
50201
48714
49766
49301
50270
49774
51220
50078
50171
49987
51095
49570
50944
48974
49225
49459
49135
50361
51176
50579
49564
50719
50352
48868
47487
50223
49914
49931
49048
49554
50201
48472
50340
49135
50464
50646
49655
50082
50784
50031
51078
49867
50711
50466
51345
50325
49465
49494
51170
49071
48647
49719
49197
51588
50896
51020
48557
49224
51408
49089
49719
50999
50108
49082
50763
48901
50125
50975
49096
50087
51206
47791
50083
48325
49137
50381
50647
49490
50420
49463
50757
49423
49779
49950
51311
49656
50407
49789
53300
50848
52072
50330
49175
49031
48888
48698
47569
46766
48253
50075
49062
51000
49583
49506
50781
48891
51846
49467
48871
49759
51240
48378
49144
51231
48595
51098
51336
49949
49428
51725
51085
48291
49735
51326
48590
51454
50710
49622
50583
49096
50534
50917
50518
48812
49355
49249
49919
49771
50925
51396
49971
50298
50705
50640
49720
50235
50842
47039
51085
50650
50228
50347
50301
47811
48444
49324
49587
53567
48572
50795
49329
50521
50412
49354
49791
51527
51565
51083
50219
48623
50374
51144
50226
49888
50433
49328
49401
49196
49146
50098
48521
50980
49104
51147
50334
52014
49908
49698
49010
48838
48234
50570
48917
48957
48831
50957
50057
50799
48566
49641
49483
50165
50812
51016
50720
50796
49686
48978
49144
48988
49480
50555
52432
50879
50012
50526
50684
49254
49740
49218
51335
51339
51885
49110
48541
47034
51118
51526
49581
49766
49647
49520
48674
50190
49315
51241
49907
49720
49524
50363
49637
50015
51564
49283
51345
51345
49417
51485
49036
47654
48817
51555
51515
50494
49286
49827
51160
50142
51254
48698
49088
49497
49364
51017
49497
51952
48250
48919
49359
50522
50933
51522
48229
50379
49221
50000
48527
50288
50279
49987
49527
48765
50471
48468
51276
50023
49024
48288
50142
50311
50453
49574
49749
50358
49456
48831
49944
49698
51635
50384
48613
47909
50256
50669
50168
48515
50956
50796
50838
49402
51024
50581
49935
50886
50148
49990
49992
48835
49789
49759
48916
51362
51844
51341
47985
49414
51085
48948
48612
50634
50789
50448
50176
50250
51421
50088
48971
50830
51009
51065
49929
48683
51187
48602
49628
50114
50828
49353
50592
50929
49556
50066
48313
49806
49528
48835
49409
50911
49249
50726
49954
49813
49387
49159
49855
49157
50046
49208
50910
51483
49951
52300
48830
50621
51048
50617
49630
48165
51055
49486
49692
50202
50229
50400
50488
48887
48158
48738
47765
52342
51213
50460
50389
49365
49001
50440
49209
50445
50338
49786
52692
48866
50694
49861
50518
49975
49793
50575
49276
50471
48442
51501
51540
50539
48405
51814
50675
50132
50524
50008
50820
51243
50379
50897
49542
48848
51653
49593
49619
49937
50054
48927
49939
48293
48730
50662
50358
50198
50162
49903
48849
48993
49797
50496
51280
49473
48116
50309
50170
49894
50636
48915
48651
49689
49815
50411
51026
50204
48439
48893
48713
49055
49138
50161
50580
50547
50656
47300
50797
50458
48436
50193
49694
51256
49571
49964
50030
50207
49075
47372
50215
50466
50241
50991
49589
48546
51459
50361
51816
52259
50008
49297
51036
51749
48902
49526
50491
50786
52123
49011
50281
50103
49356
49922
49806
49699
49373
50051
49102
51126
51089
51541
52277
50457
51062
49604
48839
50144
49997
51312
50904
48722
50875
48517
48137
48866
49551
49919
50682
51080
51146
50311
49578
49614
49484
48774
49216
52323
50734
49591
51538
49047
50184
49391
50312
50609
50113
49665
50208
48878
50085
49798
49837
50748
51589
50113
50953
50905
48967
49568
48656
50909
50828
50388
49221
49708
49649
49147
50389
50369
51076
49631
50784
48983
49290
51012
49823
48166
50663
49905
49234
48431
50443
49246
49164
47775
50603
51667
49797
48142
49367
50688
50095
50507
49791
50298
50819
51074
49675
49797
50875
50942
50668
50234
48631
51361
48862
50521
53826
48730
49590
50121
49461
50028
49780
49985
51514
50777
51153
49654
50884
51338
50846
49784
50003
49906
51480
49873
52504
50707
51919
49365
47859
49890
48962
50385
49077
49510
50728
47906
50787
50613
48345
50253
51043
50579
49278
48890
49885
50658
48852
50576
48391
50902
49915
50461
49214
49126
50175
48719
48470
50642
49359
48932
50247
49166
49815
47384
48978
50240
49060
49429
49801
50523
48084
49278
49629
50753
49146
50762
50045
48878
48633
47264
49153
51379
49678
49467
49591
50196
48563
51427
52276
50620
50723
50436
49886
49329
48178
49037
49832
49299
50135
48646
49376
49810
51762
48816
52372
50141
50008
49118
51775
50810
50854
49531
49663
50355
48243
50317
51084
51821
49552
50020
50088
49747
48470
48891
49890
50627
49676
50023
50026
49845
48449
50972
49306
50783
49705
48355
49377
50271
50862
49609
50888
50382
49886
50290
51125
51120
49719
49266
51655
50900
49215
48611
49240
49760
50105
50021
50085
50663
51594
49126
50954
49405
47913
49093
52399
49787
50452
50284
49480
47331
49970
49891
49443
52437
49222
50891
49145
51262
51625
50568
51308
49536
49573
52273
48848
52941
50206
50042
50086
50362
48362
49031
50771
50230
50019
51508
50367
47740
48860
50113
49607
49612
48784
48365
47461
50537
50849
48224
48600
47803
49709
50280
48941
48967
48687
50827
50091
50438
51014
48584
50621
48272
49919
50079
49168
50800
50368
49213
51839
48860
50892
49718
50678
49909
50705
50031
48506
49162
50656
50012
50795
49640
49905
50154
49376
48739
50512
50247
49203
50718
50565
49329
50645
50419
49413
50257
48950
50271
52505
49522
48787
50034
49192
50038
51164
49276
47742
49250
50309
47746
48928
48274
51742
50223
49995
51136
48932
50614
51491
50366
51783
49319
49356
50749
49070
50225
48727
50063
50467
49842
50865
48979
50007
50576
50106
51108
49445
51384
51745
50166
48413
49933
50295
50139
49713
50670
51088
50306
50798
51661
49051
52197
50003
49738
51727
52075
48515
51284
48780
50445
49489
50407
49764
51631
50843
50297
50121
49769
50056
51049
50938
50215
50384
51798
51482
48338
51665
51825
49355
51135
50338
50284
50279
51125
50457
50240
49428
51517
51061
50578
48679
50638
49590
50547
49633
49536
51309
49920
48878
48539
50290
49303
50631
48356
49471
51416
49049
50261
50722
48105
50832
49802
49959
49790
50151
50205
52393
50449
49264
50132
52688
49286
49359
51683
48795
50780
49065
50236
49201
47787
50812
48727
49124
48874
50359
50077
50457
50938
49042
48816
51512
50620
48972
49870
48890
51088
49942
50405
49474
49753
50514
49189
50439
48968
50407
49641
49832
50316
51265
48678
48429
51799
49811
50796
50447
51734
51266
51211
49863
50745
50663
49341
49366
50271
50205
50789
49977
50336
51346
50098
49423
51890
50214
48985
50959
50917
49270
49902
51088
49084
50643
49903
50494
51030
51276
49525
49781
51356
49963
49981
50190
48216
49576
47966
48579
49444
50842
51995
50525
50186
51786
49498
47612
49866
50311
51460
50473
51973
49557
49990
50438
49213
51648
49969
50613
50103
49716
51171
49830
50722
49046
49382
49098
51114
50361
48927
50794
49963
49370
51274
51582
49562
48748
50049
50999
49913
51447
49421
51016
48457
48460
50829
50828
48943
49308
49530
51205
51337
50339
49182
49396
49718
51499
50835
48409
48005
50589
49816
50475
49529
50090
49842
50430
49976
49285
48656
48098
48053
48393
49425
49684
50250
51003
50548
50766
50228
49739
50462
49953
48966
49323
49587
50069
50016
50180
51585
49536
49757
50259
49412
48637
50245
49185
49188
50982
51276
49742
48711
52030
47899
50909
47670
51788
51272
50396
49942
49265
49712
49908
51144
50581
49702
50362
49873
51857
49564
48856
48562
50271
48904
49034
49907
48318
49465
49364
51143
51060
50065
50070
50743
49517
51271
48984
49634
49478
50075
50212
48928
50990
50543
49577
48011
50155
50158
51289
49639
49235
48729
50855
51005
50737
49866
49685
49150
50644
50874
50553
50533
48931
48710
49421
49773
50889
49311
49805
50364
48778
50521
50657
50248
50421
49066
49780
49671
50765
48209
49063
49581
49500
49888
51545
50074
51407
48995
50013
50425
48648
49856
48519
49508
51203
51004
51167
49187
49960
49872
48821
49602
48164
50970
50126
50306
50189
49328
49600
50288
50776
51320
51221
49425
49806
50223
50026
50549
48732
53030
51009
49583
50545
50824
47931
49946
50558
51524
49794
49950
51240
51124
49660
49195
48967
49558
49559
50828
49478
49376
51888
50241
50615
48764
49574
50929
48829
51309
49571
50836
49533
50625
48888
49308
49452
52080
51073
48701
51860
50857
49279
47567
49072
50544
48392
48316
50369
51689
48497
50359
49281
49153
47468
51687
49756
49709
49291
49900
50160
48542
50792
49968
49376
52192
48933
50723
50935
49816
48796
49892
49425
50311
49726
51303
49637
49050
49226
50002
49669
51262
50449
48666
50290
49662
48857
49296
50038
51413
48526
49092
49707
49986
50299
48754
48206
49690
49533
50869
50222
51445
51641
48975
51170
49622
51063
50325
48783
50096
50375
49851
51164
51787
51672
49806
50558
52435
47983
49900
50861
49202
51163
49624
49833
50809
50751
50549
48260
49836
49271
51569
50275
49923
50380
49434
50196
50183
50527
49862
50176
49300
49194
49508
50961
49580
52014
49883
51626
51461
48620
50644
49637
48231
51251
47929
50964
49175
51542
50136
48939
50772
49967
49399
51260
50833
49748
49463
51911
48810
50281
50145
49600
49288
48452
49328
49377
51131
50908
47906
50299
51024
49360
50569
47684
49982
50543
49056
50230
50161
49973
49805
50966
49374
48953
50499
50292
49972
52022
50049
51412
49632
51356
49681
49811
51432
49144
48489
50061
49742
51423
49137
49288
50916
49096
50418
49829
50125
51205
49192
50562
49457
51654
50020
51009
52601
49488
49915
49181
50787
49964
47547
51118
49886
51469
48405
47961
50353
48702
51513
50699
51246
50606
52312
48670
50280
51619
51385
50075
49340
49927
51118
51682
49418
49370
48514
49313
48823
48535
51321
49685
48715
49248
51818
48311
50065
49138
50313
51583
47712
51550
49058
48284
47780
50909
49627
48897
48274
50167
49140
49342
49595
49100
50532
49289
48798
49453
51655
48971
50500
49741
51695
49270
48742
47711
51469
49826
48845
46501
49566
47964
50577
50463
49556
50252
49093
49432
50104
51002
50890
50338
50958
49350
49066
49909
50219
48793
50082
50123
50471
48886
48613
48358
49557
50541
49432
50610
47707
49285
47855
48307
48230
50311
48114
50060
49092
52559
50781
49776
50512
50606
51108
47531
49946
49589
48214
50021
49564
49218
48735
48230
50115
50811
50900
50698
50995
50271
49799
52360
51158
50201
50176
50893
47197
50610
50692
48094
49925
51278
49011
48555
50252
50717
49794
49947
50999
51525
48734
50419
51959
49375
49411
50734
49407
50311
49998
49907
50665
49176
51084
49030
50991
50769
49732
51134
50949
51855
51400
50794
50327
49312
49156
50536
50523
50212
48831
52630
49889
48951
50531
49902
49077
48842
49664
50373
52158
49551
49330
48200
49915
50971
50607
49555
53023
50962
51180
49671
50501
47980
50027
50216
50658
49835
50227
49405
47820
49994
51428
48342
50832
50297
49145
49044
52054
47551
51036
51174
49857
51048
48113
49078
49514
50928
49056
50202
51350
50769
50861
48981
51293
50625
48795
51225
48739
49470
50624
48694
49292
50571
52311
49750
49944
49118
50194
50970
49565
51682
50005
50259
48450
51041
49457
49562
51375
51200
49901
50254
50449
50867
49980
49766
50073
49645
49915
50278
49119
48954
50873
48699
49869
50338
49743
51186
50749
49838
51872
49905
51434
49356
49738
50472
49420
50086
49989
49652
50428
50723
48154
49547
49596
50308
49133
52832
50176
49065
50133
48875
50055
50965
51654
50228
49133
49445
51864
51542
49518
48662
49608
47297
49856
52057
50447
50154
49685
48880
50964
50659
50388
50712
50719
50632
50076
50398
49521
50792
50479
50973
49469
50629
49533
49600
50506
49383
48497
49727
50643
51399
51155
50841
50118
50668
48397
49880
50057
48918
50062
51844
49937
49741
49394
51105
50927
51139
48361
51447
50000
51761
48116
50672
50117
49510
48622
50725
49306
49803
50827
48708
49734
48775
52442
50225
51291
52393
49596
50981
51058
49496
49974
49281
50409
49184
51669
49659
50099
49027
49517
50658
50003
49882
50912
50249
48924
50250
48394
50081
48730
50031
49798
50432
49277
50020
48284
50595
50108
50233
51519
49162
50425
50092
50123
49837
51266
50632
49400
51395
49488
47635
50963
50555
49777
50870
49819
49339
49712
49835
49838
51686
50079
50807
48991
50920
49914
53796
50812
51859
48683
50061
49781
50868
50024
52144
49821
50837
50282
48218
49641
51212
48782
52901
50383
51750
48757
51138
51126
49572
50541
49897
49521
48350
50847
48898
49985
49174
48843
49935
50092
50130
49357
49789
49226
50885
50744
50267
49020
50063
50787
51756
49352
51172
49449
50071
49167
50572
50742
51360
50050
49970
51064
51038
50266
50268
50752
49921
48736
50014
49097
51211
51054
49967
49091
48818
49311
48083
50404
48803
48780
51122
50794
48366
49659
49502
50907
48038
48604
50744
50624
50081
51650
51634
49518
50154
50119
50401
49598
50155
50820
50358
51054
50837
51101
50899
49638
47844
50575
49761
49999
49335
49815
51404
50365
49382
49918
49339
49845
51172
50443
50359
49310
48605
50098
49866
49685
49913
49590
50375
50453
49711
48899
48854
50580
50337
50231
50259
51483
50087
49477
49496
50537
49384
50228
50228
50258
51159
50191
50325
50317
50147
51357
49942
52514
47080
49546
49546
50936
48622
50154
50253
50367
47641
51811
50184
50212
49212
50111
49719
48767
50383
49870
48981
50111
50072
49032
50655
48839
50255
49143
49350
50089
49467
49761
51325
49798
49973
48189
49288
50772
49278
49481
50706
49295
51191
50468
51181
49368
49383
49988
48493
49838
49967
52154
50659
51699
51025
47600
49782
50977
49743
50566
50123
50074
50632
50082
49980
51376
48701
49898
48992
50385
49835
48051
49961
50102
50953
51120
49489
48684
48537
50145
47975
50117
51548
49233
49063
49732
49742
50295
49446
48365
51004
51053
49198
53542
50204
50375
50914
50034
50101
50910
49386
51197
49868
49649
49167
50226
48598
51455
50699
49767
49112
48592
48980
49515
49328
49285
51579
50676
49214
49205
50860
48585
50611
50374
50887
49998
47156
49179
50587
50724
48684
49451
48689
49926
49502
48380
48515
48599
51099
50304
50624
50544
50988
51436
50576
48658
48228
51467
49405
48675
48744
52717
49751
50093
49976
48139
51564
48719
48536
48889
49967
50986
49889
49412
50502
50914
50534
50944
50182
48881
49377
51019
50560
49858
50033
51344
47973
49401
49972
49678
49695
49996
51465
50387
51584
48385
52909
50517
49489
50722
49367
49400
48015
50685
50536
51034
49506
50776
49853
51279
49558
51256
51842
50017
50000
49258
51290
50644
50154
49932
48970
50428
48873
49390
50591
49534
49089
48465
50419
48913
49512
49606
50902
50130
50432
49988
49699
49365
50834
49705
50929
50317
49809
49314
51040
50726
50229
49176
49591
50269
50459
49895
50066
52090
48001
50736
50184
49934
49907
50274
50856
49705
52812
50433
49914
50166
49390
49156
49678
48330
49829
49644
50613
49824
50805
50027
49242
49726
49349
49227
49939
51372
48849
52047
50494
49902
49661
50844
49468
50146
52534
49990
50558
52172
50177
50118
48461
48804
50644
49200
49720
49945
49149
49827
49339
49768
50324
51962
50393
49301
49271
49182
50461
49624
48767
50930
48862
51429
49604
48988
51167
48397
50439
50371
49676
48676
50555
49531
51340
49866
49934
50233
51575
50053
48702
50430
50741
49348
48831
48993
48766
50205
50252
51399
49494
49795
50430
48445
47922
50664
48081
50216
50177
49701
51662
51927
50108
49473
48299
49198
51382
52011
50242
49688
49886
49453
50202
49487
48524
50790
50446
50210
49249
48900
50483
50162
49753
49724
50965
50591
49197
48051
51594
49818
50268
49536
50186
50837
50395
51119
48978
50840
49727
50389
50590
49772
50213
51181
51178
49365
49821
49542
51184
47632
50832
49729
49702
49730
50733
50048
48591
50742
51111
50171
48900
49621
49506
51747
50322
48557
48702
49428
50716
51040
50654
50145
49873
49582
50158
50041
51092
51284
50573
48203
49113
50463
49018
51542
49567
47608
49704
47897
50152
51778
51204
51173
50855
50360
49793
50096
50232
51777
50657
49378
50543
47617
50158
48873
49733
50118
49101
49275
50957
50327
49663
51408
48749
48469
51972
51047
50286
50250
47555
50091
51054
49418
50186
49703
49618
49380
48496
50353
51448
49842
48587
49115
50018
48698
51500
50068
51229
50222
49510
48432
51036
49593
48062
50527
49759
49696
48697
49656
51990
49659
49611
50471
50024
49715
51396
50089
48270
51956
49055
48760
51142
48231
50629
51920
48334
47634
50080
51094
49317
49143
48712
49290
50274
50485
48944
50100
49060
50880
48691
51422
48197
50126
49364
48548
51056
52259
49759
48738
50872
49648
48849
51100
49716
47759
49878
47908
48816
51319
48971
50381
51200
50144
50071
50487
51029
50933
50312
52468
50552
50474
50284
50714
51935
49110
50377
50451
49604
50269
48311
50205
49612
51066
49160
50407
50580
50728
49479
50212
49325
50420
49975
49661
49828
50140
48020
50418
49400
49765
50291
49204
50562
51161
49699
49270
49807
50122
49710
48622
49328
50171
50096
49533
49024
48739
50383
52037
49366
51349
50495
48911
49393
49109
50266
50267
48926
50899
49265
50070
50155
50090
50455
49542
50751
51041
51391
50476
48680
50286
49830
49910
49694
50331
51458
50466
49911
50571
50892
51044
51047
48400
49651
50073
50038
48210
49439
49779
49439
49579
50567
49431
50423
50004
51491
49604
49605
50489
50272
49767
51146
49202
49916
51812
51676
51554
49587
49162
50988
50541
50743
51185
49994
49893
49398
49368
51344
49347
50650
49618
51704
49931
50891
49819
50376
50161
51601
49878
48515
50208
50979
50793
49279
51381
50745
50340
49948
49687
50603
50865
50008
50358
49591
49341
49321
48086
48197
48804
51203
49875
49483
47840
50114
50240
50936
50535
50231
51411
51117
50640
48614
49223
50697
50144
50032
48624
49481
50504
51421
48533
47338
51238
49272
51244
50746
49174
49601
49494
49860
49815
50196
49986
48883
49878
49108
49285
51295
50417
49541
49644
50011
50029
51533
49495
49512
50703
50443
50081
50068
52654
50137
50991
52459
50173
49414
50599
51017
49471
50126
50628
51257
48091
48669
49832
50379
50138
50388
49472
47956
50304
49193
48909
51966
50553
50668
50508
50603
47867
49669
50502
49722
50979
51031
50017
48954
49471
47573
51865
49122
48243
49831
49118
49917
51238
49675
50673
49007
50965
49832
50280
51657
48504
48991
49374
51662
51786
51977
49591
50524
50796
50294
48431
47677
49760
48934
49526
49705
49290
49796
49526
50471
49227
50107
51322
49308
49072
50123
50289
49971
50696
49179
50760
49613
50057
49360
49478
50543
48002
49710
49174
48318
50795
50284
50180
50992
49712
50639
49840
49002
50361
50674
49006
49647
51116
48403
49143
47963
49405
50113
51877
51906
47979
49098
48467
50319
49292
50272
51094
50282
49635
49771
50869
50154
47611
51593
49027
50382
51090
50896
47294
50371
49266
51323
48726
49287
50949
50137
49887
49917
50707
49961
51054
49324
49567
48748
50746
50052
51034
49361
48661
50912
49668
50641
50520
50353
50891
48944
51543
47958
49449
50878
49458
49861
49895
50338
49939
48900
50147
49332
50681
51587
49906
50472
49517
49237
49250
50942
48126
50981
52389
50890
50150
51725
50839
48159
48654
50438
50574
50017
48821
48852
49379
50111
50125
49466
49603
51825
49042
49368
50762
50829
50464
50681
50937
51088
50068
49900
50744
48269
49714
49694
50713
49496
50141
50213
49959
51275
51056
49660
49906
51102
50581
49119
51087
48704
49334
50516
50473
49270
50919
52969
50309
51583
51074
51554
51417
51217
50920
51240
51663
51175
50701
51646
50171
50153
50587
52260
50667
51580
50450
50015
50203
49899
49816
49821
49929
49703
49398
51662
50034
51274
49873
51317
49334
48821
50163
50302
50577
47290
49160
48800
51691
51519
50014
51765
50166
49351
49178
50966
50686
50596
49750
49811
50248
50106
49789
50140
49111
50317
51393
51637
51549
48897
50131
48199
49038
51983
50071
50385
49995
51674
49228
51040
51152
52107
49994
48122
50337
48123
49454
47613
50245
49731
50342
50064
48729
52160
49749
53252
50672
48365
52159
49381
49147
48974
49858
50650
50879
49328
48909
50190
49245
49122
50265
50817
50969
48600
48794
49131
48944
50819
47727
50805
51031
49623
49134
49570
50574
51350
50795
50276
50344
49173
50283
49299
48949
50066
50658
49890
50555
49784
48286
49612
50157
48701
50018
50775
50101
49207
51985
49151
50863
49548
49870
49409
49285
51860
50458
49632
50097
49565
51162
51744
48734
52321
49446
49634
52486
50232
49392
51565
50168
50475
49834
49017
49967
50599
48768
49621
48933
49997
50197
47398
48885
50036
50071
49385
50207
49989
51722
48687
49291
50644
48784
50085
48612
49540
50517
48812
51288
49948
49337
48359
49182
50373
50446
50409
49597
49787
50186
51333
50321
49569
50431
51282
50461
48847
49932
49485
50008
51516
51072
48522
49731
50948
48568
51037
50846
49145
50112
49289
49534
49124
49405
50856
49045
49181
51083
50746
49113
50039
50504
49592
50574
49219
50496
47999
50238
49310
50626
49601
50158
51357
49368
48895
49362
49732
49028
50596
49930
49740
51064
51173
48708
51205
49301
49565
49371
49923
49358
49308
48179
50565
49207
50259
50691
50768
49334
51213
49247
50987
49219
50216
47900
48684
51536
48421
50992
50529
51351
48908
49474
47719
50324
49383
49975
49075
49578
50408
50914
48517
49689
49653
49641
49243
49851
51520
50044
50185
50872
50507
50534
50119
51612
50969
50409
49572
49061
48793
49687
49594
50209
50361
51644
47906
52949
49697
47973
50195
51938
48578
48528
49984
49712
49854
49739
49323
50536
51789
46742
52137
49404
48641
47034
50003
50297
50531
49697
50555
50120
49473
51028
51649
48208
48932
49972
49932
49742
50750
50183
48910
49139
50341
50044
51364
48810
50970
50656
49568
49555
49974
50326
52071
49159
48623
50690
50409
49979
47984
51515
51373
50422
49121
50760
50007
51150
51007
50433
49094
49496
50490
48138
49777
48933
49606
48189
49711
50354
50236
48983
50474
49234
49600
50840
48745
50784
49610
50537
50009
51159
49823
49076
51140
49472
50208
48586
50654
49835
49615
48487
49565
50647
51634
48932
50171
49730
48583
51400
50151
50240
50135
50296
49306
50050
51117
51060
50274
50093
48480
50767
50585
48805
49067
49029
49956
48372
50215
50627
48441
50183
49492
48565
51265
49359
50712
48825
48131
50175
50610
47909
51887
48219
49172
51882
49524
49430
49121
51603
48711
50442
49897
49453
48786
49698
50664
50430
50033
50931
50421
51136
50256
50563
49433
49405
49599
50495
52020
50234
51713
50212
50928
50152
50124
50469
48987
49911
49800
50446
49862
51382
48763
49058
48333
52005
49864
49824
51216
50901
50548
51197
49253
50106
49341
49840
49997
50128
49473
49266
49733
48946
50047
51678
50547
48710
49848
49955
49483
49315
50957
50283
50011
49947
50015
49330
48316
49221
48880
50039
49881
48493
52040
50660
49715
47775
48607
48955
49397
49708
50304
50098
51508
50129
49870
49216
48693
51057
49539
51867
50157
49906
50057
49370
50302
50461
50628
51018
50253
50719
48572
48349
48532
50400
50778
50801
50001
49405
48477
49438
49512
50446
49354
47936
51018
51772
49717
49938
50014
51427
50561
50094
50243
49495
48944
49148
50610
50279
49700
48442
50190
49153
51359
51831
50597
48560
50348
51118
51790
49715
51268
50255
51527
48195
49545
49268
48915
49536
49770
50621
49183
51626
50160
49932
51031
49326
49805
50146
51670
49316
48538
50122
50538
47265
49996
49157
48554
49783
50833
49314
49154
50028
51915
50781
49919
51088
50250
49704
49528
49620
48837
47184
50851
50457
48692
47794
49957
50938
50206
51033
50998
50051
48558
48877
49759
50118
49980
48692
49107
50747
49135
51308
48864
48717
49596
50080
48364
50234
50317
50638
50066
48378
49320
50054
51126
51589
51740
51620
51611
50474
49914
49917
50431
52107
50562
49842
49498
48790
49683
49961
48580
49995
49462
49586
52325
50436
48497
50481
48972
50550
50656
47951
51442
50101
49604
48237
49688
49372
49455
47961
48967
49879
49215
50899
50346
51549
49969
50804
49954
49142
51545
50917
50815
49514
50431
50397
50292
48752
50498
50018
51806
51258
50940
46899
51863
51059
50732
48428
49679
49858
51004
50093
49436
49126
50436
51112
50486
49419
48325
51342
50463
51237
50565
49969
51053
49786
49369
50023
49822
50178
49968
49147
51129
50414
49368
49615
49910
48346
49946
49543
49358
47519
50147
49508
50719
50714
49102
50207
48698
50720
50118
49605
50755
49872
50186
50146
51132
48445
49201
49421
49103
50278
49609
50073
49457
51021
50523
48331
50931
48116
49468
48799
51585
48873
49967
50866
51102
49826
50670
50418
48225
48858
51356
47549
51462
49599
48570
47451
50617
49396
50812
49667
50471
48415
50797
47871
49800
49570
49498
50798
50451
50322
49832
50428
49240
48384
50865
50019
49808
50374
50777
50490
50600
48530
48804
50396
50695
49419
50872
49957
50432
49750
50665
49549
50075
50406
50529
49674
50747
49354
49124
49228
50170
50052
49706
50344
50506
49392
49661
50802
50937
51710
48702
49824
51285
49119
49476
50631
51050
49934
51862
49602
48760
49720
48892
50429
51261
49222
47825
49134
49214
49896
50544
49418
49491
49862
50285
49912
51158
48872
49700
51478
48831
49075
51299
50561
48773
52635
50394
51456
49312
51086
50274
48916
50126
49246
50522
49659
49363
50284
49190
49795
50504
52615
51499
50159
48388
50343
50502
51010
51353
51781
49893
49764
49621
48825
47685
49349
48621
50482
50257
49942
49628
48501
49207
49588
50869
48678
48733
49320
50391
49534
50036
49978
49631
49419
50288
50754
51724
50921
50301
49599
50621
49429
50872
50697
49725
48744
51369
51952
51353
48969
52044
46914
48724
49193
49861
50361
48933
49083
50974
51331
48061
47983
51976
52425
50618
49735
49528
49338
50147
48210
49814
47399
48576
49681
50719
50264
51480
49737
49115
49528
51367
50268
50505
48650
51157
48336
50115
48377
49715
50246
49478
51441
51536
49096
50787
50329
51967
50517
49375
50464
51072
48472
48746
50442
50075
50816
49750
51992
50765
50400
50200
50325
50959
50571
48018
50278
50268
50336
51104
49474
50998
50375
48929
49974
48824
49511
49600
48725
49606
49609
50046
50993
49124
50949
50219
48818
49760
50782
49478
49067
50569
50298
50940
50447
48955
50462
51785
49890
50667
51343
51050
48267
50146
49721
50559
48115
48561
50003
49379
50435
49705
50276
49000
50899
49559
49094
49698
51516
51909
50294
50893
49364
49405
49226
48905
50115
50690
50042
50478
50419
48376
51507
49301
50420
49324
48647
49706
49017
49828
48758
51606
49516
48479
50095
49622
51556
49795
48964
49251
49913
48673
51242
50409
50005
49678
49638
50547
50598
49983
48814
51880
49748
50893
50996
50041
53050
48092
50931
49059
49167
50367
48749
51156
50266
50827
49404
50770
49490
49152
50129
49965
51335
52528
48750
52022
49794
50439
50835
51481
49606
49625
49216
48591
50524
49035
50521
50273
52064
48027
51530
51426
48308
51138
50868
50013
50197
50430
50296
49585
50413
49994
49115
50020
51235
50278
50477
50344
50791
51958
50863
49363
49087
50858
47715
48015
50339
51661
51939
49045
50921
48507
51217
49530
49140
48660
50558
50847
49450
48769
50145
51742
50058
49903
49787
49394
49847
50225
48375
51689
49021
49147
48974
50494
50116
50303
50383
49768
51315
51287
49042
49654
51563
49739
51011
49723
50221
49121
50111
49223
48031
49672
49419
50389
51060
51463
49909
47935
51253
50151
51162
49787
49283
49940
50389
48520
49685
50078
50783
48295
50133
50758
50598
50267
51058
50299
49940
50655
50329
50184
46949
51534
50195
49567
51039
49428
50032
49442
49360
49308
49832
49622
49827
50725
49432
51166
50307
49955
50921
49258
50868
49507
50924
47465
50708
49368
49218
49744
49225
50819
50531
51747
48440
49926
49597
49023
50948
51279
48891
49060
50036
48166
49363
49406
49132
51563
50589
50321
49482
50443
51607
50071
48858
48515
51899
50590
50170
51602
50746
48533
50472
49103
48336
48428
51123
49202
52477
51967
51774
50178
49650
49569
48897
50380
49308
51209
48569
48134
48418
49350
48769
50699
50105
50322
50289
48465
49146
49038
50292
50161
49822
49922
50316
50084
48961
51076
50516
50856
51429
48465
50538
51495
49257
51292
50751
49894
50637
51007
49598
49994
49838
50371
51137
49341
50493
49539
49328
49875
52266
51103
48815
48336
48733
50353
51980
50359
49110
49671
49755
52096
49315
51483
47816
49181
50836
50459
49135
50611
49687
50505
50094
52238
50473
49357
49936
48460
51699
48957
49182
50506
50900
50539
50141
48700
48854
50287
51877
50985
48985
50055
51893
51518
50096
49291
48909
49793
50470
51759
50455
49582
49210
49919
49789
49200
49785
49403
50112
50194
50774
49364
50407
49494
49844
52436
51443
49829
50230
50763
49287
49782
49004
50581
49727
50145
52343
49464
50727
48474
50202
49413
49828
50918
49452
49554
49141
50215
48552
50714
50096
49848
52374
49943
49912
50079
50770
49120
49709
49932
50538
49403
49359
51944
51917
51263
48692
49765
49038
51203
49568
49733
50354
49118
48693
51274
50134
50250
49273
49522
49688
48471
51134
50439
51392
49192
49742
47345
49147
48951
50065
48597
50961
49949
51492
50454
50338
49056
50271
50648
50922
48498
51624
50559
50680
50339
52594
50931
49769
50578
50202
48736
48601
49117
50602
48502
49796
50138
49246
51195
50010
49522
50677
49498
49164
49887
50325
49899
51628
50124
49407
49125
49188
50167
50394
50456
50109
49682
49447
49287
50177
50103
51506
51410
50164
50529
51450
50297
50891
48963
51536
51307
50026
50750
49234
50726
49784
49808
50140
50591
49395
50606
48904
50270
50919
49787
49543
49455
50902
48381
49303
49580
48332
50384
49495
51359
51446
51188
50205
50564
49524
49701
50275
50570
49565
50680
51120
51306
49439
49942
49487
50317
49890
48516
48134
52055
48471
49852
53101
50201
51484
50356
51626
51622
51257
49197
49932
51680
49040
48312
49199
50507
48894
49469
50546
49149
50890
49905
50033
50434
50175
50779
50378
49101
48096
50483
49602
50455
49695
49380
49674
49917
50555
50557
49544
51554
52312
49373
49810
49918
51553
49555
50737
48943
49464
48871
49434
49906
48933
49108
49697
49623
48340
48662
48855
50412
50857
49259
49008
51205
50483
51212
48629
48814
49472
50269
50405
49220
50690
49604
50648
49683
51658
