49928
50826
51392
51609
49496
49976
50049
50255
49701
52604
51656
49737
50341
51201
49639
49473
49771
51497
49837
51292
49299
49368
49720
48777
50445
48451
50947
50653
48278
51078
50571
49375
49736
48965
49939
49851
49592
51468
50394
50344
50015
48007
50082
48340
51737
49663
50559
48903
49312
50558
51196
49234
50225
49229
49599
51212
51217
48695
50343
50906
49607
50524
49392
49565
49958
49709
49889
48441
49378
50516
49234
50640
49425
48903
51734
48775
51144
50270
50048
52908
48657
50500
49569
51037
48725
49668
49747
49314
47497
49921
50715
51325
49133
50752
51270
51127
51042
48777
51474
50425
