49594
49344
49084
50160
49066
50772
48764
49361
50361
49630
50478
50229
51422
50401
48306
50193
49380
50691
48847
48590
49958
50682
50157
49207
50132
50477
50357
50236
50630
49482
49543
50932
50374
48984
49546
49317
49603
48057
50779
51700
51057
50142
50629
48962
51743
51274
51057
51111
50669
49549
50139
49705
50138
48559
49803
48073
50990
47680
50116
50241
50733
49734
50089
51392
50219
51488
49194
49933
50483
50765
48960
50669
50451
50965
51117
50474
50810
51101
51157
51489
49410
48569
49139
50687
49627
51958
50294
51166
50105
50499
49738
50605
50827
50471
48750
50009
49525
50170
47808
49259
51105
49144
48714
47704
51390
49939
50183
49752
50357
49185
49840
50070
50189
50056
50576
49737
48343
48993
51242
50944
49031
50081
51421
49227
49949
50790
50996
48912
51208
50210
50522
50272
50982
51450
49146
51809
50495
50003
47842
52833
49622
49177
50662
50006
49809
51032
51531
51589
52176
48943
50270
49692
48688
49942
50723
50224
49405
49169
51066
50387
50789
49746
50273
48875
50978
50528
51948
48925
50279
49238
48683
51293
50213
51538
49288
50131
49862
48938
48900
50602
50058
50321
51038
50302
48793
49956
50208
49355
50940
50382
50524
48258
49743
47529
50571
49625
50308
49391
50312
49435
49387
49326
49709
48841
50189
51616
49037
51727
49489
49897
49422
50949
50008
52009
48470
49263
49867
49426
50044
49652
49662
49271
45855
51533
50270
51020
50512
48040
51399
50293
48549
49978
49904
50350
49016
49202
51651
51205
50831
50857
50043
50612
51077
50120
52355
49197
49625
50419
51265
50481
50523
49457
49857
48599
51075
50470
49380
51044
50396
49290
50155
51280
47387
51655
50634
47580
49525
51115
50633
51610
51004
49730
48308
51143
49672
51182
49516
50368
49155
50474
51732
49992
51040
49755
51217
48949
51583
49188
52202
50280
49290
49930
47681
49044
50649
50284
50047
51237
49007
51645
51938
50241
50256
48947
50561
49279
49112
50026
50809
49112
49998
50473
48696
51393
52449
50968
50948
49601
49323
49650
48984
48264
51154
50275
50366
49821
49021
50926
50841
49020
49524
50137
50810
49346
51230
50825
51016
49282
50311
49984
50640
49275
49847
51211
50812
49641
50885
50376
49229
49490
49636
49802
49217
49658
48178
51217
51954
49865
50075
50279
49848
49287
50539
49525
48327
51014
50444
48735
49131
51200
50761
49945
48626
51351
52240
49885
48462
48547
50722
49919
49776
50162
50778
49113
50825
52137
49927
49812
49554
51315
49432
48616
50405
50143
49773
49899
51601
51509
47802
51369
48496
51103
50096
49656
50489
51346
49525
48106
49879
49404
49488
49232
50609
51015
48468
50704
50280
50530
52243
50929
48916
51703
51527
50600
50940
50351
50977
49529
47992
51056
51437
50088
49582
50607
49136
49172
50832
49305
50784
49261
49108
49329
52494
49561
50144
50929
51440
51459
50263
50134
49910
50462
49553
51086
49961
49011
49924
48851
50323
50209
50902
51726
49928
48688
51056
51438
48658
48960
51045
49849
50459
48775
50542
51348
50143
49262
48117
49079
47694
48122
50528
51257
50428
49245
50206
51418
49865
49735
49409
50372
52042
50685
50296
52242
52203
49073
50701
50198
47838
50912
50194
49268
50617
49430
51814
49596
49337
51487
50712
50203
49334
50263
49748
50845
48318
48879
50112
50278
50204
50950
49122
49949
50004
51962
50999
48485
48621
50293
50832
49486
48522
50024
50307
49652
49201
49397
49298
51556
49518
50641
49160
49113
50789
50390
49023
50645
49873
50376
50027
51293
50445
49472
49560
49220
51371
50308
51927
51083
48508
49103
50208
49384
50955
50974
47927
50146
49517
48769
49745
50439
50395
50915
49607
49717
52380
49811
49906
49504
50259
48605
51167
48956
49879
48930
47777
50770
47966
49027
51450
51475
49341
50311
49807
49966
50919
51610
51207
50042
49331
49886
51871
49710
50368
50184
49912
50991
48163
49501
49939
51127
50542
49321
48412
49657
50074
51687
50156
48740
49877
51077
50102
49451
50219
49772
50774
50732
51083
49155
48903
50960
48525
49944
52254
50022
49963
49945
49736
49965
47929
50624
48831
50449
51094
51500
50496
50009
51102
49377
49469
50571
48797
50036
51516
51860
50068
50552
50258
49227
48565
49093
49453
47751
49130
49900
50661
49033
51075
51286
52087
50023
49975
48808
49131
49842
50200
50148
51241
49858
48653
52071
50261
51554
50821
50942
49006
50077
50638
51453
48867
47478
50335
48656
49904
49908
50297
50158
50339
49186
49588
50814
48616
49289
49148
52006
52675
50149
49202
49240
50598
49345
49847
48886
50383
49700
49409
50327
50621
49132
49466
48338
50231
50214
50667
49340
51102
50712
48700
49211
51114
50827
50635
47827
49983
50505
50196
48346
50179
49322
48151
50002
50909
50788
47209
50678
52183
50883
50479
49444
50666
49351
49608
51080
47798
50180
51768
49965
48338
51279
51133
49610
49795
49861
51007
49808
47598
49142
49668
48969
51095
49063
47654
49466
49833
49076
49810
49948
49761
49150
50821
50034
50321
50400
50976
51728
50089
49631
48757
50252
49637
49236
50395
48091
50726
47849
50871
49656
49600
50166
51910
49322
50084
51784
50617
50428
49340
49613
50671
50369
48770
50339
50175
48032
49677
50020
49876
49391
50689
49925
49534
51356
49990
50986
50446
49501
51343
49322
49890
50436
50298
49519
50325
49638
48359
50472
49806
49807
51772
50685
49844
48619
50381
49909
49838
49640
49244
49684
49815
49486
49870
48620
48658
51776
49483
48005
51135
51002
49457
50265
50496
49282
50439
49705
50035
50390
49425
48617
50010
48776
49911
49288
50134
49224
49393
48484
51245
48990
48707
50302
49672
50951
49744
48566
50407
48899
51050
50628
51037
50465
49615
49308
50333
51681
50381
51716
48005
49599
50397
52178
49609
50352
48948
48473
49827
50811
49724
49167
48753
47869
50047
49850
51114
49579
50019
50064
50499
51276
49138
49719
49118
50801
51050
50690
51968
50217
50033
51905
50845
49594
49614
49430
49121
49068
50079
49696
49849
48545
47189
49762
49673
51862
49591
50531
49185
50168
48926
50623
50005
50209
52102
49432
49148
48197
50609
50117
48935
49389
48950
50353
51241
48922
49573
49188
50976
49245
51930
49359
50909
49557
47860
50053
48391
49259
50955
48618
49860
49276
51596
48742
49996
48272
50222
50151
49342
49552
50098
50975
50527
49539
50036
49476
50623
50210
47975
50200
50094
51787
51133
49959
51042
49109
49897
48053
51818
50881
50345
50278
49175
47579
49038
50183
49321
50215
52181
48878
50795
49275
50065
49381
49757
52232
51277
51127
49426
47580
48404
48535
51340
50820
49616
48294
49283
50592
50125
48968
51182
49754
50454
48506
47530
50062
51247
48443
50590
49432
50477
48667
50103
49230
50007
51662
49664
49084
50389
50239
49220
50868
48856
49546
51137
51093
51452
49808
49623
50892
50693
49120
48324
50328
49875
49482
51086
49024
50504
50164
49042
51321
49979
49462
50826
50514
50643
49794
50228
49256
49745
51286
51313
49361
51908
49199
49192
51075
51039
50524
51373
48868
47952
50799
50567
50176
50376
50637
52183
51594
49153
50036
49995
49493
50794
50025
51039
47630
51247
49496
49204
48506
49208
50734
49420
49302
49038
50971
49534
51758
50411
50265
49465
49083
50944
50337
53174
50920
48138
49113
50184
48748
50359
48510
50235
50339
50806
49023
51264
51134
50676
47673
50316
48046
49501
50695
50455
50585
49287
48977
50784
50575
49622
50888
50357
47872
50105
49613
51103
49327
50275
48847
49412
49463
50058
49313
50297
50883
51025
49447
50296
51867
50727
49402
50497
51430
51696
51023
49126
50182
48924
51549
52706
50984
49209
49716
48749
50250
49917
49420
50287
50813
49341
50053
48903
52287
50806
50983
49469
50594
51265
51961
49344
49810
48609
51180
51177
49027
49661
49538
51549
49471
48870
49333
49081
49782
50604
49638
49729
49800
49012
50174
49069
49638
49819
48973
47776
47871
52493
48459
49571
50993
49415
50499
50441
50104
48978
51355
50274
50270
52210
49768
51044
48327
49880
47924
49416
50767
50238
49750
51211
47215
48960
51295
50385
50409
51120
47770
50878
50126
50863
51145
50124
47465
52838
50384
51471
50634
50491
50012
49144
50460
50015
49635
49816
49578
50352
49200
50245
50167
48915
50079
50210
48883
50653
51389
48370
50663
51088
49744
49329
50438
50557
47904
48099
51039
50289
48508
50255
48094
50612
51109
50976
49411
50470
49664
48832
49466
50521
51833
48617
50607
48412
50775
47419
51302
48800
49785
50053
49555
48724
48966
49970
50364
50643
51865
49831
47931
49444
50924
50097
49491
49527
50914
48329
50295
48307
50043
48745
50856
50180
48625
49722
51261
50326
49492
50036
50764
49509
49611
48837
50621
49573
51576
49557
50216
49267
50268
51012
49283
51755
49674
50469
50252
52382
48835
50198
48216
49684
49352
50335
47990
50944
48876
50489
49249
49451
50035
49830
50908
48807
48916
50517
51393
50123
49485
49851
50724
49764
48750
49391
49716
50954
50066
50604
49578
50426
49044
48983
51674
50684
50330
51369
47475
50524
51226
49587
50060
50645
48961
48467
50085
50095
49727
49568
49147
50403
49336
49111
51837
48882
50679
49015
50700
48847
49221
49812
50285
50418
50071
50217
50619
49924
48812
50902
49041
49547
49016
48847
48882
48272
50797
49045
51351
49946
50383
49843
50452
48413
49863
51407
48974
50428
49284
51274
50902
51001
49873
49672
51231
50413
49975
51851
50757
49806
51172
50202
49223
51969
50440
49266
51916
49713
50823
50187
51476
50990
49501
50896
48697
51352
52233
49776
51827
51026
49178
50188
50009
50308
51584
51273
50446
49143
50560
50137
48373
50635
50370
50924
49038
47902
51914
51653
51153
48109
50324
50495
51027
50722
50681
52150
49520
50236
49919
51943
48879
49844
48994
49544
50444
51199
50244
50147
50819
49079
50451
49460
50420
51106
50414
49798
50373
48054
49351
50331
50455
49294
50433
51108
50374
50037
50603
50125
50185
51072
50928
50373
50511
49499
48280
49722
50171
50366
49525
49635
52040
50736
50652
50837
49512
50117
48561
48380
50730
50568
49902
48583
50696
50508
48894
51148
51270
51098
48969
50692
50690
50080
49558
48509
48460
50446
51763
50210
50965
50089
50127
50561
50271
49116
49780
49663
50878
49720
49950
48877
48801
50260
49645
50428
49159
50271
49908
48398
51343
50450
49144
50216
48164
50315
47358
50221
50670
50688
50526
50895
50025
50282
49523
51848
48274
49723
47997
48012
49314
49126
49766
50719
47414
48264
48275
48838
51501
51869
49909
52327
49764
49023
49022
49796
50217
49188
50368
49256
49091
49572
49783
51002
49427
48975
49404
51596
49742
49643
49606
48110
51594
49951
50205
49683
48354
51036
49088
48577
49086
50058
50692
50896
51872
50774
48679
49457
49616
48749
49070
51164
51923
50287
50159
50891
51690
50148
48506
51811
49546
49067
50361
50168
49959
49056
50506
49400
50885
49777
50074
50341
49140
50380
50513
50501
49281
50442
50204
49412
50419
48555
49516
49997
49403
48324
52060
49298
50051
51602
51431
50340
51508
50431
48564
51520
50662
47453
50204
50515
49263
49839
50715
48919
50467
49312
49500
49221
50435
49576
49209
51421
50116
49890
48368
50640
50092
48425
49447
50509
49852
49164
49626
48957
52566
49931
49480
50980
49959
51276
50584
49025
50578
49303
49793
49255
49805
51291
49152
49997
49902
51511
51340
49604
51465
50016
49143
50474
50589
48203
50732
50136
51466
49565
50023
48474
50768
50394
50707
50777
49021
49619
50226
51688
49535
48656
49991
50173
49728
49804
49931
53049
51707
50578
50535
50925
49150
50601
51000
49149
49448
49145
51598
52342
50175
51746
51655
48799
51350
50870
50208
50097
50032
49638
51955
49782
50809
48529
50229
49941
50226
52097
49870
50580
51768
49199
50591
51401
50120
51018
49010
49291
51222
50928
48815
50401
51497
49399
49641
51217
51431
50204
49396
49289
50611
52750
50988
50220
49832
50940
48936
49698
47035
51755
49122
49335
48517
49407
49695
50024
49964
50924
48884
48446
50800
49915
51559
49410
48727
49786
49629
49362
49088
49938
49736
50586
49516
49389
49142
48726
50419
48887
50269
50311
50757
50643
50273
49786
49867
50845
49731
49648
48491
50282
49231
49832
48682
49907
50373
49790
48674
50898
49393
49126
50294
52128
51111
49870
50580
50925
51263
51341
48321
49385
49404
50343
49949
52442
50795
50169
49920
51279
52146
50229
51035
49448
49405
50568
50438
50287
50405
49405
51219
50925
49664
49313
50506
49494
48854
50342
51363
50042
49404
50993
51401
50378
50329
50373
49191
50548
50090
51384
48497
51811
50582
50745
50654
49102
50850
50215
49894
49504
48925
50176
49629
48489
49512
49849
49499
51207
51136
50921
50457
50860
50773
49568
50563
49954
50332
50133
48873
51175
50029
50098
49160
51089
50208
50553
50449
48430
50964
51181
48108
49294
51049
49772
50081
49671
50311
49120
49082
49077
50357
49164
49791
50228
52952
50185
49860
47793
50651
49884
48955
50837
51167
51779
50488
51402
50696
50343
51509
50283
50601
49872
49429
51240
49824
50787
49495
50268
50393
51643
49326
49532
50352
50706
50667
51273
50394
49207
51813
50982
50908
50464
51027
49028
49581
49374
50379
49462
49837
52111
50206
50178
48850
50742
50690
51063
51113
49677
50518
50744
48333
49728
49969
49331
50478
52094
52143
50410
49553
49074
47522
50564
48174
51086
49818
50851
47948
51212
50133
48922
48786
50880
50179
51093
48134
48299
49105
52118
48729
48306
50335
48716
48964
50944
48641
50409
50242
48996
51671
50599
49216
50307
51558
51009
50873
50602
49882
50571
50917
49848
49166
49727
50180
49038
50224
51434
51400
49063
50218
49237
49454
50712
49848
50754
49471
48793
50580
49543
50655
49563
48585
47780
48885
50323
50348
48923
49163
49040
50427
50207
51133
50399
50438
51290
51692
50617
49806
49291
52434
50327
50672
50308
50504
49804
49180
51386
50949
49667
49495
51020
52132
50116
50392
50007
49366
50006
50624
49284
50157
49340
50215
48337
49181
50936
51045
50783
48827
50388
49259
49961
49240
50480
51431
50707
49632
50541
50265
50241
50205
49933
50977
51504
49812
49645
49500
50007
50392
52000
49688
49296
50653
50272
50173
50084
50258
49897
48946
51528
49100
50576
48752
50460
49651
51222
48081
50841
51004
48961
51528
51279
50079
50896
50041
49155
49707
51374
50521
49434
49914
50428
51742
50462
49211
47511
48168
49257
51426
49569
50016
51071
51121
49690
49039
50661
49999
47404
49240
50200
50066
49785
50338
49038
49054
49582
51960
50764
50862
49403
50972
49835
50033
49740
49469
51144
47847
49899
51193
50828
48709
49346
49826
50885
48931
50082
51136
50457
48994
49591
50323
51198
49884
48578
50950
50388
49525
49837
50663
52546
50171
50604
49170
51050
49873
50271
49326
49848
49842
47174
50045
50438
49653
50630
49790
50330
50384
50603
50568
51850
50284
50127
49945
48553
50309
49580
50080
49223
49671
50017
49458
49419
51460
50800
50421
48756
51690
50276
50359
49632
50138
49124
50644
49446
50461
50279
48699
50456
49944
50196
49464
51020
50011
50742
49299
49149
49654
52063
49739
49842
50783
48698
50569
50488
50981
50692
50466
50192
49558
50837
49361
50760
50314
48502
49726
51618
49457
47887
49081
48162
50329
50558
49430
48253
49894
51358
50933
50484
50197
49861
50454
50842
49217
50463
49816
48658
49705
48652
51044
49713
48581
50734
51312
49978
49408
51032
48297
51742
48699
51402
48930
49415
49678
49212
49165
47991
51847
50044
52234
48692
50259
49385
49577
48604
50533
49393
49910
51037
51822
51132
50152
50035
49980
49174
50566
49782
50284
49374
48220
50197
48794
50486
50100
48123
50430
49981
49810
48803
49591
51168
51119
51230
50347
48440
49058
50501
50226
49822
49431
49487
49521
51236
49245
48672
50180
50019
49264
51059
49780
51563
49599
49797
48724
49764
49729
47859
49756
50333
50386
49448
47713
49257
48589
48771
51166
49762
51318
49153
51802
51809
51251
49674
50197
48952
50509
49670
51298
50138
50499
52291
50968
49547
49982
50810
49003
49311
49077
49349
49590
47726
50977
49618
51675
49748
48742
50147
48127
51332
49823
50747
50487
49503
50963
51005
49526
49425
50631
51825
50105
50554
51559
49992
50227
49939
51941
52682
48832
50784
50336
50161
48133
51226
49748
50987
49759
50778
50322
48851
50545
50451
49366
49638
50666
50342
49944
50492
50430
49686
52043
49079
50235
51080
51300
50084
48663
49602
49771
49756
49180
48948
52492
49658
50699
52441
49741
51041
50050
51135
49444
48333
50160
50324
49500
50848
49624
50364
51180
50541
50624
51821
49447
48793
49585
49307
49005
49929
51538
49917
50143
48769
49852
48689
48765
50317
49445
49345
49300
50862
51502
47861
50665
48685
50349
48535
50465
50980
50552
50365
50454
49328
48885
51587
50668
50228
48784
50913
48246
50415
49215
51182
51890
50595
50574
48192
49825
49706
50218
48191
50198
50949
49063
49677
49873
51781
49885
51062
48894
50193
48801
50440
51631
48969
48226
52259
49637
50308
50805
51429
48643
49793
49150
49202
49409
51239
49725
48677
49904
50556
49762
51708
51398
50174
48442
47387
49822
49173
48375
50756
50618
52158
51067
51361
49879
49962
51834
50905
49400
50021
49668
51297
48904
49294
50692
50041
49039
51317
49959
50864
50868
48275
48514
49917
49588
51049
47708
47604
49564
50267
49225
49963
49481
48154
51719
51628
50181
50375
48980
49521
48915
50892
51743
48818
48036
49932
48255
48471
48019
51357
50113
49336
51086
49865
49673
49392
51299
51424
51311
50979
51019
48404
49850
50486
49230
49838
50523
48524
51124
49643
51163
50326
49969
50003
52079
49628
50092
49951
49541
52027
50225
50042
51754
51370
49993
49954
50360
52137
48407
49849
49812
49961
49867
50443
50151
51468
49168
49527
50341
47561
50513
49732
49502
50353
51840
49530
49501
49345
50520
49944
47937
49108
50057
49954
49173
49496
49294
49628
51409
50392
51201
49686
49855
50690
51667
49459
51421
49850
50325
50531
50190
49234
50729
49493
50037
51935
51756
49387
49211
49114
51006
49190
51078
50698
49513
48598
50886
48974
48506
48669
48720
51655
48934
48875
48411
51419
49687
50122
49187
50793
49488
50562
51195
48442
50629
51769
50161
48587
51995
51378
50970
50728
50676
50175
49309
48414
47934
49932
49616
49957
49881
48589
50259
50788
51118
49349
51882
50056
50021
50916
49002
50682
50401
50071
47647
49935
51970
49961
49745
49408
50178
51580
50581
50414
49201
49810
49951
51502
51533
49370
49673
50471
51500
48205
51128
50961
50444
50080
49793
50354
49615
50428
50648
50091
49289
50242
50016
49365
49959
49611
49580
50295
50456
49601
49296
48883
50260
50428
49714
47744
49542
50491
50598
50852
49131
49958
49329
49437
50226
50788
49379
49413
48193
50555
48473
48564
49872
50681
49202
49985
50530
52305
49288
48551
49317
51457
50213
49474
49539
51181
51254
48711
49207
50131
50980
48836
50489
51055
49747
50699
49903
48306
50040
50387
50050
49275
49806
50823
49663
49093
51202
49930
51947
48298
49895
47883
51070
49915
49213
49579
50799
49694
48559
50087
51537
49218
50802
52715
51805
48488
50921
49568
50602
50702
50169
51619
51139
49625
50406
49002
49230
50940
49705
48864
48111
48127
50062
48654
47474
50532
49959
50557
50713
49337
50445
50760
49715
50504
49255
52073
50068
50827
48433
50410
48450
50560
49925
48232
51234
49351
50560
49919
50586
48817
51511
50396
50559
50822
50157
48722
49640
49090
51442
49949
49637
49527
50268
50335
49912
50900
50107
49442
51568
51553
49308
50282
50473
50491
49281
49046
50844
50094
48462
48665
49229
49907
51793
50362
51086
49038
50330
50953
51829
51578
49284
50305
50409
48377
50741
49383
49815
49728
47517
50216
49239
49630
49283
50840
47455
50129
50144
48724
51714
50279
49955
50879
49319
50114
50041
49419
49060
50683
49973
50104
50839
47369
49363
51034
51184
51591
51681
49950
49606
48688
49701
49390
52132
49086
49212
50274
51863
50894
50552
48188
52251
50857
50186
50652
49759
48636
47982
48739
51312
48608
50007
50643
49552
49655
49368
49937
51042
50511
51219
50316
50028
49514
49514
47550
49685
50019
50055
51847
50614
47629
50151
50286
50879
49605
48278
49780
49278
51224
49893
47499
49858
48732
49254
50116
49608
49582
50447
51035
48700
49549
50340
50845
50468
49164
49494
49865
48983
49707
49594
49944
49605
50114
48182
50259
50019
50748
49906
50629
49739
50742
51004
50087
49720
52395
50478
50319
49629
50656
49171
49665
49671
51199
51286
51252
51264
50004
52632
49273
52001
50645
50516
50935
49779
50375
51423
50060
49154
51171
51633
51582
48352
50881
50665
50080
51846
50928
49319
48433
49938
50148
50835
49500
49839
50442
50065
49614
49260
50473
49986
48885
49280
48880
50866
48872
49910
49800
49710
49560
49283
48976
50637
50921
50787
48800
51146
50515
49206
49398
48805
48721
49072
49518
50551
49252
49312
50509
51176
50285
50399
49160
50947
51911
50359
49743
49741
48788
49580
49457
48676
49342
50454
49730
48471
48670
50072
49699
49693
49030
49857
50213
49761
51660
50261
49967
50058
49467
49512
49439
49009
49771
49854
51260
51475
50505
49763
49820
50913
48709
50310
49732
49192
50273
49555
48538
50444
49577
50266
51046
50633
50830
49008
49467
49033
49297
51493
48912
49083
47758
50764
49248
49055
50524
50441
49461
50501
50724
50212
50141
48814
50737
49478
49249
50482
50505
48778
50007
50616
49446
49299
50609
50350
49107
50590
49745
49650
49845
49004
49285
50578
48766
49130
52137
51259
50248
49377
50859
50299
48878
50156
50608
50548
50598
50790
50017
50906
51109
49862
51187
50563
49489
50186
47862
50602
51800
49405
51062
48775
50476
49873
49055
49017
48926
50220
51193
47782
48857
50740
49680
51350
49801
50261
49926
48957
50857
49789
50284
49311
48736
49596
51174
50545
50450
49134
49463
48597
49431
47625
50053
52254
49052
48419
49317
49554
50672
48132
48699
50119
49051
51929
50232
50396
50820
49418
49219
50125
48391
47639
48358
48664
50810
50108
50838
50735
47970
50443
48539
51685
50015
51810
49622
48157
50719
51688
50817
49911
49901
49436
48908
51089
49672
50450
49579
51005
50206
49729
51374
50124
49336
50723
50655
48944
49915
50285
48465
49593
48582
52062
50380
50862
49600
51282
50793
48906
49803
50403
49871
51196
50804
50365
50628
49354
50712
49910
49401
50947
50321
49873
50471
51195
47722
50697
50306
50219
51408
51606
48729
50129
51119
50265
50525
49770
50742
49661
48815
49045
48349
50168
49278
48807
50728
50037
48808
49228
50100
50550
49906
50296
50492
50886
49147
52133
50397
49183
51283
50178
48430
48798
49111
47278
49532
50684
50738
48939
49577
50580
48989
48826
49631
52456
49925
51201
50212
49064
50247
50279
50772
50333
51780
52326
50720
51440
51234
50933
49877
49786
49398
50676
49454
49800
51208
51064
51620
49973
50619
50745
51055
50385
49630
51863
50365
49503
50654
51061
51090
48738
48868
52000
48887
50217
50422
50569
51552
48202
50544
49634
50359
48851
48268
49804
48564
49229
50469
50247
49574
49921
50204
49376
49924
50829
51847
49219
50522
48791
48753
49814
50972
50517
50553
49223
51902
49084
48948
48309
48902
49173
49624
50613
49926
49198
50871
49541
49234
49389
50867
50800
48320
49750
50275
48410
48445
48814
49779
49729
48007
49469
47549
49500
48817
49863
48471
48882
50579
49577
50135
50061
51889
49767
51190
49976
47419
50060
50562
49913
49415
48761
50257
48947
49127
49713
51284
50160
48797
49217
49782
49231
49411
48506
50694
51285
49998
50689
51652
51128
49246
49115
50412
51565
49465
49607
50447
48679
47832
50145
49886
50453
51137
47256
51001
49255
49862
49928
50414
49674
49743
50254
50784
49166
48549
49286
51242
50952
49869
50945
50358
47535
50333
51171
50842
49680
49401
49741
50346
49330
48936
49202
51479
51407
49263
49334
50082
48973
50009
50483
48789
48442
50149
50038
47746
49881
50396
50586
49884
48341
51340
52141
49472
48404
50135
49831
48946
51251
49640
48395
49207
50214
49456
50431
47951
50989
49646
49399
51312
49564
50594
50590
50227
51025
50930
48994
50793
50249
47696
48355
49590
47985
48234
49515
48987
49413
49466
49628
50773
51473
49075
48013
50735
49005
49990
50112
50436
52011
48910
49974
50373
49052
50095
48492
50266
49781
50591
49804
50048
47259
50707
48076
52613
49897
49221
48898
48725
50140
50665
52686
49034
50341
50870
51544
48906
50334
49484
50358
48633
50928
49485
50029
49923
49325
49494
49904
51238
49911
48422
49426
50505
48893
47767
50025
51690
50325
49270
50629
52142
50259
50273
50991
49493
49802
49401
50445
50146
49822
50167
49707
51330
49847
49605
49305
49611
50508
49415
51022
49382
50452
51204
49362
49460
48698
49246
49873
50658
51082
49761
48282
50984
49806
50330
49790
49048
49716
51803
49831
50616
49868
48930
49776
51055
50741
49771
51838
49505
50613
50162
50036
48595
50095
49551
51104
50249
52100
49819
50703
49820
50835
50791
50075
50968
49952
48867
50208
51064
48232
50062
50927
50812
50663
50340
51964
49863
51345
49189
51111
52112
48729
48354
51940
49398
53029
50000
50462
49539
51132
49544
49603
49081
49132
49700
50755
48479
49956
51153
50426
49014
51515
49663
48270
49933
51415
49243
50467
48567
50465
49849
51165
49065
47919
49996
49038
49187
49407
50539
50293
49132
48503
47921
49140
50369
49917
50440
50221
49168
48586
51932
49839
49648
49530
48375
50046
52495
49996
50464
50777
49364
50131
51305
50797
50122
49897
50596
49321
51586
49020
51353
48365
52430
48941
51202
50500
49771
50337
48918
48633
48779
50051
50449
52050
48333
51255
51020
48516
49047
50461
50151
50245
52778
47495
49685
48685
50105
51656
48844
49336
52408
49343
50846
50252
49388
48409
50459
49862
49845
50139
49557
50762
48841
48964
49048
49135
51027
50572
48260
50010
48523
49963
49850
51502
47908
50936
50003
52238
49580
48295
48928
50110
49812
48432
48548
49877
51484
50052
49331
50819
50973
50524
48952
50320
51232
49328
50179
51321
50217
50750
49972
49384
50236
50810
49614
50279
51666
49156
50112
50332
51067
50288
49831
49987
50551
50288
50903
50132
49757
50847
51152
49738
50344
50063
50995
50052
49370
49427
49749
51021
49729
51105
48207
49594
49810
51546
51210
49885
49249
50591
51342
50908
49537
50067
49024
48489
50153
50363
50154
50237
49419
51197
50876
50066
50803
50698
51232
50435
49405
50603
51907
49106
48481
50501
50828
51454
50788
51090
48922
48945
49958
50018
49160
49821
48749
49550
50752
50737
50050
49578
49920
48987
49765
49618
49011
50778
51219
49604
48401
50189
48769
49421
51716
48862
50742
48889
49168
49162
50875
49049
49475
50422
51367
48672
52515
49192
50621
50717
52461
50862
50168
51783
52122
49487
50298
50856
48587
52348
51788
47676
48130
49855
49871
49680
49812
49267
49652
49930
52309
50468
49027
52228
49731
49844
50188
49746
48923
47202
48608
49611
48876
48811
49150
49562
49914
50151
50525
50764
51138
50727
49638
51645
51530
50505
51365
49720
50751
49410
50132
51167
50127
50843
47829
49423
51498
50757
51037
49469
50458
50095
49304
49939
48144
48385
50900
49519
49569
50638
49446
49819
48834
50355
48720
51205
51222
51524
49321
50097
48079
49664
49792
51760
51205
49312
51522
49966
50271
51310
51752
48942
50025
48012
50551
48829
50546
50705
50233
48604
49888
51466
51785
52023
49779
48524
50264
50351
48408
51337
49501
49729
50007
51219
50081
49721
49344
49485
50649
50844
49391
50856
50360
48966
49750
50019
48926
49951
50177
49726
49498
49814
50782
50964
52422
50306
51325
50143
49598
50494
49884
49390
50338
50618
49666
49560
49655
48534
50266
50719
50433
48402
48983
48177
49648
49425
48852
48802
48314
50008
49677
49244
49104
50236
50763
50449
49666
48575
50653
52275
50797
50183
51230
50016
49654
49670
50237
49323
50951
51265
50981
50834
51087
48218
48581
50245
48995
49659
50566
51983
49093
50029
50740
50897
49932
51157
48757
49497
49940
49343
49975
51848
50220
50659
50910
49851
51958
49050
46864
49976
48836
47368
49972
51097
49238
48859
46685
51451
49070
50305
48410
49233
49010
51145
50509
49501
50864
51507
48902
51312
50478
49115
50362
49358
49687
49747
49811
51488
51796
49246
49481
48451
49678
50040
50219
48746
49572
49168
49499
49140
51047
49225
50576
50823
51065
48400
48335
49621
50233
50263
51469
49946
49517
50216
49685
51047
49875
49342
50105
48459
48145
48929
49950
49572
49941
50335
52691
50967
49031
49584
50303
49079
47870
49443
51018
48343
49054
49725
50778
51455
50106
51018
50342
50757
49727
48825
49374
50170
50273
49007
49195
51848
49130
48283
50707
50012
49052
51744
51096
51093
50258
49769
49647
49454
49980
50631
49771
51145
51249
48465
49680
50050
49917
50158
49590
49765
50891
52243
48828
51723
49910
48377
47942
50517
50872
49926
48232
50857
51146
50845
48362
49510
49505
49348
49977
49510
51021
49306
49849
49844
51694
50581
51142
49455
49451
51035
48860
50770
49794
49941
48998
51602
49733
51245
50039
51249
50747
49593
50467
49723
49850
48961
50582
50302
49769
50005
50213
50784
49829
49917
50771
47913
50060
49067
50865
48697
50096
51030
48603
48951
49911
48798
49172
49761
49468
50513
49429
47056
49771
49965
48903
50318
49836
48902
50250
51404
49390
50661
49114
49992
50851
50265
49659
49015
50164
51403
49607
48786
49548
48601
50523
50316
50160
51117
51217
49906
47375
50510
50038
49270
50539
48466
50215
49476
49229
50540
48212
49331
51344
49713
49281
51066
51004
52141
49765
49859
50123
49610
48411
49404
50744
50960
49667
48685
49946
52760
51054
50309
51183
52553
49191
51218
50672
49796
51570
50154
49794
51632
51211
48714
52004
49968
50635
50490
50296
48646
49355
48314
52303
51243
50092
50550
50416
49915
49557
49722
49645
50709
47984
48107
50515
49670
48960
50373
50868
47852
50396
48353
50324
51912
51209
49120
49028
51358
51769
49720
48395
50440
51121
50146
50674
49744
50956
50912
48922
49976
49582
50045
50761
49588
48974
51795
49721
49182
49797
50486
50609
50107
49238
49352
51509
50132
50431
50334
50023
50927
50944
50092
48717
49658
51427
50090
49754
50137
51960
50248
51001
49415
49509
49679
50568
47940
50153
49999
49872
51127
51542
50532
49464
51046
49353
51061
51859
49585
51200
49869
50048
50102
48480
50740
50708
49987
49906
49546
50308
50727
49722
49297
50559
52031
50284
48530
49486
50575
51297
49080
49891
49529
49235
49219
50353
50566
49972
51607
48849
48978
50500
48758
51307
50451
48948
49630
51292
50250
50601
49957
48737
50209
50893
50555
48655
51598
49837
50240
50430
48660
48303
50999
51064
50690
49695
52352
50424
49866
51404
49652
49928
50119
51519
49075
49413
49876
50602
48891
49923
50461
50871
48851
50273
48303
50073
50238
49999
49472
50864
49720
49860
50927
49921
50664
49874
50223
50095
50680
50103
49966
50692
49581
47849
49131
51825
50149
50739
50150
49350
50845
48279
49082
50615
51667
49393
51133
50290
50925
50691
49842
50489
51119
51350
50407
50884
51670
49654
49827
49710
50228
49803
50598
50577
49728
51138
49475
51256
50124
50580
49372
52049
50045
49798
50337
50793
50527
48683
47922
50819
50281
50540
48128
50773
50377
49899
50114
49226
48972
50551
50081
50215
48715
50108
49876
50109
48296
50594
49866
50787
49794
49660
50133
51111
50925
49531
50434
49740
48656
48664
51515
50717
50018
50450
49957
50219
51405
50309
49289
50364
50147
49923
51743
50226
49534
49715
48947
50699
48890
50257
49848
50232
49319
49934
48691
49790
49278
49437
49363
49172
49546
50530
48771
49908
49920
48163
49088
51583
50644
49709
50673
50087
50561
49081
49964
49953
51219
49288
49983
52283
50839
49457
51828
48350
51356
49478
52037
49079
49525
49808
51200
51150
49809
49417
50428
49115
48286
49336
50508
49802
50900
51636
51107
50411
50856
50570
50091
49292
51603
52031
51533
49834
48294
48607
48592
49859
48637
49747
50034
51308
49194
48929
50768
52433
49947
50168
49910
49419
48962
50925
51187
49674
50822
49925
51435
50679
49178
48760
50325
49119
50228
50098
51635
48201
49263
49402
48856
49201
50127
49922
49037
50737
50994
49295
49207
50092
49986
47724
51722
50183
49173
48634
49335
50110
48498
50539
48791
49639
51273
50472
49971
50850
50339
48576
50535
50112
48173
50736
48688
50073
49246
49594
50877
50170
49813
50175
50434
50762
51422
50046
50678
48972
50234
51073
50201
50594
50844
49893
49130
48362
51192
50103
50966
49750
48352
50554
51419
51700
49527
49092
49870
49282
49765
50924
50320
50197
50203
50025
50250
50999
50315
50289
48298
48025
49870
49331
49951
49524
49982
49240
50155
50048
49558
49912
47844
48950
50666
49488
49472
49666
50118
49084
49363
52543
50108
50372
49736
49795
51205
49882
50924
50727
49321
49262
51816
48541
49972
47876
51028
49025
51390
49673
48698
49933
49322
50122
49990
50597
50058
50757
48837
49590
51557
48700
49761
49359
50496
49982
49202
50527
50604
49639
49818
51216
49577
49626
51397
49635
50943
51838
50319
50380
50710
49433
50785
51252
49172
49146
50466
52057
50455
49738
50736
49956
50884
49613
48359
51164
50539
49424
49819
50633
50215
50596
48795
49675
50487
48251
50781
49295
50338
50730
51045
48834
48992
50085
51255
51981
49229
50991
51145
47709
48519
51071
50057
51128
48784
48221
48548
50161
49998
49169
47894
49593
50331
50245
52043
51452
49960
48830
50740
51577
51210
49558
49330
48713
50512
49980
52810
50312
50681
48990
52445
50905
49786
50348
49070
49150
50072
52139
50080
50401
49380
49553
49372
49189
49240
49900
49840
50453
49438
50236
50010
48859
51316
51345
49196
50162
49914
50398
51660
51565
50692
49537
49590
50642
50075
50396
49769
50373
49936
51526
50186
50019
51148
50517
50792
50024
51503
49274
50706
48548
49522
49433
48541
50099
51825
49209
49982
50049
48176
50110
49680
51736
50652
50339
50228
49502
50316
51003
50926
48691
48710
49657
51323
50616
50120
49288
51123
51454
50635
50532
50453
49127
50460
49504
50950
48243
49970
48924
48567
51418
51044
49561
49298
52511
51054
50128
51165
48789
50416
49416
50016
49971
49342
52091
50825
50801
49182
48460
50507
49755
50555
49880
49764
48938
50032
49735
51182
49158
48883
49153
49506
49882
50721
50422
50533
51212
48043
49665
50296
50655
51007
51145
49470
48293
50084
50105
49712
48373
49185
49998
50648
50756
50230
50054
49758
50087
51677
48765
49403
51177
49757
49652
51704
48932
49366
51001
51344
51293
50035
50597
51144
49608
49791
50287
51128
48257
52620
49084
48350
48919
48286
48058
48013
50208
49314
51819
50988
48590
48390
49907
49613
49856
49414
52053
50621
50074
49904
49103
48516
49220
50308
50457
49355
48925
49589
51459
49844
48832
51914
50345
50273
50303
49015
49102
51385
48997
49738
49754
50365
50684
51068
49584
51309
50017
51977
52304
49644
49549
51217
50472
48927
49367
48651
50256
51059
50007
47270
49867
50515
49440
49522
51296
49682
49198
51727
51035
49330
52218
51021
49326
48028
49816
49066
51182
50106
49831
47170
49219
51805
49472
51799
50679
48562
49395
50270
49779
49874
50783
49193
51015
50499
50541
49603
50383
49261
50493
50532
50723
52200
50634
48870
48968
48875
51216
51635
51673
51242
51113
51255
49033
48520
49879
51418
48919
50490
50664
50333
48491
52022
49280
50145
50354
50472
50444
49744
50898
50977
50359
51406
49556
46675
51409
51088
50473
51680
48650
51812
48921
49978
49563
47759
49657
51034
50007
49909
50791
50253
48593
49812
49200
51528
49806
50112
50510
49995
51574
49399
48703
49361
49530
50568
50445
51572
49827
50773
50612
50507
51128
50545
50623
49192
49817
49773
50903
49919
50649
49348
48185
47770
49328
48219
50418
49308
50928
50135
51044
49496
49630
49606
50567
49643
50481
49583
50754
48580
48665
48772
49802
50643
49177
50504
50851
49540
48882
50162
49291
50548
48331
50014
48834
49635
50307
50073
49096
48818
49089
50141
50757
51382
50149
49585
48335
49426
48967
49630
50977
49217
48854
51189
50085
48936
48493
50550
51363
50094
49860
51168
50960
52007
49878
50468
48786
47630
49784
49509
49170
49280
49273
50427
50410
52303
50827
49740
48805
49783
49150
49061
49375
49373
48841
50205
50671
49500
48889
49200
50006
50482
50286
50073
51339
49578
49369
49227
50358
49341
50164
48844
51215
50697
50035
51023
48426
49632
48211
50052
50906
49846
50874
49786
50432
50195
50072
51500
48086
50303
50170
49835
51432
50016
49804
49670
50111
50511
48892
49736
49304
48262
49563
50054
51004
47988
50206
50826
51312
50522
48102
50450
51748
50881
48456
50373
48482
49886
49619
50510
49976
49739
49546
50161
48893
50486
49801
48749
49514
50706
49184
49795
50054
50272
48496
50264
50534
48955
50722
48836
50790
51164
51573
50789
49840
51908
49155
48740
51295
51670
49866
50218
50339
50735
50911
50254
49316
50642
48811
51034
48630
50667
50633
50941
49829
49555
48319
50960
49491
50721
49930
49663
48677
49693
48225
49025
50150
50425
51164
49728
50816
50293
48077
49487
50596
48762
49943
49740
50127
51361
51124
49981
49901
50065
50767
49196
52101
48908
49980
52464
48636
49749
48774
50816
50321
49116
50735
49075
49666
50831
49156
51541
49681
50281
49121
50423
50285
49591
51022
49942
50588
51603
49953
50290
49670
50012
48372
50808
49068
51074
51365
50365
49631
50359
50866
49406
50693
49486
50328
50417
50572
50680
50036
51005
49608
49444
50984
52253
51749
49876
48771
49769
49042
48771
48874
51211
48282
50997
49835
51835
50345
50596
49934
49911
51684
50395
48488
51693
49863
49514
49747
50036
51406
50588
51673
49546
50581
49570
50141
50931
50437
50473
49412
50439
48798
51136
50310
50582
48083
49607
49190
51822
50575
49043
50393
50430
51135
49959
50578
50088
49211
50257
49906
49318
49600
50914
49564
53288
49608
51148
49267
49584
48710
49833
50234
51286
49572
49761
50621
49420
50035
49830
48699
49903
48777
50068
49916
51011
50074
51275
48603
51100
49933
48870
51392
49450
49571
50597
51157
50676
48891
50181
51329
49972
49487
48910
50680
50626
50410
50082
49528
51714
49297
49565
50613
49836
50392
49463
51122
50714
49570
51207
52409
49868
51408
51032
50933
50618
50531
49320
51527
49351
49176
49856
50006
48222
50745
50646
50644
49099
49977
50299
50342
49005
50655
49158
50902
50987
51463
50263
48801
49128
50065
49569
51043
51328
51421
51378
50419
50838
49795
50652
50363
49367
51055
51208
50015
49832
47048
48931
50120
50028
49375
50387
49685
51472
48828
52238
50487
49477
51618
49377
49179
50286
48980
49124
51434
51075
48997
50543
50090
48210
49592
50619
49186
48389
51258
51550
49226
48662
48228
51131
49082
49875
51174
49724
50069
48555
49090
50638
49752
49515
49506
49804
49092
50373
51883
51065
50896
52539
49844
48907
48487
52711
49827
50440
50927
49606
48189
49508
49339
49516
50017
48125
51481
49963
50116
51527
50012
50085
50689
50455
50647
49854
50425
49609
51589
50500
49353
49988
48970
50266
49475
51259
50581
49608
50290
49430
51167
48739
49880
50852
50040
49605
49381
50195
50945
50926
50004
49257
49369
48370
51362
49265
49827
48649
49833
51317
50573
50891
49931
49607
49582
50060
48267
48590
49802
50699
50379
51798
49246
51407
50346
49523
49762
50076
49020
51323
50998
50348
50303
50287
50293
51871
50292
49840
50026
50509
48829
48672
48074
49415
49704
51062
49664
49979
49048
49697
50306
50171
50729
49244
50624
50915
50416
49443
50927
50227
49960
48698
51744
49727
51746
49915
49902
50967
50845
51028
51249
50586
51360
49279
50396
51516
51019
50411
51087
49187
49177
49509
49282
48537
50517
48785
49085
49144
51535
48585
49445
49171
50679
51090
50787
49789
50585
50398
50203
48806
49509
49933
52529
50034
50661
49504
48852
49360
50432
48609
49247
50912
50776
49721
51431
49785
50483
51177
48653
50145
49803
49225
50947
52318
51411
49651
50812
52398
50229
49852
50831
50971
50629
50454
48959
50480
47732
48753
49950
51166
47651
50299
48711
50865
50759
50239
49906
50033
50089
51027
50458
51027
49467
49377
50326
49735
50358
49375
52337
49784
49196
48119
49847
48889
49204
51094
49132
49546
50020
50126
49725
50070
50942
50668
50067
50454
51722
49194
51591
47397
51564
50544
50537
50782
50238
48831
50394
50392
49238
50624
49480
49947
50364
50319
49796
49813
49641
51428
50474
50381
50880
52003
50193
49590
51060
49816
51444
49395
49937
49996
48860
50780
49320
48807
49327
49959
50200
49093
51441
50290
49506
49003
49960
50724
49154
50196
48750
49402
50125
51882
49713
50117
48858
48550
51473
51325
50672
50487
50518
49107
51190
49299
49425
51747
49292
50896
50091
50608
51278
50193
51358
51041
50068
48438
50256
49110
49166
50675
49404
51202
49067
49418
49800
48869
48856
49693
48663
51149
50481
50561
50345
50122
50404
49210
48404
48094
50370
48361
49007
50582
50572
49208
50896
49350
47799
50069
48937
48870
49106
51015
49510
50125
49892
49898
50663
50210
49410
49140
49113
50289
49134
48731
48700
48772
49766
49461
52547
49690
50196
48026
50617
51084
50999
52070
51793
50662
51131
49095
49960
49016
50595
50395
49515
50414
49494
47855
49694
51267
48885
49805
49869
50247
50113
51012
51003
49899
49974
49447
50494
50152
49196
49602
49755
50700
49423
50448
50589
49083
49285
49201
50438
49593
50807
51669
49159
49650
48834
49795
49094
50051
50296
50038
50140
48382
49872
51727
48329
48032
50976
49732
48103
48672
48471
52339
49425
49657
50179
52762
51623
50973
52457
49418
49985
51077
49666
49709
50056
50743
51981
49583
50455
49581
50279
49691
48794
49576
49636
50809
49608
49456
50592
50594
47714
49249
51428
49114
48677
50934
51452
49500
49966
50224
48569
50065
51171
50587
50605
49447
49994
49607
50488
49697
48776
51526
50152
48855
50851
50152
50299
50018
47883
50505
50735
51688
49872
50978
49379
51025
49099
49072
49306
51569
49784
50155
52011
50060
50065
50416
50266
48976
49261
47854
50077
49288
49573
51531
49371
51964
49684
50014
48410
50799
49769
50503
50904
51218
50649
50533
49378
49675
48840
49772
49922
49690
49016
51443
52047
51416
49965
51317
50022
48731
50148
50509
50567
49142
51570
48522
50602
50539
49756
50926
48772
51369
49322
50763
48041
50360
50335
48964
50452
49680
50053
50665
50351
51053
50984
50165
49405
49054
50248
49047
49719
49494
50186
49030
50195
49719
50106
50346
52593
50617
49267
52046
51538
50292
49764
49514
50700
48846
50143
49429
51421
50905
51207
52743
49091
50453
49170
51239
51882
49636
50594
50453
51471
50018
51934
50933
49381
50969
49236
51746
51590
48359
50752
49878
49129
50319
49705
50439
48540
50932
50527
48043
49254
51872
49663
48071
48513
50388
48909
52086
48470
48611
49705
49459
51615
51936
49224
49054
50737
50087
48298
51550
48458
50131
49956
50528
50076
51617
50371
50551
50418
50017
49744
50275
49986
49347
49882
50153
50789
51225
50056
49368
49078
50678
49481
49201
50130
48690
50739
50810
50437
49216
49174
49436
48628
48930
50035
51057
50167
48284
49007
51380
49643
49799
48924
50304
50148
49826
51287
49880
47707
50991
49604
49808
51018
51279
49196
52105
50367
49934
50016
48835
50267
51148
51528
49410
48831
49044
49875
50937
51299
50927
50367
48634
51141
49988
48222
49777
50911
50276
50056
50267
50021
50833
49990
49345
49352
49234
51520
49629
48273
50032
49886
53102
51100
49745
47599
50627
48439
49820
50815
51396
49257
48965
49611
51512
49713
49571
50679
48905
49607
50422
49686
50021
48907
51030
49523
49131
50102
49913
51671
49243
50788
49597
51549
49699
48123
48394
48285
50733
50545
49572
49591
49688
50224
50048
49303
48995
49415
49688
50041
50322
49677
48788
51374
50235
49853
49199
49291
50245
48793
49813
50227
50233
52285
48644
52005
48645
50203
49480
50833
50787
48751
49815
49373
50813
50653
49015
50772
48656
51419
50203
47879
49697
49330
50235
50217
49654
51371
51022
49794
49902
49212
49593
47715
49903
51894
50311
49665
50426
49147
50941
50576
48703
49228
49025
48729
49574
49316
50798
51159
50288
51261
49206
49375
50591
50144
50847
49453
48539
50691
48894
51974
52034
50533
48710
51404
48661
49040
51193
49670
47878
51768
47416
49950
50541
51854
49016
49670
49022
49831
49631
49288
49800
50707
50632
49928
51251
49335
48679
50493
50704
48951
49601
50244
49937
50418
51334
49706
47878
50357
51093
48023
49334
50982
51088
49065
50228
50212
50413
50433
49317
51522
51519
50042
49231
50088
49703
49854
49914
49746
50864
50507
50303
49824
48677
49890
52040
49226
50292
50066
51370
50936
50439
48996
50753
48815
49763
50003
48727
49099
49434
51016
49241
49522
49649
48473
51291
49252
50637
49127
48979
49467
50033
49451
50000
49983
49348
49147
49943
49132
47907
50644
50597
49575
49802
50585
49702
49615
49527
50717
49108
48283
50455
50936
50774
49663
49680
50493
50276
49185
51475
50097
51282
51228
50609
49276
49573
50525
50407
48293
50479
48699
50515
49868
50616
50766
48804
50439
51231
51405
50664
50510
49247
50051
48390
49635
49744
50523
50858
50993
46879
49312
47895
50283
49635
50620
50054
50975
50256
49112
49682
50737
51184
49553
49292
48093
50828
48778
49099
49716
49481
48725
49270
50597
50394
50550
49104
49972
48890
51619
50714
49159
52121
48570
48833
51879
47683
49123
48580
49508
49878
49723
49069
49236
50160
50243
49684
50520
48419
49316
49938
50092
49204
51144
49971
49967
49358
49062
49596
49556
50683
50945
50709
50072
49108
50998
49882
50178
50775
51351
50428
48308
51297
50366
51217
50489
51155
48011
49283
49169
49391
48819
50631
49298
48922
49014
50710
50137
49969
50464
52002
48062
49424
49329
49239
50699
51255
48102
50751
50010
49179
49886
49532
49575
50879
51579
49444
48572
50217
48786
50436
49489
49230
50502
50391
49458
48608
52043
49236
48189
50065
49950
49732
51981
49157
50277
49688
49895
49331
50158
48473
49132
50628
48976
50070
50518
50730
49710
51749
50995
48356
50918
48561
49083
50223
49480
49063
49787
50670
50882
47923
49486
49046
50281
50138
49822
49058
48903
49179
49565
50037
51235
50497
50185
49865
51061
49583
49265
49537
49318
49758
51162
51418
49288
49471
48919
49991
49509
50704
49397
50063
50592
47602
49334
48971
49079
47801
49482
50156
49410
48585
50589
48540
50199
50122
50647
49771
48461
49396
50040
48627
49305
49148
48290
49670
50933
50081
49430
49427
49581
49940
50505
49598
51558
48712
47694
49599
49981
48575
50570
49460
48527
50769
49078
50301
47992
50657
51410
50331
50242
50600
49244
50945
48765
49378
51016
48274
50040
50793
49584
49751
50423
50396
50384
49694
51303
52741
50571
50353
50839
51515
48886
51632
48779
49970
48113
51006
49358
49542
49916
50881
49767
50026
49783
48739
48946
50402
51398
51205
49872
48903
49418
50077
48921
48817
48798
49833
49363
50141
50058
49712
49867
49962
49176
51062
50150
50059
51041
52060
50282
50114
51288
50877
50741
51127
50474
48505
49470
48682
50447
49520
48021
49520
50012
49914
49396
51839
49765
51828
50895
48247
50055
50549
48401
51752
50045
50960
50488
50666
49253
50375
50342
50081
48440
50850
50039
49881
49040
48991
50112
48492
50071
49273
48060
49637
50113
49508
50882
49527
50470
51742
50243
49386
49374
50137
50277
50547
48926
48141
48494
49847
49047
50592
50418
50130
48861
49214
50203
48621
50747
50779
48655
50070
50060
50464
49881
47047
48806
48763
50314
49462
49756
49719
50053
50164
51407
49584
49025
50799
48945
48343
50169
48034
51266
48702
48698
49065
49492
49649
48667
48231
49261
51368
49682
50953
49979
50458
50184
50582
48781
50304
51075
52149
50835
50683
49040
49803
49745
50587
51477
49345
51062
49042
51846
50158
51136
50358
48817
49632
50241
50674
49087
48042
50749
50915
48744
49532
49275
51817
49787
50010
49046
49623
49592
50948
50758
50310
49575
51268
50069
49741
49187
49453
49630
49891
51345
50291
50161
49738
50752
48972
49226
50186
50973
50914
51303
48877
48654
49109
49254
50568
50731
50524
48759
50751
49278
50009
49887
51204
49376
48162
50240
48873
50467
49709
50343
48603
49746
48485
50806
48844
51232
50936
49914
49985
50334
49351
52125
49396
49658
51393
52979
49633
50452
51045
49213
49889
48989
49036
49801
48869
49760
50546
50358
51329
50549
49372
50009
49055
49794
50092
52024
50930
49653
49679
50022
52738
49924
50047
50964
50050
49084
49089
48846
49110
52088
51690
48276
50031
49784
50289
50406
50320
51419
49355
50046
49070
50772
50580
48779
50445
50382
49196
49773
49513
50719
51048
48192
48698
49584
49084
50282
49240
48915
50194
51615
49514
50516
48052
49445
48785
51487
51000
49078
51540
51976
50178
50476
49974
50445
49957
48746
49258
49359
50302
49749
49919
49336
49692
50258
49913
49168
49014
48915
49288
48515
48648
49487
49074
49782
49548
50108
48061
49576
51498
50396
49419
51282
49330
48062
51004
49215
50225
51538
49936
52308
49711
52081
49506
51561
50510
49247
50042
48688
50041
50082
50082
51236
51392
49653
48772
51217
50246
49678
52679
50455
48907
48919
50936
51244
50282
51008
49825
50614
49078
50509
50077
49214
49557
47716
50937
50367
51039
50502
48021
50039
50769
50173
50066
51000
48623
49091
49362
49746
48213
52118
49384
49654
51871
48638
51543
49702
52167
48747
47699
48919
49470
49009
49346
50435
50506
49551
50378
51069
50509
48476
50858
49821
48688
50810
50478
49010
48889
50705
51563
49509
50655
50367
50428
48736
53708
48782
50877
50186
49577
50077
48545
48837
49149
50906
49259
50875
50697
48909
49315
50366
49895
49708
49805
49614
51991
49212
52556
49998
51410
51726
50614
49464
50139
50555
48697
49369
49323
49849
51327
49949
48876
49043
48588
49934
48296
49990
49941
49877
50758
50751
49801
51796
51433
47954
49629
50137
49539
49492
49679
49106
50539
49755
48423
50303
51151
50129
50157
50254
49689
50474
49229
51814
50688
50926
48737
50953
51857
47414
50115
51514
50550
49276
49716
49610
50752
51002
48896
50660
48247
49988
50278
48121
49400
49967
49818
51121
48283
51591
49875
49714
51255
51718
50942
51123
48956
49461
49924
48453
50771
49768
51159
49353
48684
49841
51927
50325
47989
49129
48379
48621
51340
52165
49686
48653
51905
48521
49672
49402
51297
48961
49922
50998
51477
50258
50863
49371
49168
48676
49660
50410
49609
49302
51231
50232
49268
48267
49831
50258
49521
50704
49380
51898
51119
50482
49047
51778
49426
49787
51197
48975
50874
51179
49689
50571
50733
50787
49402
50823
51062
51162
51001
49958
49099
49985
50014
49078
52617
51504
49740
50885
48137
49721
49796
48760
51297
50126
47739
49569
49272
47044
49039
50828
50579
51015
49120
50653
50853
49581
50090
50009
50379
50069
50500
51011
51001
50350
48741
50215
48414
50031
49219
50516
50028
50488
51952
49756
50868
49069
50985
49924
49128
50414
48802
50491
50222
49775
48828
49836
49624
51035
50282
49120
51909
50496
50821
50835
49012
50445
48867
48461
51169
50167
49078
50548
49787
50053
50033
49856
49422
49743
50367
49866
50117
49783
51512
50334
49250
49021
52468
50408
49003
47871
50144
50192
48902
49418
51064
50019
49814
49919
49080
52467
51396
49863
49456
50659
48662
48096
49686
51085
50096
51198
48236
49729
49351
49393
50664
49319
50534
48891
48841
51464
52015
49289
50820
49565
51346
48465
50798
50743
49536
47376
48381
49157
49304
50801
48323
51063
49360
48212
50001
50368
50317
50774
49391
49069
52410
49508
49345
49900
51204
48980
49594
50340
49225
50699
51293
50243
50786
50288
50207
48215
49326
49623
50505
49345
50507
48482
50817
49873
49531
48934
51333
51388
50918
49215
50034
50916
50145
47879
50239
50427
50468
49377
50772
50147
50253
50072
49851
49491
50433
51627
48681
48687
50918
50277
50546
50373
48746
50474
50019
49485
50789
50667
49460
50385
49620
49985
50235
48977
51094
49675
49564
48789
50232
48872
49866
48449
50841
49301
50816
49029
49662
49464
49995
49969
50434
48399
51398
49905
49174
48602
47915
49403
49313
49357
49813
51395
49512
49966
50859
50979
50322
48999
50126
50204
48522
49676
50816
48294
50966
48165
49036
51003
49473
49519
50840
50834
49300
49998
49621
49483
48672
48821
50337
50411
53755
50186
50409
49789
51331
49363
51124
50906
50847
50820
49106
51258
50921
50282
50559
48697
50203
49131
50211
50399
51129
51389
49944
50133
49892
49203
51306
51262
50200
52037
48006
51215
48814
50605
49209
50265
49814
51409
49276
50412
50668
50119
49190
49062
52121
49498
49409
48258
48596
48710
49368
49257
48755
48780
48494
50276
50837
50207
49897
49294
50586
49150
51262
51290
49806
49493
50445
49082
51078
50597
49423
48752
51167
50557
51012
51503
50570
52046
49756
49477
50395
50375
50264
48726
50112
52600
50209
48173
49045
48947
48210
48859
50817
51206
47993
49325
49030
49644
50795
51419
50173
48892
49388
49298
50536
49154
48954
50221
48392
49987
49344
50247
50241
50306
50441
49420
51380
50104
49235
50353
48843
49740
49501
51563
50711
50614
50466
51842
50688
52335
49714
50901
51278
49984
49675
51511
50534
50652
48415
51145
49555
49096
49254
50821
49495
50780
49629
50565
48879
51663
50146
49820
47755
49569
49622
51456
50736
49406
50531
49424
49040
49122
49925
51113
51047
50885
49457
49822
51106
49149
50415
50184
47440
49595
50663
48971
48620
49858
50613
51318
49936
49212
49789
49905
47802
48402
48428
50048
49510
50248
50425
49995
51438
49537
49491
49112
48872
49132
49460
51856
47701
50404
49821
50357
50311
49869
49795
48628
48440
49964
51911
49233
50337
49051
49612
48832
50016
49619
49222
49370
49614
51069
50350
49168
50199
49930
50996
49959
48572
50499
50429
49698
47480
48649
50568
50621
49580
50017
50818
48925
49819
52032
48163
50867
51697
51446
48026
49389
50415
51436
50241
48800
50895
50765
51022
49591
49403
50850
50215
48070
51626
48827
50059
49917
47083
51325
50041
51400
50023
49454
49256
50720
49472
49993
50278
51029
49680
48283
50893
50744
49956
48384
50124
49289
50123
49498
52800
50473
50059
50677
47940
49889
49156
49670
47500
49064
50265
49349
50850
50423
49601
49622
51468
49845
51350
49199
49309
50620
49734
50077
51992
50657
50460
51732
49255
50416
50627
49044
50202
50133
49116
48597
48275
50992
49309
48936
49079
51167
51317
49835
51031
49646
50121
48583
49641
50393
51075
50790
50915
50711
49637
49438
49773
50515
50914
50629
49346
46935
48864
50292
49470
51399
48301
50695
50032
49267
50050
51010
51736
49052
49370
49100
49478
50359
49457
47680
48947
49956
49080
50455
50370
51200
49914
51077
50821
48813
50259
50170
47046
50706
50707
49149
49094
49550
50540
51711
50550
49664
49437
50258
48668
50281
49740
51211
50352
50566
47974
50939
49468
51437
49983
50595
50112
49896
49859
48452
50455
50153
49643
49861
48293
49497
50361
48879
50490
50211
50552
49233
50305
49654
49925
49250
51372
49763
50712
51767
50075
49638
51426
49445
51562
48977
49820
50356
51731
50321
50621
50720
49229
50128
49480
50978
50193
49696
50350
52066
49678
48970
48118
50414
50725
48891
50696
49462
50171
50226
49884
52207
49130
48419
48709
50552
50089
49513
49373
49958
51066
50980
50259
48307
49930
51120
50441
50438
50062
50937
48467
51067
48674
48035
49479
49273
50606
49771
49785
49216
50497
48776
47545
49837
50465
50125
49790
50112
49885
50625
46888
49575
49561
48929
50169
48970
50067
50906
53347
50780
50302
51047
48432
50632
50005
50548
50561
49971
48562
49873
49215
48045
49264
49625
48336
48999
48090
51165
49260
49615
50021
51630
48350
50422
50725
51269
49065
51010
51491
51083
49184
49199
49564
49025
51089
49994
51284
48662
52030
50029
50511
49405
50115
49518
49084
49988
49948
50139
49374
49782
51447
50443
51851
50602
50952
50658
49628
50591
51065
50589
50331
49397
49262
51420
49184
50480
51380
49514
51016
50352
49736
50106
49136
49529
47855
47986
51933
50467
49167
48673
48808
50778
49004
49567
50813
50853
51343
50147
49614
50592
50734
51021
51104
50750
49397
51942
51359
49074
50027
49582
49218
49761
50351
51167
50597
49735
49548
48723
51686
48930
49258
49723
49719
49827
50501
48377
48762
50544
50260
50456
48406
50531
48580
48970
49252
49255
50291
49954
49882
50643
48693
50752
49297
51163
49482
50932
51676
48844
50401
50152
50785
50879
49531
47790
50281
49059
49973
50084
51332
49106
49111
48952
49925
49310
51197
51306
49482
50662
49347
49193
48475
49788
51658
49487
50634
49989
49711
47989
49751
49586
49622
48902
50159
50325
49051
50852
50702
48791
49446
47988
51135
50386
49669
49706
50394
49803
50744
49536
51082
50280
49750
49383
50259
50774
50722
50390
49565
49323
50446
49432
50709
50816
49261
49260
48953
48562
48757
53130
50987
49972
48702
49006
48794
50722
53637
48456
47417
50415
49467
51801
48743
50254
50072
51025
50228
49908
50773
49420
47343
50089
50731
50108
49270
50561
50637
50143
49474
49979
51911
49755
50504
49012
50490
51007
51387
52293
48457
50328
51121
48662
49608
50980
49993
49656
50181
48235
51001
49050
51163
50189
50034
50282
48899
51148
48911
50254
49241
49796
51062
50317
50313
49581
49364
48878
49792
50328
50736
49519
50886
49009
48512
49413
50157
49148
51060
49159
49312
51160
48098
49742
50863
51563
48559
50410
52604
51619
48988
50736
49651
50032
49205
49943
50069
48710
49676
49269
50036
49420
50328
50244
51705
48275
50026
49015
48054
51688
50178
49380
50666
49944
50506
51357
50324
49969
49550
49209
49370
49511
49167
51273
50336
50272
49566
50151
49591
49132
51203
49458
49566
48930
50698
51898
51979
49725
48523
51667
47816
51025
50682
50066
50124
50156
48866
48502
48991
49997
48712
49227
50595
49320
50629
50350
50557
50054
49343
49476
49173
49681
50754
50863
49724
51295
48795
50753
49986
49810
50346
49392
49765
49228
51694
48950
49445
48105
49382
49644
50138
49477
49944
50438
49139
50869
50225
48484
48728
50634
51240
51000
49350
49711
51287
50805
50517
49503
49091
51622
51789
49665
50536
50739
47268
50102
51092
49199
49833
49200
48496
50143
49493
50098
49226
49046
50619
48232
50052
50221
49724
50956
50236
50856
49026
51371
48663
51000
50837
50127
51450
49633
51175
49695
49898
51223
50794
48675
50039
50975
48684
48978
49830
50236
49920
49772
50485
49397
49076
50901
51274
50629
49883
49015
51267
50883
49444
48683
49362
49410
49712
51142
49633
49472
51905
51273
49414
48723
51750
49278
49896
50636
49488
50987
49175
50722
49509
51852
49661
49143
50468
49971
48852
50231
48771
49871
48641
48097
48762
50886
49973
50933
48270
51190
49980
49195
51115
51465
50343
50342
49908
51551
51438
49330
49917
49262
51273
51871
49219
50766
51156
49940
50242
49458
48611
52620
49300
49115
49949
48967
51039
49184
49511
50690
49506
49735
49978
49253
50142
50808
50233
48921
49483
49985
49357
49761
50192
50292
50872
50057
50413
50721
48509
51381
50334
48980
49604
49675
50412
49855
51377
50718
49494
50438
51460
49669
51735
50772
51925
50910
50351
48874
51077
50692
50179
48993
50007
49523
49970
50730
49751
49617
50061
50480
49512
50044
49953
49804
49497
50170
50283
49129
48992
50175
50367
49482
49144
50293
49493
48855
49818
50024
48159
49010
49877
50906
49741
49285
49450
52164
49557
49256
48815
48682
49248
50716
50439
51057
48455
49100
49921
49102
49384
49718
52103
49671
50421
50634
49763
49452
48820
51157
51106
49944
50777
48511
50106
50406
51302
50698
51954
50310
50044
49444
49995
49805
50131
51259
50456
49206
50339
49529
52023
51398
48314
49670
50105
49020
48781
49115
50697
50035
49593
51848
48960
49213
51066
48832
50075
50548
49995
49324
50699
49642
50179
51061
48945
49044
48894
49430
48151
50698
51037
48444
50213
48457
49324
51523
51007
50137
49106
49354
50089
50264
49390
51152
49121
51385
49384
49560
49894
49429
49361
51422
49277
50150
48474
49307
48846
50689
49739
49841
50912
50438
50758
49501
49614
51163
49865
50346
49417
48101
47992
49923
48608
52111
49763
49728
49776
49944
49270
48051
51615
50192
49169
50189
49784
50260
48225
48394
49919
50186
49149
49321
49518
50677
48901
48697
50547
50147
49618
48872
48565
48606
49349
48878
49677
49917
49179
49290
49231
50013
51673
50034
49669
51161
49105
49591
50535
49504
50537
50866
50424
49888
48592
50566
51060
50361
50184
49541
49181
49662
50382
48672
49228
49885
49761
50109
48640
50672
50772
49681
48750
49296
51245
50520
50099
49449
49996
49893
48099
49369
47840
48757
50686
48170
50338
50188
51113
49818
51533
49840
48877
50375
50340
47085
50525
50556
49616
51197
48550
49090
50750
48832
50075
48972
50895
51158
51874
50598
51938
50515
50565
48180
49142
48424
50382
47882
48655
50021
50231
49589
51016
50462
52038
50066
50111
49038
49731
48813
50870
50260
52197
49056
51182
50997
51229
50296
50268
48893
48208
52187
51156
50509
51484
50118
49087
50227
50259
50321
49943
50450
48136
51789
50993
50516
51910
48996
49637
49998
50362
50150
51007
51681
48877
50825
51661
49129
51941
52284
50844
49469
52079
49970
50689
49866
48462
50575
50074
50577
49692
49828
49647
48992
49077
51211
49967
49006
51247
49956
50219
50094
50254
48445
49240
49954
50030
51028
51624
49199
49438
49462
49962
49004
49940
49087
48952
49132
49380
51391
51855
50467
49699
49438
50251
49446
49477
49239
50521
48896
48532
49684
49427
49929
50581
48918
48334
51453
50582
50871
49272
49728
50717
49728
48274
50168
51234
47912
51084
48547
50388
50258
49708
48690
48823
49910
50148
51061
48500
49721
51111
49655
50399
49985
49878
49444
49786
49746
48820
49141
48566
50981
49173
50234
50003
50347
50716
48313
51675
49536
49163
51166
50863
50628
51139
48895
50858
49284
48095
50938
50925
49122
47946
50646
50198
51290
51671
48398
49541
50095
49688
51720
50412
49612
48602
48666
52600
50972
49093
47195
49351
50827
50301
48779
49115
50598
50027
49044
49205
49737
49815
50402
51039
48341
51402
51362
49600
48896
49129
50247
49329
50787
49092
49519
49914
50769
49849
51351
49512
49908
51370
49560
51044
49517
48710
49890
49840
50753
50572
49605
49245
49388
51387
50001
50413
51310
48888
50622
50261
50092
50964
50201
48917
50452
48498
49921
49047
47436
50243
49358
49914
48698
50087
50129
50393
51430
50607
52408
50153
50100
48404
50241
50281
49272
49700
50270
50287
50977
50496
51599
49312
49856
50034
49759
49315
51656
51323
49173
52736
47975
52026
49748
49080
50515
49915
50762
50721
49290
50303
49805
50997
50718
49250
50019
48757
49203
48612
51018
49430
51275
47271
50190
52020
50340
49239
48790
49686
50441
48359
48611
48061
49795
52572
48156
50153
51100
49920
49592
48721
48541
50448
50236
48860
48965
48608
48707
51435
50170
50322
49733
49906
51792
50025
49291
50191
49044
49026
50092
49397
48854
48696
50313
50604
50181
51169
52359
51272
50451
51285
50442
49448
52438
49396
50793
49558
48116
49776
49130
48494
49722
51891
50343
50179
50066
49931
51657
49637
51493
49267
51712
49402
48947
50632
51806
48695
49446
50994
50789
49506
49461
51052
49844
49058
51082
47865
50916
48686
48713
51285
48736
50829
48318
49993
50489
49638
50178
48739
48232
49659
49110
50783
50031
51923
51182
51056
51263
51059
50767
49974
48521
49507
52075
49931
51036
49098
50754
50040
50153
48720
48177
49155
50588
49392
51081
50158
49273
49649
49162
50084
47812
50227
49612
49089
51209
50953
49925
49535
50361
50407
49493
49792
48445
49855
49910
49931
50588
50919
50244
49614
48339
51090
51067
51497
50558
51428
49721
51587
50568
52353
51319
50189
48338
48808
50326
52168
50942
50386
50508
50870
49701
51623
50652
50301
50076
50088
