28941
93634
62827
67178
15243
58219
872
91387
16713
85652
44802
63085
23137
71666
54092
46230
2347
94172
71457
75654
38625
81837
68476
89494
52549
79484
22497
15358
85410
32507
37686
84984
2305
53386
54111
90706
4681
17910
57686
17940
50593
23332
3277
64146
54574
19139
2753
74841
68248
6369
67691
1472
74984
47608
1393
87841
69110
15508
89687
99033
2412
48359
35936
3599
77028
63413
59435
97250
17568
48588
38616
90243
3728
97931
99729
99340
98812
44613
13465
13026
79371
65724
74848
56872
53245
11853
92082
46360
80038
82092
32847
15086
11237
58700
65198
51400
3443
6029
73131
95901
90626
2418
54901
8308
95737
47199
70949
81833
43533
9924
11295
61683
3041
44530
39009
60624
60199
33841
98023
21275
17107
96085
1957
86177
44698
70326
36829
75449
21344
7186
8073
76644
75876
43028
72647
38888
74965
39440
5597
78490
47908
19625
13351
19204
69021
57987
91727
36620
56192
40741
60775
44592
93925
73904
50110
81702
79927
38408
67697
31023
89246
48704
81003
11968
81057
32386
24885
25922
60171
25759
39613
56640
67388
17118
32904
90621
20852
33107
31709
73845
45346
30815
30631
69041
25391
29316
60717
52312
88980
66678
25683
90301
18589
88683
18080
16377
15199
79951
33422
48750
43307
1967
77347
1933
63280
95754
38276
72394
30917
99254
21343
48532
15807
15240
51503
487
50022
83510
67243
50554
1881
11804
66376
76174
47444
49767
22562
75137
36860
64979
3646
43527
13286
58257
28504
55219
58306
63547
43413
18872
65235
14907
58134
85526
87831
97451
8213
85744
52117
63630
8149
27002
67840
35407
10760
90695
9790
96293
24611
28798
25048
79618
38126
46341
31978
29632
7522
22366
32235
95431
42239
35393
30673
49500
9699
35212
73840
40017
42610
21945
8874
15543
75035
94911
11448
53245
98211
30223
83254
14104
89974
28298
44252
73093
68080
41800
49982
63764
50436
30729
28048
12857
39879
37767
81755
28919
70470
65079
77099
94375
97761
41524
13265
31102
41121
78407
79159
17919
31407
99180
24246
85676
98779
54680
91099
41809
26449
32487
17489
58100
44713
92407
92534
99430
22676
58549
34671
15779
28756
30393
409
11039
33248
34981
98211
30500
30451
50677
70280
84423
63641
32123
66492
56065
13144
673
88639
32239
40700
66012
86332
82053
39844
97370
53836
52652
72464
66465
30518
67535
35116
85764
6793
57302
60573
47476
76557
13280
20631
38204
57075
137
67749
91034
48383
6524
69490
60402
28461
83186
35154
86821
64340
50846
20472
30906
78635
87798
45993
67726
82942
63899
25724
29194
50363
40812
38162
34559
9137
2941
26851
76476
23183
38150
63750
81373
94857
80704
92181
79788
75491
73065
6867
735
15813
23680
44863
54157
98831
7533
56409
82617
72748
5760
59313
7329
3124
94232
65966
66215
175
50419
45149
25979
26637
31491
47181
97798
49308
80180
62934
35405
41160
44131
76520
9528
92599
95187
86816
65419
3240
89636
52264
43000
32423
38931
6461
26394
85081
55937
17110
91352
62981
28083
26170
24021
90992
10926
21415
18196
43703
84118
33469
99244
88570
17158
91000
19436
87733
60941
65215
51976
83351
51290
50609
39109
36338
89858
40549
92767
830
72333
795
9229
36606
41333
13795
89528
20186
56067
82224
52081
31432
83685
67894
59161
74090
41344
90288
41644
7823
42043
72407
83170
4837
77602
99270
49934
65144
53575
10906
19675
11551
4785
2922
26830
65527
6302
20712
89948
95639
77541
75787
48619
88864
35809
68417
40575
32841
60791
21897
11658
94186
24871
51764
42354
95230
94469
1621
67113
47975
85880
6086
64392
61241
25099
119
72222
21341
97638
22301
18912
38796
30923
84627
149
3212
31987
92155
36080
60249
71271
23513
43036
37347
76986
15542
71650
4230
96031
33633
35141
86268
80935
38065
93699
83116
12032
93710
63861
61079
66830
53022
22574
34113
22191
80227
83305
86918
15520
15503
60550
76511
74440
41484
93296
50176
59426
97012
22928
5589
70410
59741
53176
25882
15899
1538
38741
38437
22409
10896
62523
41137
73890
12290
80127
58523
20449
21005
44356
95302
43377
60105
11218
99090
23467
96938
5387
57879
99869
52944
69387
71146
5400
99945
68687
21870
95932
1374
1723
22023
93010
80710
37037
35688
18459
35544
59048
9138
66242
22686
71813
95157
76192
72730
51684
54917
70262
67982
92394
78011
96755
75237
58635
87328
97326
62264
7630
13019
48162
17606
35940
26755
33613
97867
9837
87317
54334
33896
37211
48246
63217
62977
79663
93236
39069
82136
49077
13803
47215
49504
6260
54616
64708
3587
29945
21819
76170
89939
31499
99351
50611
95297
95666
60103
27751
90059
52649
72508
15151
12881
70853
53712
52758
10085
26276
86759
6516
17628
57584
96245
58333
47339
92161
86947
59995
96060
42766
69660
88012
80363
44860
19183
69174
30904
92538
15156
67020
45089
38546
35959
3148
81688
40527
9527
58752
26900
82249
35394
24697
76846
33124
7866
54307
97822
45051
61458
97321
63788
6810
61838
4050
16601
85883
65606
89401
92140
67781
94001
94373
56440
92321
29608
18076
33395
91281
20054
11145
65387
7718
22959
74817
56975
58810
80966
77071
38309
63729
41407
16391
14586
40593
45244
26838
735
23938
11608
42502
76013
16004
38494
82021
46191
41673
63561
56665
94198
67460
6778
30774
72359
82152
75907
2035
9173
72054
28434
79116
92912
53980
68983
93111
23147
65344
29967
63476
87215
15478
90410
89792
32967
34097
80256
43262
89179
79124
97189
78904
13817
41772
11900
66138
22599
39751
67161
46783
38286
64487
17546
90601
52835
15632
82849
85603
48435
53730
70530
53391
41823
42414
21272
43234
22846
35141
84093
54814
12913
34654
40203
24800
14748
37582
89322
91434
85669
75561
39019
71197
32107
1700
75557
63275
12876
88406
26951
68326
71059
96341
35822
2056
21721
16246
29878
96928
85352
57936
92103
89261
73737
64413
80285
2361
70107
62125
60520
40057
71342
57842
32826
88383
21707
40232
43256
71557
82359
90429
49310
13812
72723
70780
8774
62676
5163
96767
52237
92243
18667
42847
70239
50230
6120
1942
29387
57683
56802
63697
12519
22604
68316
95696
62232
97999
86202
92470
31343
61354
15453
83930
8
5607
47915
10557
30673
7504
48225
91664
62872
70814
16710
64217
20717
82
26030
9789
59451
7643
12974
14615
9201
12973
13643
26135
88120
30899
24362
34174
24787
78586
95093
67517
