85964
30997
80791
46077
11745
95719
5961
74398
95297
59828
82257
46256
72462
16133
15156
16377
60583
91344
41530
62069
42974
34345
9785
47453
16117
95737
37241
79493
84590
26427
2684
27011
31535
74025
76951
23451
64676
82803
33658
64681
28843
29505
86451
59922
64762
90241
22077
63984
24289
35399
76500
48574
52425
19454
93797
44240
3893
92307
5268
14259
76004
9301
56797
48617
60267
16956
36432
14967
75146
18164
48881
34254
21973
18821
74326
72359
8320
87182
91516
52979
4788
2521
22398
3006
81826
83524
51627
86514
41885
95581
95856
65849
6503
79092
31205
73098
61115
11720
48596
96517
