53582
19407
55324
17134
41724
82123
57011
23804
52296
11811
62508
53494
77440
69971
93162
22516
42040
83500
28119
79096
50910
2442
94338
54241
69829
1186
4800
4091
31722
2465
41013
3513
42313
10428
30739
3886
55714
70929
6978
39086
79119
72173
32885
12058
82593
93176
68813
9025
6882
15747
48818
42859
33988
39749
81547
65156
32134
31920
99643
9131
97468
75512
24950
651
5601
27043
90822
17407
30449
43502
56014
81633
14497
51697
98931
16702
94482
63292
80993
15242
60300
64212
98060
69017
29351
6980
46574
79220
15890
49488
19616
85690
80773
77813
92943
38532
69612
53468
31399
21554
99639
87357
24575
40340
32733
77135
71100
7972
96074
90251
20272
33016
57293
22605
43857
17071
46703
51317
47177
64562
53705
2388
32572
85838
32179
67214
16253
30362
38659
79073
85269
22870
66386
5474
59829
36843
70926
45301
11471
70098
83662
10811
94850
8127
61580
54313
92566
82969
26752
55644
8012
29492
84251
61776
71143
79148
98943
55662
15040
68597
54719
31248
86839
59577
98167
40256
1754
45040
45331
20796
82760
1323
86953
27432
74909
1108
36481
54744
60369
81930
61846
78950
83684
94186
11978
93605
15150
1204
68695
58182
14832
42537
26062
4405
14695
17350
95699
66046
94569
96756
16281
85472
1143
68322
27502
54606
35280
28262
73210
28877
7169
16201
59106
80579
92036
25426
50486
67729
77785
15498
19859
88803
25675
95921
81962
72501
57465
59993
57856
81202
12680
20200
12773
65832
78188
24934
18408
76377
54813
75012
33398
47774
33446
93490
87488
32032
96602
63348
29487
69667
82393
5209
10962
30156
31233
66004
96476
95905
66029
34705
16066
36271
9482
51568
93989
47022
74958
7093
84987
91492
7276
27818
81091
91848
36136
82555
8294
82989
57930
97165
77149
29513
76786
8207
80069
28878
20566
54475
96216
2077
39650
86472
55379
93673
5639
4409
51142
44430
83308
28078
78209
20625
22060
76769
1426
23610
45972
90410
77854
62179
76804
26211
78112
17138
67191
72264
22838
59256
78270
39969
74150
18402
1451
46477
65134
38690
4711
73140
62378
53144
95980
14749
96538
54755
27026
6437
55202
52088
51759
77900
72091
14844
90121
77592
78933
43802
23107
84096
22874
49726
94685
62373
20116
86905
8270
37221
75435
64552
93965
67249
92788
9363
24570
1760
62534
27912
88537
34716
12117
29015
20664
19367
81341
99456
63025
84603
50342
34034
6423
42257
57193
28072
13457
6304
63753
7639
36218
45637
5343
55140
18304
9493
25823
70544
66104
13241
97122
83787
78626
83509
30784
92354
14428
73990
91631
71542
20945
20950
10352
25072
88509
79055
84124
68479
17230
72204
61149
17546
73271
73993
9681
70116
54508
65898
67918
44053
57430
38272
68043
5793
99987
27763
99146
46545
17898
98883
47353
74210
20016
13157
76198
1650
1220
74262
73657
68885
1207
99162
18999
12613
53379
27424
10087
31235
10035
64290
63905
6270
22298
56058
44933
32338
66415
49320
63744
11960
29569
3712
11065
72534
31903
89689
85936
66449
42733
96522
66711
29698
4425
4806
82326
35936
29165
10284
94695
70226
64386
32161
29061
59488
36870
32232
11706
5312
22158
68599
14812
55802
39439
16987
94109
44095
45571
96386
16640
53202
34281
91125
86061
74334
43160
16507
63224
12003
22748
92166
14209
49936
24550
39178
40755
97858
48488
76623
39863
33540
66616
30271
8028
76440
51850
840
82136
82561
23749
79282
40773
41085
65399
39244
30850
99845
65147
51258
72893
89553
53340
95993
15889
36531
28819
88765
14289
96297
41696
95731
16134
55513
22816
58955
77564
34615
89664
9495
34710
20599
76506
21567
78432
75556
62467
34732
74498
92481
38911
10555
31855
85394
24162
14103
42947
60092
73195
48300
28026
23005
74232
82534
79874
12089
90924
39886
76485
63923
58913
4800
69288
28425
93963
7768
25765
39559
74182
61912
52777
71244
22034
9187
84027
47324
39645
25360
59721
28189
77733
805
25270
35811
12246
41419
44339
8180
85991
62606
56825
27896
62664
42793
21536
70149
15915
39372
17364
16286
78883
35364
63465
75989
46657
98101
65992
10249
24224
21820
66338
90339
87700
56135
85726
61498
57142
94213
95633
77811
42219
96884
46382
67947
17227
8980
4152
65534
71951
814
11935
81590
73088
8965
10442
29567
51390
35322
6314
27594
8890
88477
10537
26044
59308
18495
88809
51300
75819
66129
59666
80456
66409
551
88767
13188
12037
59833
5269
21065
66090
13533
17603
5752
99512
76980
41413
6704
76304
65320
40237
45895
66223
22181
92075
76880
68942
97120
33628
79173
28760
88439
28413
65267
4842
77856
96274
77596
70810
6563
25944
38073
43499
17288
39396
84028
81183
96579
63190
56077
61636
28166
520
5607
95034
55707
10188
21161
67009
95613
46116
87823
21071
93229
88858
47465
90889
31514
54904
4795
10669
44193
54513
36661
71918
64608
95421
36929
41961
40781
77177
88075
14888
81532
90693
20303
82848
96595
96
12803
25733
87640
90347
88895
99292
37859
89155
64673
51018
96223
16956
84178
57435
84553
47241
20213
43393
40037
14581
65859
20925
61010
63399
9230
30918
64502
4523
24253
46255
23445
17734
42242
89590
33902
73166
83058
70596
90854
82247
51710
19796
52766
33076
31732
82041
54960
81294
44273
60833
61497
37673
51698
74523
7148
80474
96600
99449
51219
12622
73830
75264
8561
93374
22333
15159
42748
47242
50017
87910
95595
24816
3412
91243
6449
2478
98196
49706
52786
84888
53688
77684
11163
18212
49124
58197
80381
93746
72730
65600
30504
82805
98575
36383
13553
67678
85779
87626
28755
70831
70056
50908
72704
58175
3202
38716
3276
11494
35483
14359
4444
3826
37694
43324
35420
74064
52026
17017
82254
47026
98083
49780
72583
36187
53140
48201
42712
52695
52783
35359
25343
71394
72615
43240
33312
30301
35124
85411
37159
18163
35510
87745
56348
8173
27125
42373
93656
44720
95480
61807
91091
96914
1058
20101
69819
7585
77020
98702
87078
69730
64249
59433
84273
71329
75482
70328
62916
99065
96999
21894
10687
96891
74273
58737
13812
23166
35606
49387
48048
39318
80348
82468
2547
71275
79468
71182
80703
23675
29580
90736
90150
65197
40304
56434
30059
28148
82923
27464
30879
58206
78369
80643
11275
7061
57054
4345
18612
98103
10802
43006
24382
24651
5705
45222
24359
12455
63771
39485
52017
13850
32846
53897
90379
99837
62490
32811
17654
