49525
48653
51316
50610
50091
50540
50609
50258
49716
49326
50944
50541
50048
49760
49153
49216
50616
49223
50670
51119
49089
50834
49605
51106
49120
50555
51170
50442
50160
49819
50446
49147
48632
50913
51229
50945
50451
50228
51536
51726
48654
48469
48180
48865
51162
50310
50643
49686
48287
50614
49903
48982
49968
51082
49758
49015
48683
49797
50664
49848
50120
48845
48651
50237
50640
50123
49235
49951
49351
50001
48485
49968
50110
49800
51256
50557
49859
49915
50226
50216
50185
49204
48347
51201
48922
49883
48563
50159
48816
48074
50060
51712
49073
51292
48109
50620
50273
48090
50889
50605
