49279
52440
51394
48669
49026
48740
49793
50607
48906
48202
49486
51593
49901
51430
49281
49217
49607
49930
47654
51063
48889
50618
49842
48902
50930
50816
49842
48941
49501
49663
50102
48328
49414
50111
50169
51156
50705
51218
50946
49394
51682
49544
49335
50152
47516
49771
51441
49342
50076
49360
50959
49464
50737
50903
50419
50791
52616
49468
50173
49810
49744
50695
50554
51012
48284
50011
47010
51171
50484
48428
50154
49510
50873
49211
52006
49356
49747
51171
50000
49439
50897
51017
51184
48865
49813
48617
49993
51443
49420
49432
49714
49198
51172
51410
50922
50459
49230
50277
49167
50801
51220
51526
51391
50796
52681
50113
49314
49960
49218
49244
50427
49417
49143
50360
50677
49990
49936
51211
50877
51511
52059
50000
49539
50562
49601
49736
50834
50062
49430
49545
50292
48236
50442
49719
48686
49993
50855
49232
50017
51272
50356
49974
50458
50584
49574
52235
49501
48692
49121
50269
50352
48803
50103
49917
48950
52661
48145
50591
51269
51253
49840
50892
49859
51582
50724
49668
49388
48338
50924
48557
49067
51624
49475
51798
50346
50622
50521
51286
50643
50878
49255
49913
49448
49799
49048
49816
50494
51639
50922
50173
50119
50352
49645
50731
50447
50805
49517
49769
49661
51132
49341
50510
48447
50490
50329
51152
52550
51533
49509
49720
48966
50602
49450
48689
49331
49663
49099
52249
51977
49381
50258
50366
48521
50618
50321
49474
50424
51029
49194
51187
51118
47805
47567
50719
49886
49889
49841
49968
49284
50463
49656
50133
49833
48100
49432
49243
49980
49934
49300
51026
50973
50442
52249
51362
47753
49573
48134
50631
51588
50567
52097
48656
49710
49208
49921
51327
48326
50278
50907
49299
50989
49854
49310
48884
50386
49842
50339
51458
51325
51546
49541
51006
50059
48893
49850
49894
51290
51033
49022
50185
50876
50388
49454
50392
49303
50270
50732
50346
47841
49285
48929
51036
50736
49524
48410
49886
48335
50267
51549
49338
51554
48317
51088
49749
49905
49576
49132
50084
51087
49632
50143
49387
49769
48791
51135
50100
50295
48844
49818
49509
50008
50652
49561
49402
49303
50319
51210
50724
48401
50717
50268
52164
51907
48877
48984
49189
50597
49970
50427
47731
49902
49185
51040
51450
48664
49322
48840
51363
51255
50012
50655
51284
50650
50125
49553
50001
50059
49238
48297
50317
48242
49223
49536
50722
50020
50229
49930
49955
50235
50877
50035
50361
48925
50223
49599
48870
50746
50425
47914
49677
49541
49227
50305
50343
49371
49413
51200
49323
50923
50356
50926
49504
48921
50426
50373
48366
50326
52040
50438
47753
50041
48793
50524
51940
50065
50203
51975
50523
48977
49758
51004
48014
51096
50320
51799
48586
48484
51415
49298
48401
50152
51902
50652
51059
50884
49371
52912
51939
48460
50709
49586
50449
51125
49966
50135
49672
51260
51564
48104
50811
49751
49994
50328
50260
50442
49508
50007
50681
49806
49743
52907
50285
49430
48631
49552
49759
49483
51129
49609
50274
50989
50890
50104
50862
50798
51289
50063
49227
49203
49145
50831
50444
49833
48809
50316
49723
50580
47733
51127
50457
50201
50329
48355
49699
50058
51317
50982
51865
49494
49005
49711
50535
50955
49450
49974
49424
50278
50559
50092
50022
48387
49349
49262
50491
50719
48563
50764
52041
49332
50933
49998
49801
50632
49106
48524
51463
48877
47791
49080
51178
50614
49729
49636
50936
49593
50693
49445
50443
49974
49592
50253
48945
50670
50232
49410
49740
50972
49120
50632
49083
49356
49155
50059
50312
50929
50311
49609
50322
49652
49354
49068
47973
49792
48542
51543
50312
51140
51377
49631
49138
50993
49728
49295
47097
50317
49798
50152
50769
49722
50812
52562
51006
51762
51551
49593
50042
49836
49644
50693
49912
48450
50050
51498
48530
49937
49672
49427
50518
49619
50835
51049
50129
50393
49002
49202
49663
49044
48620
49384
49114
50010
50054
50578
50344
50108
48036
49877
49670
50769
50634
48704
49711
49699
49979
50302
49345
49386
50716
49900
49794
49366
50534
49350
51374
50289
50615
48420
50592
49608
50004
48355
50314
50560
49701
48853
50845
49208
49971
49171
49681
52566
49446
49703
49389
49243
50951
49645
50535
48884
48650
50716
49212
49434
51022
50600
49868
49723
49133
48932
50630
47076
50511
52052
50330
50282
48388
49790
51381
51760
50659
48609
50512
49598
48890
49791
51301
51390
49158
49957
50538
48841
48889
48724
49923
49185
51879
50297
47711
50720
49751
49874
49797
50786
48160
49247
50933
50364
50444
50530
49550
49860
51222
51075
49045
48549
49945
49466
50233
50530
48295
50885
50872
49228
51685
50477
48400
48931
50914
50821
49120
50293
50471
49368
49041
50152
49442
49209
49663
50277
49117
49943
49447
50676
48432
50609
49170
49897
49512
50157
51771
50683
49344
48982
50272
50422
48318
49973
49158
48759
51417
50293
50116
51178
48882
51344
50335
50453
48988
49566
49883
51298
49766
49973
49299
50228
48987
49069
49509
50964
51225
50990
50570
47997
50379
49030
50418
51377
48706
50892
50917
51718
49983
52318
50280
48809
50857
51544
50118
50262
50304
49246
49572
50951
49377
49833
48973
50865
50916
48599
49667
51165
49967
49984
49612
49144
50151
51765
48913
51252
51111
50990
49004
48975
49778
49788
49815
48722
50283
51385
51411
50877
49520
50378
50475
50677
50378
49256
49635
48926
47628
51241
49229
51131
50767
50298
51989
52674
50659
49301
49806
49685
49924
50078
49638
50306
50655
49235
50055
52204
50152
49517
48890
50545
49787
48968
49343
50856
49689
50138
49601
50392
48468
47705
50687
51085
51039
51246
50372
49361
50526
50158
51581
49037
49443
48896
49902
49433
51285
50569
49253
51481
50713
52236
50311
50498
48347
48888
48938
51183
49712
50000
50292
49824
49734
50236
50226
52181
49553
48813
51623
52661
50101
49187
51597
50033
48515
48788
49242
50277
51487
49557
47370
50943
51251
50266
49926
49207
49159
49832
48634
50247
50818
49729
50657
50841
50248
50180
49451
50485
49725
48966
50293
49476
49306
49275
49295
49732
48854
50606
50756
48247
47702
50151
49063
50014
50715
50406
48930
50701
49575
48994
48504
49584
50360
48959
48790
50941
48977
49871
50782
49756
51178
49403
50450
49724
49438
49788
49632
50014
50236
49715
49296
47996
49761
49743
49561
50487
51460
51190
50748
49221
52313
51036
50176
49642
49960
50488
49345
50583
51114
50395
50820
49149
50764
50096
50515
47592
51162
50184
48861
49960
51089
48563
51122
50044
49320
50474
51256
48564
49737
48988
50085
51306
48545
49199
51965
48797
48289
52235
49325
49557
50090
49483
50613
50078
50161
49653
48791
48388
48144
50087
49338
49722
52280
49322
49231
49405
50518
49654
49675
51170
49849
49892
49498
51809
49256
51651
49893
51066
49713
48193
50437
49734
50274
48283
49493
49932
51534
50253
49580
48891
48960
49677
50139
49532
50811
49759
49211
48063
50138
49241
50178
49719
49665
48054
50795
50086
50897
49967
50951
49618
49039
49863
51618
49643
50131
50906
48389
50153
50188
48832
49155
50507
49921
50955
50042
49383
48954
49573
51220
51180
50501
51088
49802
49689
47937
49450
50769
50219
47945
50618
48792
49694
51113
49039
49871
48392
51243
50366
50286
46506
49736
48518
49514
50986
50178
48190
49319
51057
49328
50712
48918
49811
48143
50331
50464
48609
49201
50140
50347
50118
49993
49764
49434
51169
50096
50045
49652
49505
51546
49895
50293
51359
51576
49777
50341
51438
50107
49995
49617
49465
49268
51049
49511
51432
49461
48055
49351
50047
51494
50321
52626
50524
51179
50158
50784
50249
47944
48341
48159
50878
50871
50500
48767
49917
49053
51048
52675
49281
49449
50015
48382
48586
50740
50372
50209
48873
50983
49973
49717
49685
48989
48755
50556
48641
49013
48163
49877
50052
50363
49026
51235
50652
49781
50394
49165
51024
49088
49121
48696
49748
48059
48769
51283
48455
49185
51085
49420
48331
49129
51982
47736
48070
50346
49675
50334
49630
49766
49618
50104
49060
50658
49033
50788
50476
49096
49169
50123
50499
50512
49585
50555
50203
50284
50415
50366
51215
49761
49852
48954
50363
49625
50496
50218
50528
49682
50485
50635
47873
51286
51408
48322
50797
50776
48442
50212
48204
49790
50185
49250
51240
51061
49032
48237
50839
50529
49612
51218
50436
49062
50163
52538
51727
48641
49754
49626
49319
51729
49724
50903
51012
50212
48460
52996
49196
50451
50152
52257
50840
52025
49609
50257
48500
49715
50166
48468
50145
50178
48747
50126
50672
50045
50804
48209
49496
50639
48162
51190
49836
50447
50291
48872
50998
50965
50306
48988
50027
50074
48888
49074
48636
51224
50401
49681
46792
50644
48136
50744
51601
49927
49867
48029
49858
48901
49285
49368
50135
48690
50474
50534
51039
49697
50319
48074
48642
50717
49102
47825
50868
47696
50868
49973
49470
48303
50690
50221
51290
46973
48695
48595
50523
51095
49173
48285
50475
49714
49749
50115
50606
49306
50653
49700
50486
49411
49038
50679
47163
49361
50124
49550
48428
51672
50372
50619
50542
49107
50819
49564
50617
51128
49812
50307
50258
50798
49822
51094
48035
48158
49827
50389
48559
50874
48153
49945
49736
51990
50748
51076
48120
48692
49836
49862
49932
50790
48914
50113
49225
49276
49140
50584
49074
49960
49508
48419
49259
49499
50546
50444
49347
48573
49428
49649
51735
50381
50229
51351
50650
49805
49612
52596
47573
51318
50953
52280
50940
48318
48447
48696
50453
50006
50447
49865
51135
50981
51686
50468
50932
49553
49135
51500
50307
51668
49745
50734
51518
49736
51636
49640
50490
50081
50784
49854
50272
49061
49316
50975
49459
50309
50987
49071
48515
50222
50431
51192
49535
49981
50916
48181
48301
48843
49900
49468
51417
49642
50320
50024
49874
51181
51430
51488
50624
50385
51072
51194
51581
48227
49593
49204
48945
47807
50086
51696
48898
48764
50442
49813
49570
50941
50447
49801
50043
50995
50472
50503
49964
48372
48990
50995
50390
50694
51010
50841
50109
49988
52412
49811
50412
50224
48984
50534
51090
49771
50457
49722
48179
50864
50015
48679
48900
50856
50351
52295
49977
49137
50870
48334
50360
49658
50623
49852
51986
50595
49919
49565
51183
51351
49223
50831
49560
49527
49792
51699
49182
49739
50237
51958
48455
50214
49971
48821
49332
49472
51858
50330
49639
50709
49355
50341
50799
49962
50195
51040
48548
48898
52854
50418
50365
50529
50878
51069
49758
51239
51429
50597
49882
49511
49280
49089
50293
51106
49779
52084
52211
50839
49408
49804
50902
50419
50170
47770
50220
49435
50391
50419
50439
50314
49109
49349
49289
49759
50421
50597
50392
50003
51017
49604
50588
49800
49501
50594
49958
50535
49327
49678
51249
50481
48878
50784
50771
49261
50077
49015
49671
48658
50776
49187
49408
50543
50345
51747
49563
52101
49841
50002
51578
49383
49393
49745
49020
49173
49675
48828
50452
49352
49171
50796
49807
49756
50587
48825
50503
48917
50083
51394
51316
49073
49883
49583
51632
49002
50015
49662
50190
51782
49451
50490
49715
48196
53284
52012
48305
49419
51310
50546
50748
48771
51200
49266
48062
50263
49624
49742
49039
48745
49314
51192
51515
50602
50168
50422
49499
49933
50275
50194
49957
49362
48675
50199
50422
49964
51321
50474
49268
48364
50150
50565
50336
51498
48683
50725
50077
49808
50138
48564
49444
49824
51020
49347
49858
50196
49820
51477
50904
50438
49203
50574
49559
48311
51679
51474
50320
51161
49114
49952
49023
52427
49759
49457
49856
49353
48980
49727
50950
49628
49979
49249
51534
50066
49835
50194
48282
50954
50009
51145
49794
49422
49007
52009
49669
49632
48498
50414
51924
49388
49736
51300
49097
51908
51795
49651
51105
48510
50427
51331
49536
50219
49293
49879
49420
48742
49264
52505
49157
48537
48714
51426
50033
47888
50899
50309
50410
49825
50107
49508
49694
49235
51154
49424
49343
49024
51108
48471
49940
49680
48619
50292
49597
48760
50544
48220
49353
48899
50599
50238
49129
49414
50625
50869
49415
50311
50208
50556
50322
50406
48690
50609
49665
50866
51893
50651
51097
50466
49645
49437
50014
49467
49609
50416
50275
48894
49467
50961
51607
48944
51242
51032
48488
50973
51247
51632
49193
49161
50316
52804
50657
49428
48821
48770
48547
49969
50283
50124
49108
49667
49026
48832
51163
50030
50143
49846
50051
50875
49487
50042
49887
50063
49526
49388
50497
51138
49860
49489
49586
49931
51236
49595
48724
51863
49241
49053
49385
49959
48673
50562
50636
51201
50742
49458
49737
52132
48332
49592
49357
50494
51977
50597
50192
49936
50272
49159
49804
48950
49444
48824
49743
48739
49463
51019
51144
50092
50262
49954
49549
49593
50212
50487
50902
52378
52030
49115
50373
49438
50614
51425
50423
50688
50065
51787
49203
49456
50469
49929
49412
47863
51216
52892
50029
51054
49753
52056
50722
49366
50632
51594
50792
49200
50544
49112
49415
51390
48951
50753
50199
49482
49142
49625
49730
49812
49937
49730
50344
51342
50687
47312
49683
49771
46450
48420
50744
48326
49925
50105
48881
49762
50077
49871
50731
49381
52178
49675
50536
50479
50592
49616
49991
50921
49445
51644
49766
48981
50750
50622
52719
48560
50996
49756
49768
50582
49612
48912
51395
50647
50858
49370
50453
50430
49613
47794
50059
49704
47352
48456
52187
48914
49303
48106
49161
50914
52044
51065
49714
49732
48217
50702
50130
48558
50650
50304
52137
49694
50656
51644
51205
49696
49294
48224
50461
51819
50988
49486
48451
48801
49508
49624
51786
50932
50152
49841
50225
48788
50194
48875
51506
48937
52410
51587
49345
50127
49648
49976
50676
49119
51520
50005
48953
49155
50441
49243
50704
50145
49509
50667
50030
48442
48930
50944
50602
51325
51616
49005
50636
51083
50857
49549
49520
49990
48211
51163
50906
49528
51431
51415
51829
48963
49436
49933
49067
51243
50180
49698
49682
51443
49566
49504
50069
48176
50446
50624
49028
50007
49548
48702
48879
50630
49935
49411
49789
50088
50480
48983
50407
50355
49696
49967
49710
50611
50501
48630
51145
48872
49979
49678
49400
50163
49896
49692
49235
50091
49577
48074
48679
48862
49418
49830
50180
48964
48183
50968
49110
50390
49953
50525
50996
49408
50243
50513
48502
50579
49784
46878
48960
49238
50341
51124
51660
49911
50512
49836
51454
49926
50392
50101
51059
49488
49766
49893
49522
50537
50273
49125
50666
47954
49962
49388
49130
51106
49056
49452
49678
50861
50947
50115
50254
49587
51454
50153
49919
50407
48358
49971
52104
50719
49217
50778
50408
48211
49292
50326
49227
48406
50137
48497
50400
49689
52261
51928
48516
50936
49854
48776
50697
50253
51827
49677
51427
48792
50562
51325
49306
51622
48648
48701
50651
49980
52118
52056
49648
50173
51161
51181
49754
50316
49432
50317
50868
49109
49344
50323
50213
49491
50895
50528
52313
51714
50092
50195
50836
48416
49754
50291
49309
49191
49759
50635
51002
50606
50260
51931
50945
50618
50908
50797
48665
51488
51033
50014
50062
48692
50857
48741
50216
49860
50885
48610
50848
49806
50391
50273
49633
49531
49010
48954
51246
51543
50554
47591
50481
49868
48539
49324
50995
50780
49002
49002
51599
48416
51380
49802
51226
51526
48309
49085
50589
50020
50634
51065
47391
49332
50834
52077
50067
51631
51443
51475
49612
48142
49924
49044
51208
49207
47456
50466
49429
49221
50138
49192
49270
50700
49353
49913
48696
50675
51580
50472
48478
51467
49766
49634
50195
50259
50401
50073
50732
50487
52050
47536
49637
50645
49653
50127
52015
49934
51314
50602
48582
49065
49302
49923
48868
50467
50533
52057
50086
48991
49118
51704
49633
49623
50060
47720
49426
49790
49423
50456
49971
47776
49935
52224
49819
50334
49964
49580
48817
49899
50304
48882
49647
49247
50957
49218
49672
50181
50394
51447
50143
49704
49493
48482
50399
47449
49425
50570
50962
49838
49540
50243
50108
50119
49517
49928
52125
50113
49074
49243
50837
50033
51503
50362
51279
48686
50270
49847
50438
49224
50792
52187
50055
49187
49898
50048
50691
49965
50243
50616
50344
50595
50488
51067
49727
49729
50065
49487
51247
51314
49297
51171
51579
51064
51412
49807
49719
49468
48109
50439
51303
51794
50390
50607
49436
49887
50662
50589
51518
50014
50370
50777
51392
50834
50478
48977
49109
48620
51674
50604
50160
49040
50935
49449
48767
49102
49641
49739
48697
50115
50810
48601
48792
48842
50551
49824
52113
50782
48907
51643
51886
49591
50453
48557
49863
52149
50747
49908
50580
50045
49196
48709
48472
49520
50688
50023
52311
51150
48917
49403
49751
48121
48906
51235
51274
49777
48773
51932
49846
48810
51212
51425
51977
50293
51382
48930
50365
51492
48969
46809
50875
47541
50733
51671
51951
49042
49985
50795
50568
49055
49315
50198
49522
50849
48246
50315
48987
48417
49293
49670
51088
50458
50015
48871
51209
49635
51960
51295
48813
48978
49889
48482
48889
49968
50212
48494
52595
48743
48947
49230
50222
50676
50234
48390
49020
49978
51343
50375
51494
51480
50631
48065
49907
49339
51674
50320
48824
50978
50183
50887
50494
49767
49637
48923
50895
50420
49703
47804
49032
50158
50350
50488
48491
49728
51943
50579
47123
49725
49412
49741
50467
50674
51009
49385
49023
50396
50257
50548
51358
50473
50354
50372
49347
48979
49975
50640
49108
49265
49149
49883
50038
49804
50503
50001
49762
51560
50623
49346
48536
48629
50493
49977
51186
49170
48733
50379
49024
50227
49812
48791
50169
48876
50120
49704
50754
49844
50597
50085
50716
49807
50498
49735
49376
51905
49766
50003
51034
47453
50217
49629
49478
50004
50434
50330
50779
49943
48552
49695
50055
50676
51217
51101
51127
49246
49542
50696
50437
50106
49621
50989
50424
50099
48246
49398
49486
50755
49015
50334
48584
50599
50143
50117
49600
48487
48251
49944
50122
50288
49481
50255
50332
50480
48634
50042
49918
50818
50376
50668
48437
50520
50098
50896
50863
51220
50811
49175
49319
49916
50123
48711
49802
49979
50070
48966
50365
47760
50994
49611
48762
50042
50306
50029
48436
50835
48748
50593
49864
49292
49532
50736
49740
48278
49302
49052
49326
50470
50339
50860
49255
51176
51381
50550
51120
50731
51759
49288
50428
50953
50946
50580
50241
49287
50477
50653
50699
49681
50326
51102
51234
48890
48881
50596
47785
50513
52560
50767
50588
50800
52120
52337
48971
50386
49097
50485
49766
50425
50898
50763
49344
49518
50125
50029
49812
50522
49122
48547
50723
49673
49175
51407
48866
50282
51234
51522
49875
48020
50570
50499
49243
51398
48684
48411
50011
51670
48838
49989
50069
50254
49758
50635
49779
50105
50910
51379
48329
49454
51016
50385
49312
49527
48545
50073
49887
48871
50352
50433
49546
50004
49095
49201
50649
49798
50682
50157
53051
50563
48313
50073
50654
51511
49695
49862
51388
50208
47499
49216
47914
49367
49025
49336
49926
48681
49061
51025
49814
49800
50042
48434
49135
49685
49685
50634
50315
51238
51272
50165
49701
49811
49355
49702
48602
50419
50504
48836
51195
50047
50021
52113
51652
49414
49968
49850
48577
51343
50806
50232
50266
49751
50718
48207
50190
50503
48269
50331
48709
48853
49896
49146
51015
48619
49585
49591
51275
49928
49789
50857
51340
48761
48647
49868
48859
51483
49809
50587
51316
49466
51352
49170
48357
47444
51949
49281
49182
49553
50059
49226
49966
48622
48685
50668
50552
49304
49419
49565
51673
51861
49070
51807
50686
48165
50537
48357
50208
50131
48406
50074
48390
50341
51603
50849
50278
50250
48982
50914
51495
50710
48981
50267
48677
48512
49738
48853
50791
49962
47661
50397
51236
48952
50730
50088
49305
49968
49789
50429
50290
49680
49719
50339
48243
50258
48856
49812
49841
51444
50872
49248
48106
49792
51147
50221
49935
50279
49196
51168
50670
50000
49008
51276
49575
49003
49247
49757
49173
51283
49490
50093
48979
51121
49972
49704
49039
48202
51531
49038
48566
50834
50050
49706
48660
50198
50871
50092
50620
50317
49436
48281
47979
48819
49916
48337
50661
50017
50680
50435
50438
50726
49329
48874
49901
48795
50866
49995
51668
51040
48838
49021
51173
49447
48635
50272
50527
48728
52618
49078
47412
49933
50552
48406
50377
49159
50010
51312
50241
47751
49784
50592
50972
48272
50028
49628
49105
48339
48090
50452
51029
49581
49418
49607
49541
50719
50205
50346
50712
50033
50875
50963
49445
50817
49149
51043
50495
50886
50626
50451
49386
48607
50538
50625
51302
50922
48771
51833
49371
50916
51478
50120
50032
49685
50427
50130
48731
51549
48125
50476
47335
50733
50105
51184
50222
49317
50275
49712
51364
48486
50265
50335
51111
51895
50051
48859
49173
48916
49741
49982
49885
52562
51353
49399
49944
49358
50270
48328
49712
50308
47810
51154
49318
49846
50108
48401
49357
50674
49678
50135
47433
49553
49991
50064
51605
50197
50725
49685
51551
49796
49724
49734
49245
51146
51123
51249
49151
49578
49684
49460
50865
48316
50564
49966
49179
50057
49752
49317
51033
50282
50188
49470
49453
49564
50393
50067
46689
49650
51664
49515
51792
50010
49698
49457
50328
49142
51832
51262
51030
49882
50764
50131
50742
50341
50830
47801
49665
49920
50385
49823
49132
51087
51252
51186
49114
49387
50362
49772
49425
51235
50548
50637
49437
49278
50337
49008
49113
48746
49749
50664
49747
47924
50251
49833
48428
50363
49853
50757
49951
50591
50824
49499
50695
52125
50342
49931
48024
48788
51869
49552
49778
48758
49711
50053
50054
49012
49037
49057
50061
50321
50787
50234
49322
48920
49662
49993
49348
50728
50736
48899
48093
50533
49230
50469
49944
49277
48814
49931
48918
48959
50938
50849
50349
48957
49993
51510
49759
51136
49795
51018
49775
50253
50379
49213
50830
49491
48711
48801
49764
49818
49428
51555
48971
50984
50307
49244
49562
50860
50504
50126
48963
49176
50278
49588
52391
48349
48370
50305
49519
51261
50295
50437
49356
49272
48541
50152
49181
50110
51164
49187
50523
51102
48299
50927
48069
49299
50740
49481
49552
50619
50819
50674
50056
49507
48957
50730
51318
51718
47927
48751
49482
50960
49665
50302
47838
48748
49814
50518
50242
48467
49700
48502
51931
50155
50873
49942
49634
49671
50238
50751
49432
49856
49349
50036
49908
49254
50701
49321
51033
49781
50700
50504
49197
50860
50945
50591
50448
49221
50546
49600
50664
51804
48990
48272
50557
51402
50641
51046
50643
51777
50725
50180
49615
49542
50309
50059
49255
52079
50376
50744
50464
50238
50396
49556
50318
49397
49406
49804
48591
50029
49969
49598
51076
50988
49961
49666
50676
51911
48643
49216
49184
50128
48877
50618
50939
50018
51245
49781
49602
50062
50969
49898
48748
50346
49392
49503
49317
49362
48349
50833
49744
48047
49738
48402
51842
50261
49324
50896
49652
49814
50108
50653
49701
49243
48710
49745
48655
50559
49339
49152
49480
50234
49061
49383
50471
50373
49229
50228
51045
48844
51011
49442
51538
49675
51257
50620
51501
50338
48359
48610
49226
49555
48766
50218
48754
50121
49584
49168
50884
49575
49232
51817
48805
49710
48644
49882
51047
49635
47163
50170
49924
50125
50492
49631
49817
50086
50084
48421
49480
50879
51439
49970
50780
51463
51017
48271
49210
50522
49890
52153
51987
48517
48921
50775
49777
50770
47402
51414
48379
50264
49208
49792
51217
48618
49731
50530
48492
51327
50997
50778
50027
49522
48952
50411
49740
48830
51246
50325
48684
50917
51239
48722
50312
50307
49426
50772
48968
49634
50597
50365
48837
50125
50080
49793
51269
49708
49542
49736
50664
48904
50120
50027
49742
51788
50368
50307
49860
49603
48900
50813
49142
50981
50397
50328
49650
51768
49377
52704
52680
49548
49654
50081
49097
51648
48765
50571
50534
50643
47439
48606
50493
49314
49592
50198
50890
49390
48428
52455
49954
48907
50057
50066
50929
48680
50789
51217
50878
50756
48578
49845
49819
50371
48649
49239
49642
50480
49274
50507
49278
50573
49916
48546
49004
50922
49601
48199
50563
50038
49405
50736
48355
49725
50780
50111
51361
49964
51463
50351
50297
50789
50530
50329
48876
51123
49985
51693
49684
49277
49671
48780
51244
52243
49907
48664
49893
50211
49381
51204
51007
48930
48968
49906
50037
50308
48457
49139
50302
50814
48963
50971
49403
49605
50583
49458
50178
49858
51339
49582
49199
49691
49296
48937
51789
49962
51182
48471
51398
50283
50705
49555
49390
51224
49958
49639
50273
48973
50579
51193
49373
49367
48309
48463
51029
48256
50659
49123
48784
49703
50597
50277
50279
47841
49687
50255
49243
51866
49486
50365
50303
50823
51020
49987
49839
50449
50788
51190
51309
48800
49907
50490
49850
48466
51133
49157
52037
48127
50383
50163
51031
50308
47339
50561
50236
50831
49988
50299
49180
50303
49492
49371
51382
48350
50091
48637
50060
49822
49760
52629
50920
50416
50935
50015
52404
47912
49883
49182
50567
51111
51175
49951
50202
51714
49509
51874
49690
48268
50319
50383
51728
50283
50364
47805
49939
48639
49982
49753
51352
49418
48466
49247
48903
48653
47259
49837
52344
49352
49754
50722
48422
49383
50949
51034
52307
49339
48688
52304
50458
49657
50901
50894
50106
50655
49999
49649
50681
49777
50698
49485
51467
50209
49329
48503
49837
51111
50952
51047
47424
50738
48948
49981
51500
50019
48835
49838
48396
50381
50632
51132
49120
51295
51690
48985
50308
49238
52220
50289
49507
50169
50537
50186
49298
52263
50916
50856
51521
49323
48351
49299
49434
51127
50396
48437
48503
48806
49300
48639
49938
48827
48810
50360
50100
51597
48219
49235
49862
50639
48729
51587
49531
49030
51188
48602
48606
50566
48525
50897
49566
49211
50402
51582
47924
49721
50333
50167
49006
50721
48611
49800
51350
50517
50576
47759
49546
49261
48833
48925
51795
48215
49449
50057
49584
50149
47403
50667
50047
48988
52387
49833
49777
48829
51450
49027
49874
49410
51284
51054
50100
50507
48318
51366
51498
50017
51777
48968
50293
51057
50340
48585
52471
49308
48364
49882
50702
50244
49394
50345
50382
51364
48406
50822
50065
50566
49800
49483
48738
49963
49303
49176
48604
50645
49329
49622
49198
50409
51788
49862
49536
50102
49662
49640
49327
49346
48650
50032
50691
49549
49229
50852
49871
49524
52360
49962
50348
50901
47972
50514
50676
49533
49697
51054
51435
49334
50957
50959
50494
50085
48774
49448
49464
50330
50492
51120
49617
51695
51355
50564
48063
51304
50064
50193
48281
48961
49996
47882
49321
49773
49894
49778
51057
48969
49620
50772
49230
48970
49026
49461
50003
49466
51525
50358
51072
47485
49153
47844
49716
49716
49335
49847
50245
50444
49079
49969
50614
49413
49542
50521
50215
51614
49256
50330
50106
49938
49900
50719
48638
48654
50308
50691
50598
49399
50449
51311
48775
50559
49497
49588
48883
49461
51392
48713
49924
50834
48897
50582
49192
49199
51044
50093
50681
50811
50603
47748
50426
50127
49427
49985
49385
51314
49176
52329
51828
49451
48853
49855
48123
50640
51070
50111
49663
51066
50386
49918
50927
51294
51770
48997
47298
50277
51868
49644
49450
50282
49997
49574
49215
49450
49451
50677
49668
49992
49834
50088
50664
48751
50754
49723
48641
51551
51815
49418
49070
49360
48666
51092
48933
49675
50310
48911
48042
50363
50117
50537
51413
49208
50275
50024
50597
49504
49601
50398
49933
51836
49989
49077
52074
48775
50427
49494
48703
51337
49103
49314
46865
48847
50388
49820
50948
50762
49206
50583
49859
50712
50079
49996
48747
49778
49463
51744
50351
50063
48467
51140
49035
49777
51617
49146
48858
51274
51645
51779
49260
47695
50733
51246
49648
50057
51173
50648
49146
49125
47996
49501
49646
49856
49616
48991
49572
48747
51296
49398
48889
51041
47592
52752
49492
51371
50004
50255
48566
51793
50088
50517
48584
50204
48486
50409
49286
50918
49435
50379
51276
50471
50866
50051
50138
49638
50112
51213
50681
48658
50222
50462
50982
50661
48463
50554
48576
50476
50005
50744
51433
49389
48199
48483
51234
50615
49850
47163
50882
49025
50673
52399
49610
48799
49162
51836
49025
49319
51855
49762
50499
50545
51681
49551
51570
50784
48661
51337
49601
48967
49939
48656
49935
52064
49499
50900
51172
50486
48662
51444
49776
47947
50800
49080
50394
48595
51275
49915
50409
47792
48673
48059
49641
47579
50673
50694
50378
51363
49594
48808
49880
47418
48877
48425
48699
49804
50967
49126
50418
52031
49566
49930
51923
49344
50835
48950
49569
51369
49839
49499
49112
48173
49795
50583
50116
51133
50094
48465
50204
48190
49933
49842
52297
50748
49799
50818
47872
49769
50225
49479
51694
51009
50093
50637
48342
50946
50624
49165
50380
50602
50515
49994
49945
50402
51189
50322
50048
48768
48902
51088
48826
49551
50088
51063
51114
51275
51305
49259
50321
48804
49528
48793
50889
51700
51481
48784
51954
49157
48083
50436
49416
49409
50628
48508
49360
49856
49827
49727
49689
49644
50850
49307
49868
51698
48669
49268
50688
50642
48915
50701
51745
49479
48463
49231
49122
49279
49511
48572
49482
49999
51954
49198
49928
50324
49462
50020
49205
48980
50268
50165
48331
49580
49710
51244
51000
50046
52100
48858
51520
50141
50136
50517
51038
50008
50002
49412
50342
51597
49779
51347
49219
49291
49798
48378
49577
49571
49757
51126
49900
49372
49371
49064
49234
50692
49993
50128
50416
50494
49331
48527
50293
50520
50732
47783
50307
48593
50002
49364
50325
50307
49963
49715
48290
50230
49970
49186
50447
49712
49063
51634
48864
48383
49484
51813
50774
48655
49088
48397
50840
50446
49994
48888
50101
51037
48889
51001
49221
50073
49626
50025
49677
49905
48469
51451
50984
47675
50221
49341
51675
48428
51045
50314
51449
50854
49967
50281
49527
50261
50904
51636
49508
50783
50369
49489
50970
50478
49147
50992
49400
47977
49264
48802
50152
49333
49653
49712
50707
49499
49359
50493
50761
50545
49502
51030
49816
52134
49135
49183
50446
50706
50072
51027
50945
49611
51589
50789
50186
49568
49898
48987
50873
49294
49403
51225
49959
50224
49242
51050
50450
51543
48627
49692
51363
52668
50886
48594
50458
51476
52729
51819
50684
50726
50870
50914
51347
49916
50501
48646
50563
49808
48445
48368
49483
49820
51142
49168
48956
50574
50166
51417
49573
48466
49983
47604
49726
51440
51234
51345
51345
48972
49949
49791
49127
49661
49145
50284
50310
49722
49121
49132
50271
51454
49989
50492
50565
50312
48527
50745
48987
51834
49609
50170
50563
50988
49981
47931
49934
50815
51110
48928
50153
51274
50806
50646
50056
48526
50155
48593
51124
51485
48658
50240
49475
51327
49602
49130
49011
51194
50241
50547
48663
50805
51708
51120
51322
50040
48949
50928
50185
48438
48477
51448
48316
49672
49574
50801
52130
49993
49163
49704
50351
50235
49660
50741
50950
49512
49252
49964
48408
48743
50718
49932
49756
50328
52061
50242
49590
48958
49843
50947
50061
48104
50913
48662
49454
48507
49446
50041
50675
50163
47315
50439
49412
50553
51605
49184
50181
50971
47892
51994
49662
49829
51559
50415
50566
48812
49642
49625
51126
49043
49518
50162
49032
48939
50007
50416
49591
51949
51210
49826
50388
49677
50927
49309
50622
50571
51777
50341
50230
49870
51760
49022
48720
49627
49484
51506
50339
50532
51342
50397
49660
50039
50089
48665
49502
50053
48937
50741
49220
50751
50929
51255
49349
50653
49043
50230
48016
48587
50616
49278
49560
49730
51599
49219
51559
51977
49529
48943
51044
51945
49982
48183
48987
49197
49570
49376
47499
50647
50210
49134
49836
48339
49458
49672
50893
51004
51643
51083
48710
49266
49200
51196
50242
50208
51655
50417
48100
50533
50929
50281
49635
50110
49854
50691
49832
49556
49829
49728
49268
49184
50984
50622
48498
50419
49476
49506
50199
50852
50477
50721
50459
50190
49126
50551
50898
49210
51334
50513
50172
50171
49347
50162
51045
50909
51039
49265
51186
48997
51830
49823
49819
48777
51165
50628
51544
49135
48407
50399
51294
48571
50498
49862
50188
49153
50442
49355
51838
51552
50241
51526
51140
51168
50535
50869
49862
51301
50100
50488
49841
49271
51174
50159
48599
50019
49443
49997
49058
50259
50195
50558
49071
49787
48692
50262
50035
49452
49107
52115
49710
50836
48804
48991
48879
50631
49437
50009
49509
47653
48653
48905
51401
49762
50671
49004
50507
50095
50822
48862
49311
49590
49811
49970
48117
49412
49797
52085
48005
50526
49982
49408
50167
51096
49077
50087
50745
48994
52018
52162
50525
51755
49098
51235
52138
50884
50599
49361
49463
48517
49021
50505
50904
49732
50139
48709
50292
50360
50240
48771
51472
49101
50083
48763
49937
50201
50390
51688
49924
50144
52613
50621
48832
49194
49643
49008
48457
50168
50271
49858
49882
50029
49559
49633
51349
46205
48687
50841
48940
49316
49199
50623
51118
49651
50472
51003
50750
49112
49423
51159
48869
50296
51036
48021
49921
50560
49773
51567
51749
51056
50407
48373
50864
49600
50280
49756
48359
50546
47719
48882
50548
49256
50731
50607
51908
50851
48692
46912
49425
50578
51129
50121
49955
49086
50100
50378
49293
48200
50857
49840
50060
49023
49734
50807
48877
50127
51296
51100
49241
49469
50954
50864
49997
49309
51153
49786
50234
49818
50288
48192
50180
49977
52479
50955
50282
49325
49944
49079
52343
50931
51270
50146
49647
49115
49138
49791
50593
50576
50397
48431
49093
49991
48571
49273
50638
49365
49606
50415
47756
49622
50453
50018
51173
49962
47681
50749
50021
50633
50070
50532
49277
47993
49903
50360
50787
50595
48895
51381
50659
50213
50384
51145
49995
50473
50715
49214
48217
50158
49740
49437
50172
51080
49071
50204
48493
48632
50398
49403
49911
49064
50714
49228
50325
48386
49637
49417
49425
49201
50091
50200
50968
49700
49988
51169
50792
50337
51364
49965
48666
50897
50939
50607
49733
48904
50940
49716
48943
49277
49192
50316
50432
50787
50453
48311
51040
49553
49338
48988
51831
47540
49279
51181
49874
49943
49012
48694
48997
49924
49461
49872
49191
49891
49524
51084
50721
49194
49138
50059
51536
50214
50238
52008
50816
50128
49392
50791
49384
49178
49937
51114
48974
49626
49735
50224
50691
49858
48745
50696
50405
49597
48319
50211
48163
49409
49276
49640
50548
50423
50553
50002
49936
49834
49411
49755
49241
49052
50681
49145
51375
52288
51754
50340
47771
50582
50044
50804
49193
49568
49015
49426
50710
52047
48913
48821
50625
50700
50157
51885
50642
50296
48363
49633
49178
51550
50521
50609
50810
51417
49762
50576
50834
48096
50677
52190
49612
50126
48910
51252
49306
50955
50747
51113
49624
49420
49017
49120
50832
49615
49334
49866
50596
49379
50073
47943
50392
50147
52019
51668
49996
50633
49189
50005
48750
50572
50758
51121
49878
49753
50377
49664
49772
50960
50029
49900
49364
51844
51050
49140
49093
51380
50666
48570
51376
50913
48959
49119
51975
51421
51027
49552
50364
50305
49544
48201
50917
49118
49456
50194
50398
49618
50250
50068
51199
48023
49646
48045
49568
51223
51799
50217
50341
49857
50661
49383
49625
48208
50258
51304
50552
48303
49435
50275
50918
50583
47144
49833
49838
49266
51698
49566
50935
49407
50921
48829
50358
50550
48761
49444
49369
50172
50589
49203
51168
49909
47319
50590
51631
48961
50719
50266
49914
48799
49532
50488
49645
50017
49227
49340
49916
51110
50057
47986
50311
49123
50912
50183
49811
49636
50560
50046
49892
48562
50206
49086
50934
49461
49069
51741
50399
48044
50905
50032
49989
49853
50621
51130
51956
50948
49265
49812
49864
51967
50120
47840
51702
50339
49090
50308
51308
49506
48867
51516
48294
49992
50906
49721
48433
50699
49990
50387
50124
50916
51056
48752
50027
50540
49787
49540
49967
49405
50378
48519
50046
49875
49700
51452
52412
49246
50822
49632
50480
51271
50259
48837
49548
49911
50577
50218
47834
49864
51600
50341
49253
49918
52078
49514
49703
48758
50417
50180
51544
48799
50346
51071
47749
51049
50390
49413
49960
50047
49786
51045
51158
49478
49020
49590
50832
51167
50241
52052
50812
50703
49841
49268
51007
50447
50125
50581
48365
49112
49602
51507
48850
48388
50167
49811
50509
50967
50948
49966
50510
49865
49928
49798
48982
50267
50918
50343
52596
48114
50336
48733
49600
52691
50606
49710
50781
50369
49587
49353
50399
49744
49541
49804
50478
49413
51456
48500
50284
50088
49104
50254
49692
51328
52676
49453
50052
49181
50952
51178
50004
51184
50520
49854
49951
48781
50193
50655
48714
50108
48823
49116
49133
49037
50213
49645
50144
49370
50755
52101
49887
50362
49499
48761
49754
49476
49947
51508
49099
51567
50976
50598
51705
50032
48852
49153
50862
48154
49412
49451
50671
48291
48855
50120
49491
49473
50141
48049
48728
52377
52246
51274
50077
51827
50844
49598
49714
49569
51135
48900
49384
50517
50295
49604
50633
48933
50410
48534
50444
51370
51380
51118
51036
49590
50236
47549
49036
52178
51584
51259
50444
52356
48527
50392
50721
48447
49066
50257
49042
50689
50085
50187
50768
49122
49494
49871
52917
49440
48980
51352
48602
50048
48894
49813
51261
48335
49748
50874
51095
49813
49670
48129
51301
49748
50749
49153
49200
48261
51068
50160
49774
49500
49608
50515
49763
50296
50777
49949
48675
49490
50249
49707
50049
49370
50280
48780
47828
50301
51900
50058
49201
49738
50100
49995
50371
50388
52156
50050
49457
49894
48924
49642
50924
51273
49929
48355
50103
48295
49439
50655
50080
49454
47862
50541
50331
48619
50489
49496
48726
51219
50538
50385
51025
50589
49331
49963
48806
49992
49785
51365
50546
51035
49000
48959
51788
49849
48624
49881
49391
49741
48599
48669
51114
50539
50752
50966
51110
50245
49854
49620
52321
48515
49752
49834
49878
50191
49266
49635
50910
49356
50061
50950
50969
51134
48268
48086
50134
51205
49156
49161
50980
49306
49649
49040
52705
49711
50267
51398
50022
49428
50094
51248
49875
50754
49970
50361
50799
50730
48741
52661
50156
48005
49490
50513
49294
50325
49690
49858
48556
50003
51735
49731
50212
50127
48912
50577
49283
50558
49112
51468
50113
50299
49284
50121
50844
50985
49887
50908
50788
49512
49477
49033
51217
50658
49282
50071
51381
50381
49549
50373
51313
49773
50644
48236
51304
48746
48885
48510
48865
49788
51031
49682
50266
50612
50181
49063
50504
51361
50007
50070
48844
48619
49220
50556
49602
48766
49713
49792
49205
50191
51820
50003
50161
51765
49731
49653
51271
50931
49775
50761
50937
51042
51742
48009
50467
50308
48617
50365
50246
52017
48560
49722
49845
51851
50064
48719
51180
51003
49064
50640
51044
49491
51460
50143
49426
50270
49761
49393
48912
50656
49478
50582
51557
49378
48859
50829
50440
50271
49043
49882
50216
49292
50702
48290
50994
51147
49405
50037
48873
49995
50847
49471
49223
50021
49136
50578
49961
50204
50001
50029
49045
51427
49989
49559
50892
48768
50875
51622
50134
50913
50847
50836
50230
49486
50116
50412
50157
51809
48652
50233
51670
49662
50159
50663
50544
50083
50546
49619
49831
50335
49860
48926
49832
49211
49398
52240
48995
49895
49782
49627
49811
51312
49531
51071
49774
49506
47819
50491
50204
50172
49401
49679
51193
49883
49619
50118
50843
51931
50304
50693
50327
50641
49013
50220
49009
51466
49843
50278
49226
49659
49241
52140
49691
50919
50880
50070
49141
49574
48600
51116
50281
48456
49538
51108
49649
50092
50377
50080
48270
48975
49522
47896
49841
48751
49356
50679
51176
51426
50666
52462
51511
49056
50759
51267
49842
50568
50391
50475
49535
50037
48955
48035
50265
49248
47814
49180
48722
50206
50949
49622
51552
50097
47112
51183
49590
49034
50606
50615
50064
51309
51340
49016
50103
51201
50040
50183
49195
52229
49118
51039
48792
51136
49263
50581
49301
50833
50175
50252
49585
50887
49377
51456
49156
50809
49941
50791
50679
47438
50907
51932
49621
50755
48683
49756
50208
47770
47542
50734
50849
48723
49645
50076
50945
50281
48381
49167
48909
50571
50712
50592
49466
50142
48821
49244
50062
51072
50775
51589
51514
48981
49153
50196
49146
49944
50459
49811
49105
50712
49504
51091
50456
48512
50742
50531
51515
49812
51036
48601
50801
51424
49753
50660
51373
52143
48494
50059
47937
48907
51922
49071
50062
50382
49224
48814
50295
47912
49893
51046
49259
49388
48544
49454
51355
51871
49349
49851
49884
49205
50387
49468
49842
50768
49696
49940
49728
50605
50464
51311
49282
51273
49863
50759
48537
49578
52262
48068
50579
50478
49606
48734
49627
50147
49686
50617
49539
50136
48929
49472
49774
50892
50883
49904
48651
50131
50934
50518
49238
50543
50370
50762
49131
49094
49064
49502
48794
47515
49190
49190
51972
51704
49120
50937
50195
50363
50474
48913
48995
49754
49362
50032
49939
50261
49290
49693
50444
51534
51150
50431
50254
50771
50340
48636
50008
50130
48876
49819
50173
51194
49143
50866
50140
51193
50284
49815
50799
48868
50716
50047
50975
50019
49577
49868
50851
48693
50332
50265
50673
49580
50383
48214
50291
51106
49969
50058
48979
50237
51055
51394
49319
50511
49011
50258
48979
51724
49179
50286
50533
49996
49602
50701
49345
49887
49500
48741
49767
49827
50814
52338
50318
49903
51357
49766
49811
49970
50038
51478
48249
50092
48786
51728
50590
48860
49969
50541
49271
48821
49739
51130
49236
49105
49154
50398
49292
50422
48610
49308
51609
50329
50892
51425
50296
50128
51034
49975
50449
50292
50246
48586
50267
49956
48954
51540
49512
49760
49659
47481
50529
49542
50001
50881
49390
49866
53068
48751
50747
49626
50870
50131
49955
49266
50553
51411
49193
51394
50237
49185
49704
49833
50233
49403
49131
49477
50249
50350
49889
51191
50527
49482
50322
50982
49877
51282
49958
51268
49180
49984
50048
50054
49044
50716
49857
48147
48006
50479
49465
48523
50710
50991
50788
49920
50253
48865
49088
50394
50249
50632
47899
50307
50245
48874
51550
50411
49004
48339
49501
50608
52099
49734
49230
49307
48811
49472
48572
49844
51780
50214
50359
49744
50221
50214
50262
50807
49222
49578
49998
50145
49853
50984
48787
50465
50982
49295
50348
50480
49132
49128
48902
50282
49871
48065
51410
50718
49601
48841
50601
50105
50584
48849
50782
48483
50386
49032
50264
49242
49179
47316
50468
48733
48666
51279
50259
50128
49774
51011
49200
50470
50662
48569
48727
51163
49684
49544
49859
51223
48615
51329
49924
48170
50176
50154
49705
50117
50663
49509
49997
51163
48716
48571
50231
49818
48459
50044
52863
50341
50926
50363
49506
51015
50037
50151
51143
49562
49871
49988
49366
49478
48532
50648
50904
51150
51382
52248
49370
49912
50282
50551
49123
49867
49585
50696
48974
50772
50289
50500
50390
52523
48905
50472
50220
49258
48680
49330
49805
51204
48947
50519
47749
49419
50452
49912
49864
49261
49399
50133
50941
48823
50452
50594
49713
50436
49280
50678
49427
49971
50069
49243
49862
49759
48460
49121
48661
47952
50908
49036
49635
50705
50141
47667
49455
52045
51632
48962
49841
48785
50594
49660
50844
50218
50476
52366
50544
51205
50133
50505
50407
50229
51264
49657
50967
51919
51515
50518
47825
50938
49714
49839
49601
50086
50551
51226
50504
49311
49706
48683
49212
50672
50140
49725
49707
50691
50124
51371
50005
50211
49870
48999
49357
50139
50057
49980
51236
50758
49793
48970
50951
50830
50425
49908
49820
47744
49536
50206
50520
50275
49884
49241
51778
50253
50653
51936
49633
49875
51443
47859
49713
48674
48259
50770
49853
48489
51444
51353
48985
47720
49567
52233
49988
49997
50236
49242
48614
50805
49757
50665
50262
50418
50354
48384
48975
49182
50167
50925
48925
51233
50224
51119
51467
47875
48774
51520
49844
49780
49824
49497
49603
50434
50815
49964
50606
49147
49470
50635
51018
53688
50453
48525
48072
48678
50627
50358
48574
49793
48422
49970
48587
50228
50449
49716
48807
50026
49640
50331
49564
50256
50751
50246
50914
50245
49434
49141
51676
48451
48761
50442
50083
48879
49816
49175
49844
50178
51348
49655
51462
49304
49407
49458
50936
50276
50507
49566
48655
48451
48720
51245
48632
51600
50517
50642
50462
49274
49868
48934
49300
50623
51042
50621
49722
49824
49330
49483
49938
50837
49887
51818
49479
49497
49041
49068
50426
50036
48843
49742
50601
48814
48909
49574
50658
49754
50805
49138
51332
51270
50145
50655
51307
50583
48483
49867
50422
49491
50219
49791
50706
50424
48984
49198
50239
49723
49306
50766
50463
49829
48674
47710
50626
50636
50932
49144
49904
49771
50479
50538
49355
50922
50092
50083
49674
50123
48927
49853
49701
50701
49242
49459
48799
48250
49349
51545
50006
50304
49157
48765
50443
50536
49360
48353
48392
50713
50016
50082
50302
50637
50623
49482
50532
48268
50870
50881
49232
50174
49304
50181
51766
50492
50502
49715
52501
49405
49540
51004
49500
50477
48764
51233
50526
50722
49535
47718
49841
48664
49791
49760
49420
49722
49051
48022
49986
49373
51030
50022
50117
51127
50037
49629
49276
50894
47834
52215
47022
49982
50181
49996
51983
50442
51828
49966
51346
49460
50176
52594
49454
49205
48865
48829
50667
50547
51076
50560
50474
50153
49826
50889
50621
50772
48802
47706
49102
49861
49699
48338
50131
49311
49134
51236
51471
50930
49767
49564
49032
51883
49685
50326
48897
48997
49969
49348
50832
49849
49824
48744
47616
51885
49217
49021
50080
50312
52675
50384
48261
50092
49163
51586
50993
50750
50335
49815
48741
49250
53064
50738
50288
50261
50033
49422
49101
49860
49601
49411
50943
49494
49633
49901
48533
52189
49581
50515
48315
50925
50311
49352
48991
51254
49104
47323
52516
49610
51607
49656
50699
47227
49599
49458
50345
50904
49708
48773
49445
50065
51359
51128
49530
48290
47991
50482
50489
49808
48867
48947
50685
50590
49816
50045
50534
49661
51352
51239
48536
48686
49506
50924
49892
49467
48128
48646
49409
50907
50304
50297
50738
48654
50078
50141
50802
47796
51360
49614
49646
49370
49704
49648
49624
49602
50039
49791
50516
49355
50306
49562
50722
51994
48425
48515
50153
50006
50293
50277
51412
50729
51123
50995
49415
49419
50636
51326
49538
48046
49384
49978
49984
50326
49700
49686
49800
49983
49958
48917
50311
48502
51440
47762
49223
49857
51086
47794
49644
49100
50256
50545
49632
49397
50687
48513
49114
50819
48965
49561
50754
48774
48975
50390
49649
50596
51224
50698
50914
49741
50420
51134
49638
52347
52182
50505
50143
50774
49224
49636
47624
49503
50097
48772
49877
49702
51252
49015
50122
51076
49615
49954
49834
49641
49907
50409
51699
49019
49624
51327
50316
50933
49295
51639
50452
50708
49805
49688
49951
50269
50763
51373
50870
49645
51529
51913
47704
50421
50439
48981
51361
50200
49927
51884
49711
49829
52236
50751
51324
49840
50918
49014
50238
49660
50776
50115
49622
51257
49105
49200
50984
51732
48695
49569
51805
47865
50655
50087
52264
48917
48543
49885
50864
50593
51466
50084
49087
50481
49141
49889
50731
48949
48193
49879
50727
49245
48410
49673
49636
48315
50882
50021
49493
49172
48195
52172
50516
49975
50170
50471
51369
48844
48229
49516
49663
50298
50865
50113
50597
51045
50338
52013
48969
51693
49314
49013
50695
50756
49314
51221
50171
50823
49333
49729
50070
49483
50021
49248
51315
48583
50446
50879
48203
51530
47886
49700
48262
50493
49115
49943
47971
48443
50548
47953
47972
50198
49292
50913
50697
49508
50178
48595
50443
49144
50543
51483
49313
50567
51067
50914
50035
50742
48109
51696
49682
50983
51473
51265
50077
49040
50132
51820
51918
50085
50881
50325
50565
48208
49824
49479
49465
50257
50317
50144
51625
49113
51044
49331
49951
48446
50510
49959
48374
51637
50713
50820
50597
51570
50881
50724
50843
48536
50082
50787
50162
49536
50283
48350
50159
50558
50165
49999
51349
50285
48676
49432
50396
49699
49383
50932
49564
50274
50071
49378
50832
49469
49338
51060
50539
48224
50061
48799
49936
50172
49088
50386
50837
50845
50354
48496
50707
49903
48783
49869
49434
50141
49573
50878
48548
50870
49256
48415
51091
50171
48385
48797
50266
49799
50143
50765
50310
50462
51303
49539
51117
49405
49031
49283
49672
49780
49870
51769
50736
48938
50834
49187
51311
49899
50933
49851
49721
48433
49962
50723
50081
49821
50397
49619
49992
50541
51566
51170
48867
51535
48950
48170
51548
49210
50537
51701
50913
49257
50550
50694
49111
50201
51741
49554
48472
49628
50159
50516
49147
51038
50591
48408
50565
49121
50194
48484
49333
51883
50931
50217
50631
48601
49779
49288
49599
49987
49792
49831
51242
48474
50103
49052
51593
49819
49116
51196
50031
49481
50503
50025
50075
50293
49963
50733
48390
51008
49854
47906
50770
50355
50940
50606
50576
49241
52038
50095
49446
49720
48518
50195
48936
49929
49882
49227
52287
48677
50324
50887
48773
49846
49022
49392
50124
49240
50018
51173
51315
49098
52288
50181
49260
49494
51552
50231
49090
48897
50320
51036
50714
49748
51504
52233
51254
51318
48998
49200
48893
48856
49926
49802
49794
50874
49188
49173
50278
49468
49141
51908
50242
49452
50019
49294
50059
49231
51056
49935
49377
51217
50272
49497
49548
47260
49445
49976
51247
50776
48756
50756
48601
50410
51086
48229
50077
49719
50155
48822
49528
49276
50663
49124
49394
49233
49793
50227
49683
50146
49455
50822
51987
49088
51610
49868
51905
49572
48535
50768
49368
50414
49367
50558
48871
50170
49860
47156
48599
51362
49538
50198
48147
48714
49827
50276
49850
49038
50242
49132
49147
48822
51848
51026
50332
49686
50928
49542
48734
50968
49235
47269
48814
50370
49739
51737
50301
50228
49277
50279
49999
49013
49990
49500
49703
50611
49512
49293
49225
50158
50961
48989
49899
48337
48854
51703
50651
50328
49660
49543
50022
48505
48754
51177
49961
50249
48761
49237
48227
51981
49505
50191
50820
50014
47957
49799
49749
50705
51901
48933
49924
49605
52684
50008
49648
49693
50138
50797
48707
49382
50257
50215
49549
51496
50589
50143
50893
51506
50268
50000
51479
50873
49026
52655
50555
48193
50670
50729
49761
50276
49093
50952
51913
50429
49326
50324
49404
50870
48539
48483
49182
49193
50364
50042
50863
51860
49817
50932
51138
50170
49001
49654
50094
51470
47937
50249
50002
50113
50214
51061
47886
47978
50475
49500
50943
50141
48848
50512
49280
51450
51006
50038
49242
51236
49523
49222
50901
48165
48576
50847
51274
50131
50025
49646
50102
48382
50726
50070
50769
51013
50433
50449
48317
51699
51504
50666
49708
49337
51208
49999
49450
51168
48738
49454
49728
49437
49616
51178
50802
49895
49304
48701
50389
49796
49618
49989
50332
48079
51397
50400
50410
50374
50047
50733
50570
49569
50354
48098
50394
48756
50401
50968
51437
49424
50094
50974
49307
51117
50773
51377
49551
50890
49655
51252
50054
50565
50396
48208
51349
51613
48886
50359
48293
50192
50353
48306
50729
51038
49382
51570
49495
52391
49940
50160
49145
49367
48295
49516
50784
49740
50646
51303
49605
50521
51173
50950
49851
51204
49552
50333
51437
50875
51873
49448
51037
49710
50537
51222
50979
49892
50127
50298
50536
49370
50998
51174
49418
49393
51674
49388
50577
50929
51938
49550
49860
49941
50628
51624
51309
50715
48260
50146
48721
49131
50451
50676
49134
50933
52171
49858
50966
50417
49772
50181
50485
48068
48816
51717
51167
48733
49228
51493
50591
51334
50762
51631
49543
50881
49202
49305
47929
48739
50172
49196
49409
48026
49231
51320
51441
50958
49071
50651
49090
49848
49894
50717
48340
50518
49397
51555
50678
48416
51004
51062
51303
51025
47995
48587
50795
49979
50726
50290
50035
50051
49303
49112
51010
50923
49575
50101
49946
48651
50977
48933
50241
52332
49128
51312
49000
51962
51241
50693
50511
49679
48980
48442
50961
50361
50919
49234
48455
50501
49845
49697
51058
51393
49319
49943
49521
52068
52679
49517
49059
49939
51402
49449
50233
50622
50600
48976
50331
49005
50227
49358
50081
49232
49363
49643
49907
49762
48976
49629
49895
48774
50272
49319
48551
51246
49432
52982
49386
50413
49933
48155
48823
49810
49771
48369
51373
51102
49791
51125
50561
50878
51142
49602
49962
49254
50677
49097
49693
50635
50836
49436
50317
49735
50104
48064
48713
49032
51063
50744
49541
51400
49503
50795
50844
51465
50319
49727
49109
48993
50571
48735
51025
51308
48005
49856
48992
49763
49347
49165
50220
49717
48604
49784
48563
50790
49222
50215
48999
49511
49820
51124
50020
48466
49459
49380
50440
49766
50377
49767
49655
51105
50091
48828
48359
49044
48638
49510
50542
51366
51524
49611
50719
48934
48438
51459
48843
47249
49868
50890
51300
49836
47918
51154
50431
48303
50134
51327
49065
50338
50596
49542
49410
48873
49686
51404
49656
50137
51788
48621
50947
48779
49788
49971
50618
50619
50710
51026
49519
50539
50784
50426
48843
50770
49591
47973
51590
47956
51114
50106
48823
50180
51295
49669
50052
49724
50473
49778
50532
50630
50158
51490
51218
50622
50436
50385
49835
49521
49914
47783
48292
49550
48421
49671
50641
48771
49336
49946
49661
49854
48064
50007
50685
50977
49228
51129
49433
50758
50443
49733
50800
51061
49610
51191
49326
49936
48780
50676
49275
51094
52523
51197
50582
50675
49727
49529
50318
49037
49690
49176
50437
51383
50479
50367
51584
49844
49274
49763
49092
49061
49611
46263
49015
49597
49735
50314
48548
52041
50436
49855
52811
50071
50495
50233
49525
49979
48761
49359
49343
49440
49903
47486
51376
50302
49008
50271
51742
50499
49398
50525
48613
50674
49898
50213
49255
47953
49375
51788
49358
49215
51398
50816
49925
49157
49861
50378
48847
48266
49266
50156
48360
50261
50666
51588
50707
48819
50112
51315
49168
50085
50059
50047
48011
49774
50901
48307
49542
49514
49442
49853
48428
50089
51443
49969
48591
51286
50904
49726
48880
50738
48983
50960
51629
50064
49111
50416
48019
51145
49819
52056
51068
49628
52864
49679
51374
51713
48701
48617
50761
50668
51077
49948
50057
50208
50014
50033
49667
50820
49004
51134
49242
51798
50015
50102
49525
50454
49824
50516
49723
49887
50876
48186
50289
50415
51338
50077
50954
50233
50492
50871
50507
50127
50280
50043
49960
50899
49987
48809
51125
49681
51149
49111
50658
51386
48511
49249
50066
51367
51623
50753
47890
48631
51377
49820
50051
50261
50584
50125
49478
51706
50509
48259
50261
49579
50852
49006
51797
48408
50117
50048
51362
49492
50364
50272
50584
50294
51503
50895
49581
49029
51216
51413
47215
49798
50421
51184
49574
50962
50101
50402
50230
50668
49712
51128
51293
50804
50978
49599
49756
51270
49504
49630
49404
48986
48088
48290
49794
50707
50030
49229
50367
51986
50880
49045
50662
50203
48505
48641
49292
49785
50256
48612
52097
50439
50051
48897
48844
52128
50614
50540
50527
50494
50126
47382
51663
51135
50256
49378
49550
50925
48728
50999
48246
50371
50009
49198
49866
49373
49786
49995
50417
49724
51780
50633
49812
50863
50404
49410
48800
50183
48695
48385
48576
49891
50275
50054
51101
52098
48721
50033
48996
51509
49073
49387
51110
51348
50360
48478
52188
49052
49828
49938
51424
50125
49522
51307
48901
49981
48165
50044
49566
50249
50958
49394
50253
49506
49352
51601
49348
50818
49736
50166
51061
49637
51008
49920
49459
48835
50482
50374
50341
50584
47912
48981
48748
50143
50481
50279
49330
49421
50496
50044
51147
50735
50234
51250
51687
50175
50586
51477
50844
48866
49707
48970
50288
48988
51141
51153
49788
52134
50100
50624
49288
49943
49730
49704
49625
49759
50435
50763
49573
49080
50638
48406
49390
51077
49558
50380
48308
50280
49785
49537
49550
48868
50957
49747
49090
50002
49318
49102
50582
49155
51530
48786
50715
49863
50258
49987
51177
49644
51970
49204
49138
47767
51090
50027
50932
50074
52084
50645
50578
48676
50667
50725
49910
49747
49011
51001
49976
49680
49716
51512
50333
50236
51333
51670
50006
49073
49829
50147
51033
48367
49843
49751
51121
48012
50298
50951
48920
50717
50282
50866
50237
50319
50109
52392
49831
48876
49786
49967
50223
48668
49858
51309
49369
48939
48685
50765
49254
51921
51465
50972
47968
51147
49383
50707
50157
49929
50175
49933
51704
51481
48378
50083
50266
49207
49793
49715
49846
49885
51144
48168
48780
48036
49850
50473
50288
50937
49986
48345
50773
51396
51454
51187
48934
51995
48196
49020
49895
51328
49430
49936
53416
50367
52223
51261
52311
50018
50619
51044
49580
49008
49944
50617
48706
50120
50131
50409
48364
49789
50103
49518
48673
48440
50719
47650
47974
51140
50645
50694
50054
49998
50248
51879
49840
50006
49016
50098
51112
50555
49524
49580
48125
50136
50876
49385
48928
50274
49403
48884
50382
50505
50689
49123
50477
49976
50016
49149
50513
49427
50839
48534
49685
49707
51312
49215
49154
49475
49392
51231
50678
50310
51981
50034
47647
49448
49069
51081
48385
49384
48864
50172
48145
50705
49402
51868
48950
50216
51518
48681
48658
49763
51195
49515
51323
52897
52030
49145
49014
49485
49753
50141
51339
48916
50132
48700
49777
50468
51357
49910
51079
49679
50537
50705
50757
51477
49896
51450
49643
49808
51085
50527
50725
51655
47096
50824
52072
49428
49039
50007
47623
50860
50290
51290
51349
49445
49985
51543
49930
48895
49924
51189
49557
49558
49759
49580
50190
51786
49244
48396
50230
48573
51576
48372
49359
51762
50724
49795
50191
50662
49381
49082
50713
50090
50287
51238
49514
48737
48615
51579
48739
51080
50971
50544
51988
49092
51535
49510
50293
50002
47845
50336
50827
50060
50939
50993
50049
50482
48433
48147
51661
49230
50654
49136
51681
49561
48852
50634
51144
50481
49419
49443
48898
50056
49018
49879
49174
49269
49442
50449
50055
48751
50126
51045
49669
49911
50105
50533
50460
50580
48791
50221
49422
50492
50306
49922
49771
50214
50700
50151
50111
51814
49479
51618
50376
48350
51981
51577
50090
51260
50375
49599
51482
49096
50940
50498
50406
51280
51786
49588
49526
49273
49155
51961
52415
50112
49341
51130
50439
50308
50096
50638
49696
47569
50627
50508
49014
50068
49460
50793
50812
50929
50643
50350
50434
50401
49713
49513
47939
48607
50542
49945
49062
50059
48729
50298
47845
48603
49873
50734
49974
50462
49942
51548
49087
49207
50338
51392
50456
49614
50958
48695
49901
50872
50374
49965
50642
49985
49559
50010
50418
50326
48838
49994
49050
49490
49705
49746
49689
50866
49997
49027
51007
49300
50633
52376
50658
51195
49838
48787
50645
48688
49943
51784
51283
49465
50538
50314
49694
49657
48833
48709
50693
51667
49290
50222
50695
50021
49682
52672
50784
48853
49534
50290
48240
49631
50637
48438
51944
49785
49512
50196
47626
50283
49454
48973
49718
50277
50141
48921
49453
49682
49051
48916
50788
49751
50525
49818
49102
48692
48961
49203
49445
48624
49454
50933
50384
50911
50672
50189
49105
49764
49736
48224
49299
50759
49807
50488
49167
49946
49980
48779
50286
49480
48013
50618
50434
51514
49053
49440
48381
49829
48461
50092
48991
49867
49851
51804
51002
51857
51844
50119
50272
51712
50543
48835
50472
49605
50722
51307
48592
49598
49232
51166
49852
49514
51003
48453
48528
48949
50175
50455
49755
48897
48801
49335
49521
49926
50439
50551
49004
49779
51746
49799
48751
49387
49522
49404
48951
50831
50820
49290
49040
50191
48894
50707
49887
49023
48517
51415
49828
50584
48847
52227
49274
49870
50045
47592
48559
50465
49475
49632
49120
49751
49595
48140
49745
51286
49960
50100
50380
50867
49851
49621
50647
49564
49906
49115
49680
49855
49498
50487
49124
50097
52296
48283
52473
50116
50563
50269
49255
50238
48304
50641
50919
49880
49746
50134
51051
49596
50715
50133
49922
48506
49611
50973
48613
50806
49322
49845
50309
48803
50647
49292
51662
49753
49418
49485
49913
49441
49365
49723
50249
48286
50234
51306
50147
49916
50648
49389
50951
49162
50359
50405
52149
49761
50073
50902
50628
50750
51687
47655
51551
50819
51075
49306
50322
50069
49809
51139
51192
48483
48944
49506
49682
50440
51676
50070
50329
50531
50829
51109
50273
50568
50998
49451
49189
50606
49415
49452
49062
49071
48835
49952
50627
49646
49401
50124
51212
48790
48396
50273
50877
49623
50473
49962
50224
49101
49471
51585
52548
51256
49339
49913
47644
50326
49418
48996
49666
51125
49792
50791
49873
50624
50575
50654
50824
50270
51704
50405
50553
51176
50031
49893
49242
49940
49983
51194
50051
47579
50257
49091
51747
49085
48851
48460
51150
48797
49962
48490
50890
49146
48718
51404
50030
50712
51640
49630
49424
51773
50076
50341
49764
49145
48686
49479
48091
49203
50913
51454
50891
50460
49210
50109
50498
50746
49755
50776
50952
50980
50984
49302
50798
49154
48316
48764
48389
49198
47990
49461
49140
51262
48757
50784
50538
47846
50605
51480
50191
50114
51832
52332
49669
48310
49243
49594
50627
50248
50408
49370
50008
49478
50007
49979
49750
49858
50731
52798
50424
49606
49008
49686
49496
52091
50263
50600
51055
48049
48859
50175
49580
51735
50043
50068
50299
50010
49191
51029
51081
50096
50028
49109
50012
50152
50076
50828
51033
51797
49222
50380
49215
49718
49433
49424
51376
50365
50811
48898
49075
51353
49149
48911
50259
50137
50652
50918
49205
50420
51570
48948
49103
49699
50276
50671
51623
49920
50238
50323
48986
49529
50646
51611
49163
49760
47400
50335
50247
51705
50327
47748
49281
49382
50436
49317
50253
49908
51181
50916
50202
49144
50696
51201
50619
51371
49467
48898
50137
49968
50000
48853
49934
50682
51446
52593
50777
51539
50816
51886
50747
50954
49186
50012
49740
49104
50185
46344
51041
51034
51130
50650
48487
49461
52868
50544
49173
50461
50482
49844
51976
49745
50200
48666
48613
51374
49205
51112
48507
50801
50515
50771
48950
50975
50077
49267
50820
49497
50065
51711
48822
49657
48584
50696
50973
49733
48463
51809
49265
49325
50082
48960
51773
48574
51016
51917
48778
48847
49359
49347
49705
49911
50478
49467
48979
49626
48962
50215
49904
49693
51815
50556
50168
51427
50928
48674
51311
49358
50067
49309
49049
50612
50193
50252
50599
50325
50836
50140
49903
50937
48741
52253
48978
51422
49967
50228
49456
51443
48893
49253
52129
50575
51367
48975
50574
49162
49907
50711
50051
49899
50030
49005
50847
49262
49429
50486
51011
48821
48803
50102
50640
50029
48952
49222
51625
50713
50671
49880
50993
50142
50594
49795
50849
48660
48750
48679
49426
50881
50408
51323
49877
50198
49571
50971
48659
49280
48894
50323
51561
50240
50468
49877
46632
50072
49598
49843
51703
50885
49262
50114
48216
49668
48416
51656
50397
49497
51879
48152
47874
50129
50283
48523
49121
50981
50720
50883
49347
48403
49135
49739
50814
50504
49752
50557
49012
49441
48151
49788
51070
50048
50473
51531
51334
49928
50193
49673
50415
48216
49085
50813
51543
50492
48982
49286
48728
50370
51394
49530
49383
50174
50858
48154
50547
49932
49866
50178
48806
50434
49142
50184
49218
47621
51172
49436
50703
50208
49421
50383
49530
49621
48950
49479
49893
50324
49609
49505
49318
48309
49698
50677
49012
50658
49700
48879
47732
48768
48439
52054
50967
49305
49615
50143
48589
51063
48822
48682
50309
50339
49105
48580
48897
48109
50296
51875
49878
51032
50056
49113
50767
48656
49598
50584
50441
51522
48622
50985
49790
49088
50422
49689
49772
49551
50492
49535
49971
47972
50869
50196
50209
49341
49761
50330
51577
49954
48317
50918
51022
49672
49068
49064
51066
50926
49611
51508
50020
49313
49676
51141
49254
51999
50707
49693
47727
50710
48957
48266
51355
48712
49402
50380
49560
49415
49774
48408
50046
49983
49834
49577
48400
48953
50160
47330
50750
48837
51523
51439
47765
50016
