73667
52547
85849
84050
79142
41187
29940
9578
34172
27588
19867
99321
16030
47985
84021
14321
54085
61858
28500
39915
44812
70283
95223
68768
19644
80504
6068
26278
68579
48669
2301
71114
65279
25045
78800
63817
16112
62510
13865
10119
43698
21776
8107
58849
65985
70433
66590
22745
11820
2727
40374
61224
19963
70258
50718
12096
50231
79464
27201
13613
22331
18365
89826
43891
23923
64046
52563
6758
20348
4965
90460
32805
34134
86301
17651
65905
85457
85077
84252
89243
2880
43657
29464
21424
82613
72703
80520
91094
20128
77671
90951
95413
64459
21182
47555
46494
90778
47423
2141
76774
