41178
74927
3973
26933
71170
11284
91917
7828
33871
49107
92817
87782
15561
6216
82263
88549
72017
93984
60926
21046
61156
1318
80151
42887
33862
88953
61266
78997
11651
9493
54849
70954
43075
92810
21602
19824
94816
86311
23119
24816
85918
75794
84546
41482
20620
72991
52997
29731
22210
30004
99608
13664
36279
7166
64549
28110
39591
83020
78960
51940
77052
7151
79630
74561
88970
72745
88254
25308
65469
88661
31099
1858
17606
28465
85726
2811
34964
12500
27054
27138
38198
93101
87838
88830
32042
10415
58633
76790
76526
34870
45526
43126
81793
20668
26740
61136
38149
26514
23964
49016
