47941
94592
32847
46072
12768
82699
68590
18646
41023
44336
58372
95176
75647
12383
1384
99209
14568
42547
27410
19981
31969
89509
36152
13050
52172
70987
54544
47688
15840
49790
49757
86258
97240
99006
71895
9837
38240
89512
65042
9903
11025
23784
5467
71231
10764
95269
81676
50017
75055
16097
52109
64082
41141
2074
93121
14371
65920
18023
11156
84980
11089
29561
55001
91760
72507
40373
59487
28653
64572
70938
68825
21835
2264
85045
43717
7221
56297
32974
23961
90678
84306
15513
52580
11798
42463
7972
3063
40472
1966
86483
68326
87231
96494
72860
95679
99962
89650
7825
25047
15121
