50162
51029
51385
48598
49089
49627
49564
49981
48794
50499
49207
49575
51222
51539
50021
50682
49807
48879
50798
49361
50288
48758
49178
51223
48542
48874
48678
49688
49549
51130
50663
51359
50096
50556
50160
50367
50803
51170
49001
49319
50624
50099
50059
49741
50521
50070
50147
49286
50177
49500
48485
51272
50649
50801
49412
49108
50038
51170
48800
49564
48954
49621
49935
50212
49332
50565
50094
49951
49989
50848
51479
50399
50129
51230
50328
50266
51880
50483
48979
48923
49650
49877
47996
49392
52997
49840
50162
51383
49894
51294
50918
51470
49310
50779
50581
51200
49486
49339
48717
50308
