50747
50710
51159
49758
50629
50102
50487
50079
50454
49711
49722
51095
48381
49505
51046
49154
50407
49854
50000
50045
50968
52107
50463
48653
49476
51470
48633
49271
50435
50256
48037
49221
51583
52222
49510
49646
48836
50927
49295
50704
50144
49987
50037
52327
50383
52319
50616
49894
50365
48293
49112
50315
50667
51002
48073
49602
49895
49134
49648
50251
49743
49801
50374
52033
48623
48912
47555
50746
50389
49178
48710
50615
48833
50307
49154
48007
50532
50187
48808
48154
49973
51313
50867
49836
50253
50420
50485
51744
50580
51240
49002
51300
49299
49936
52189
48692
47815
51018
48795
49537
47916
47713
49778
49498
50331
48941
50802
49642
48361
50007
50524
50159
48385
48487
51011
49360
50596
49635
48944
50847
50972
47939
49894
51872
50810
50751
50192
50008
50293
50800
50549
48451
49036
48255
48146
48126
49610
50382
49290
48186
50139
50298
50843
50838
49262
50130
50917
48618
51235
50330
50655
49350
50076
51532
51598
50975
51182
50099
50028
49427
48502
49885
49975
49591
51334
49504
51156
49456
50118
48103
51820
50660
50480
50346
51066
49402
50042
51060
50520
48417
50110
49105
50074
50308
49698
50055
49869
49695
49241
50519
50267
50773
51296
50155
48744
51462
51036
49664
50592
49475
50372
51017
51314
51473
51714
49329
49076
51318
49813
49182
48315
48780
47821
47588
50178
52479
51861
50736
49285
49129
50637
49229
47997
50123
49244
49424
49571
49006
50241
50247
50716
48919
50295
49109
49887
50288
49797
50006
48264
50713
51588
50453
49515
49686
49345
50052
49856
50028
50091
49269
51706
49240
51758
50938
50201
50439
51083
50463
50695
49005
49628
50661
50388
52001
48463
50579
51042
50488
51886
52117
50657
51537
50755
50142
48290
49874
52956
48495
49163
50826
48953
52115
48662
49285
49035
49884
50738
51321
49030
50698
48633
47866
49858
51327
49429
50231
47504
49976
49642
50668
51572
51096
49607
50525
49799
50792
49936
48605
51679
49814
49386
50175
49710
48711
50961
49304
51083
52757
49410
50893
49636
51378
49935
49817
49793
49033
49314
52276
51408
48427
50686
50606
49902
50303
48366
49754
49687
50130
50465
50273
49111
51348
51462
51393
47990
49319
48308
49928
49745
51473
50418
49554
50031
49322
50465
49290
48436
50216
49788
49817
49540
51442
51820
50639
50381
49894
49308
50928
49546
51057
49848
49877
50812
50109
49388
48985
50731
49052
50080
50277
50198
52151
49838
48275
50620
48681
52848
50346
49884
50143
51498
50612
50610
49344
49753
49535
49618
49044
52003
49986
49118
48851
53758
51120
49187
50856
49340
50315
48433
50695
50401
50015
50599
51051
48634
49764
49928
49561
49534
51635
49370
50165
51940
49956
49178
49258
47848
50782
50890
50324
48865
49588
50800
50997
49763
49157
49501
48719
50782
52262
49846
48911
50883
50822
49702
49798
49355
49763
49004
50794
50563
49547
51888
50658
48487
49505
49061
50695
49019
49312
49984
49802
51392
49604
49760
48353
50181
49161
52135
50558
49235
50381
51822
50020
49578
48440
50468
49853
49770
50457
51105
48689
49444
49179
50132
50244
49637
50654
49469
48190
49192
50941
49904
51681
49623
51982
49888
49481
50567
49334
49506
51368
50335
51001
50432
49830
49235
49946
50404
48600
50937
49966
49751
48813
52646
50323
48775
50191
51351
50811
50470
50415
48655
52205
48317
49194
49029
48241
50788
48685
50809
48921
49958
48603
50688
51632
51069
50983
50954
50553
51283
50186
50516
52467
49931
48919
51415
52024
50041
49269
47854
50316
51113
51281
49254
50636
48701
50933
49473
49511
49563
49471
51124
50344
48772
50417
50073
50246
50154
49872
51189
49961
50887
51863
50922
48336
47919
47920
50259
49353
50741
49656
48405
50624
50087
48615
50481
50386
49633
48488
49652
52051
49185
49616
49856
49922
48308
50667
49674
50546
49861
48632
50612
50383
49407
49381
50988
49892
49655
49993
49803
49874
48901
47797
49291
49097
50080
48068
48676
49592
49724
50650
50623
49604
51298
51280
51345
51136
49942
49754
50679
50222
49945
50439
49757
48647
49774
50657
48697
50585
49470
49229
48767
50166
51433
51062
49181
50714
49757
49904
50802
51030
49875
51890
47995
50587
50366
50419
49834
50673
51295
48846
49475
49105
49246
50069
49369
50120
48739
51587
51463
50898
49911
49961
49526
51632
50395
50673
49346
49402
51737
49610
49832
51043
49531
49685
50251
50940
49848
49340
51086
49822
52167
50622
51481
50382
47863
50048
49809
51065
48970
49336
50977
51270
50252
49762
47807
49927
50209
48773
49086
48908
50135
50637
49416
48469
50166
50041
49302
49810
50431
51648
49436
50774
49056
49451
49417
50275
50118
49318
49760
51737
50710
48943
50268
51105
47785
50630
49359
49823
48759
50108
49834
48681
51015
51215
50488
50576
49675
51849
50381
49160
49155
49575
50014
50450
51490
49382
50570
48981
51261
50614
50469
50960
50855
49673
51042
50355
52556
51358
49666
49710
50521
49392
49886
50344
50701
51716
51662
50273
51295
49040
49117
49060
48814
49678
49174
48462
50162
51344
51797
50651
51069
50721
51171
51040
49322
49749
51870
49272
50449
50589
50977
49647
51714
49332
50858
50338
49653
49164
48482
51341
48611
49724
49882
49330
49888
49247
50585
51203
49739
50139
50185
49969
49696
49255
50487
50597
50730
50196
47987
49689
50403
51177
49377
49825
48089
49666
49814
48417
49771
50649
49202
51871
50433
49409
47332
49954
48017
49635
48865
48300
49601
48953
51651
50458
48477
50304
51893
50678
50836
49328
49459
50852
49143
50295
49888
50364
50268
47862
49164
51083
49746
49752
51209
51054
48765
48847
49570
50009
49013
47951
49051
49678
49559
49484
47576
47020
50038
51759
51370
48702
49499
48477
49256
50774
50820
51434
47807
50529
50662
48344
49856
49410
49832
50043
50746
52353
50982
50424
48217
48926
50395
52605
49460
50159
50905
50441
49373
51709
49590
49997
49074
49254
50343
49214
51918
51396
49872
47379
48839
48735
47697
49716
50950
50190
48956
49703
49335
50297
49522
47876
51380
49556
50167
50598
49966
52556
50014
50018
48876
49041
50084
50408
49577
49678
49665
51184
49708
49285
50404
50731
47573
50313
49765
49394
51075
52329
49564
50649
51053
49020
51124
52057
51184
47487
50161
49158
50615
49859
50271
49547
50014
49318
51528
49807
49849
52146
51951
48621
48227
49157
50984
49965
50689
50570
49629
50980
49244
50632
