51143
49131
51160
49620
50693
50413
49993
50252
50532
49646
48866
51048
50690
49263
48826
48875
50794
50170
50564
50343
49101
50023
49781
51767
48935
48021
49741
48812
49041
49694
51609
50457
50330
50237
48269
48901
50234
49953
48881
48820
50947
49305
51161
49001
50779
51256
50526
50753
49299
48426
51167
51022
50731
50739
51911
50101
50528
50279
51530
49809
49854
51208
51426
48743
49973
49277
51063
51479
51070
49593
48507
49173
50157
47774
50032
51377
51663
49858
50781
49714
50886
49092
49857
51656
49284
52567
51247
50567
50639
49759
50167
50108
50162
49675
51527
50926
49789
50298
49310
49374
49375
50097
50966
50841
50649
49693
49307
50381
48958
50903
50497
52504
48597
49809
50221
50260
49276
47776
49800
48946
50297
49112
49412
50757
51090
50263
48849
51134
49830
49076
49630
48939
49123
49863
48914
49078
50473
50188
50751
50976
48812
50167
50559
49640
50870
51001
50502
48842
50837
50162
50020
51752
51164
50971
48588
50614
48166
49976
49590
48057
49774
49818
50840
51684
49887
50697
49677
48635
48470
50922
51098
49851
49614
48981
49898
50143
50067
51843
50404
49581
50272
48435
50715
49473
50454
49675
51334
50748
50350
49685
49928
50118
51764
49331
50236
50188
49543
50439
48617
51373
50186
50571
49860
48477
50107
48816
51285
51034
51580
50472
50509
50744
51525
48738
49800
50489
48695
48909
48943
50134
49791
51034
49215
49897
51934
50996
48952
49334
51160
50266
52039
50415
49477
48708
49438
50048
50494
49892
49939
48127
48074
48921
51324
49363
50093
49036
51102
51437
50474
50181
50315
49796
48686
50438
50085
49876
49012
50098
50255
49495
50409
49296
50026
49562
51036
50175
49479
49868
48450
49333
49377
50369
50148
50534
51056
49125
49481
50723
52222
52520
49457
49782
49570
51229
50242
48263
49208
50650
50905
50403
49377
49792
49136
47683
49752
49039
50083
49523
47726
50078
52193
51421
51496
48691
48956
50766
49457
49300
50215
50779
49516
51356
48548
50204
50270
51008
49683
52098
50322
51641
51983
49949
47818
51345
49599
49914
49298
48564
50150
50013
51956
49858
49028
49946
48974
48770
49916
51058
50949
50569
50482
49664
49795
49597
50806
47024
50551
49464
49530
50459
50186
50650
48827
50808
49179
49244
49880
50174
51469
51378
49665
50622
50840
51022
51029
49830
50824
48842
50562
50865
51165
50897
50706
52537
48466
50470
49921
52855
49173
48549
50196
49481
49945
50495
49390
49155
51094
49348
49496
48853
50529
51279
49332
48705
50089
49874
51065
49497
50536
49195
49099
48040
47341
49696
50519
48422
51215
49050
48264
49374
49813
51348
50739
48476
50666
50156
50479
51475
49282
49961
49080
48570
50432
49947
50395
51260
51283
51214
49791
50151
51365
49793
48948
51327
48723
50523
49764
49026
49542
50669
49433
51155
49122
48266
49144
48700
49194
50682
49905
50652
50684
51133
50101
48030
49109
50224
47724
48907
50394
50149
48551
50777
50048
50405
50695
49334
50621
47513
49743
50828
49620
50034
51985
49559
51255
49149
50203
49032
49353
49343
49225
49841
48641
51570
50393
49309
49615
50870
49061
50435
47758
50820
50008
50244
49912
50092
49047
50267
51422
50467
51069
48913
48588
51939
47297
49944
50906
48820
50252
48936
51143
51255
51118
50151
48750
49235
50684
50314
49375
50428
49621
50539
50376
50046
50965
50035
50002
51423
52331
50191
49690
50357
47749
49758
51929
48824
48353
50392
51075
49511
50064
48996
49117
50156
49918
50528
50726
50978
48870
49313
49466
48406
50317
49695
49819
51115
49343
50513
51187
51193
50732
51576
48183
49020
50174
50383
51303
49152
47813
50321
48371
51119
49107
50763
50724
48817
49149
51000
50006
49134
49072
50823
49376
51152
50264
49790
50453
49772
49384
50559
50628
49719
49335
48999
48686
52016
48939
49312
50519
51140
50697
51038
49202
50593
50626
47837
50035
50951
49843
50624
50220
50150
49153
50769
49952
49843
50553
48536
48599
48397
51220
51441
49217
50045
50109
51474
49887
48305
48858
49168
49710
50538
48004
50220
47716
49076
49733
51120
50514
49835
49718
49904
52196
50217
50046
49675
51142
50107
49583
51172
51506
50672
49851
49038
48913
50983
48523
49796
48464
51749
49433
49864
49537
48833
50398
51326
50913
49396
50115
50087
50041
48117
50990
50434
49382
48945
50563
50815
50798
50271
49454
48336
48710
49476
49601
49163
47355
50442
51493
49852
51041
51035
49163
48719
50781
50798
50410
48348
49103
50386
50541
47697
49328
49611
50313
49302
50623
49427
50944
49676
52816
51620
51259
51582
51505
50497
48958
50771
49402
49477
50273
50266
50602
48253
48380
49805
51838
48688
49664
49462
49286
49562
51335
50318
51386
50546
48565
50521
48576
49397
50964
49672
48915
49389
47896
50300
49870
50213
50895
50304
49407
47816
49262
50803
51175
50661
51695
49666
50683
51295
49716
50128
49506
51437
49770
49991
52124
51720
49934
50877
50685
49244
49611
51127
48834
49467
49789
50889
50532
50658
50278
49990
47856
50371
49920
50825
49285
50105
51529
51017
49965
50972
49634
49087
49737
50871
50273
50632
48132
50533
49965
50001
47861
49134
48698
50119
49564
49830
50707
49564
50784
49550
49668
48090
49478
50094
48243
50138
50108
49396
50644
48963
50502
50389
47947
50391
49988
50829
52234
50151
49790
49011
51116
50515
49782
50498
51804
49379
49544
50346
50473
48957
50707
49847
50302
46851
48349
49429
51825
50196
50976
50483
49199
50748
48885
52044
50827
50808
49322
52110
51295
50477
46536
50092
51134
49419
49483
50843
49926
50764
52100
49349
50397
49338
50926
48920
49138
51039
50273
50708
51583
48415
50612
51217
50338
49530
49184
50891
50879
50043
49994
49653
50284
51251
50389
50110
48376
50763
49136
50263
49056
50546
50279
51320
49579
51063
50303
50559
49445
48788
49605
49536
50563
49865
48153
48524
49266
49364
47529
51011
49383
50032
50066
51342
50848
49539
49398
49340
49833
48834
51416
49535
50636
50127
52221
49742
48966
50622
50484
49388
49608
49973
49223
48885
51862
51188
49743
49689
49848
49764
51600
49384
49836
48148
52186
49467
49496
49803
50022
48483
51365
50786
47922
50011
51207
50287
49675
51426
47803
48710
49863
49463
50228
50687
49213
49381
49969
48926
49949
49447
49516
50522
50927
50958
48929
50361
51242
47991
48888
49834
50642
49134
50611
47926
51399
50838
50375
48378
52046
51457
48697
48274
49785
48824
49682
47203
49548
50481
50492
50927
49949
50471
49712
50733
50542
50080
49289
50819
50640
48603
50030
46906
49762
51525
49365
50568
51381
49787
49463
49227
48687
48136
51418
49551
50521
51824
48904
50455
49569
51431
49461
49381
49152
49974
49516
50300
50112
50548
50422
49865
47512
50839
49476
48627
49557
50268
50100
49681
49222
49581
50061
49606
49863
49079
48722
49882
49834
49531
50104
51015
49917
48923
50997
48731
50980
50068
48744
49657
49858
49876
50315
48972
49258
49648
50036
48541
50797
50558
50453
50568
49587
49724
50118
49719
49981
49754
50025
51893
50003
50204
49735
50386
51152
50816
50223
48511
48879
49308
49204
48468
49219
49306
49103
50736
51110
51173
49559
49653
49337
50445
50109
50683
49765
49904
51377
50724
49473
51301
49528
49696
49627
48860
50038
50056
48716
49772
50769
48934
50800
49309
50365
50623
51119
49924
51031
49716
49905
51098
49678
50027
50164
50255
49556
50725
51802
50455
51169
49745
49981
52140
48601
51735
50793
50528
50816
50434
51071
50321
49978
49237
49329
46944
47898
48909
47466
50022
50241
49930
48689
51875
48905
49836
50228
49979
48982
49069
50582
50074
50581
52224
48849
50294
50280
49984
51529
49041
50540
50963
49199
50771
48492
49666
49247
50793
49729
49661
48976
52265
49556
50121
52107
50322
50837
49366
49999
50059
48453
49692
51151
49317
49881
48404
49434
48548
50102
49621
49965
50855
51041
50672
51093
50309
49612
50903
51318
51626
50823
50089
49356
51666
48965
49909
49213
49065
51158
51264
49765
48882
51619
49823
51423
50941
50136
49418
51806
51012
49501
50798
50120
49900
51143
49922
49246
49357
50041
50113
48900
50849
48266
49730
50331
49769
52660
50747
49881
49387
49620
49654
50048
48968
50531
51827
49243
50306
51046
51662
48787
49445
49581
50075
50153
49236
50890
49914
49420
50615
49282
49986
48011
51311
51139
50219
49635
48864
50655
50134
49855
49541
49940
49407
48664
50113
49820
48888
49343
50606
48739
48417
49549
51261
50764
50590
50686
49317
49320
51065
51002
52477
50413
52464
50850
48437
50430
49584
48931
49475
50175
50384
49224
50832
48501
51117
50985
49846
49337
50404
49354
52257
50567
49327
49934
49401
49566
50169
49697
49995
51421
49208
52386
49516
50236
49564
51576
49215
48495
49626
50087
50463
51420
49750
50326
49453
50945
48474
49257
49479
49756
50883
51315
49332
51899
49262
48311
50274
48927
51757
49949
50302
50550
49782
50312
47460
51489
51752
48974
49906
50263
49229
48644
48725
50134
50669
50428
52860
52628
49832
48853
50371
49568
49827
50368
50857
51222
50522
50018
50452
48299
50556
52876
50187
49022
49167
49422
50647
49292
49240
48685
50520
49721
49172
50971
49595
51174
50593
49587
49901
49596
49576
49298
47474
49737
49523
46821
52345
50168
49807
49117
49681
51080
50307
49304
49490
50706
49145
50320
50424
50397
48371
48253
49149
48923
48608
50656
49235
50185
49202
49346
50064
49594
51414
51738
51475
50556
50552
49732
48588
50480
49926
51131
48813
50143
50500
52613
52292
51009
51063
49605
50327
48394
50099
51321
51668
50074
49420
49786
48749
48868
50630
50528
47084
50055
49192
51105
48831
50072
51222
50137
50925
49751
49734
48338
50319
50051
49549
47908
49765
51570
49081
49262
50600
49225
48240
49327
49692
50136
50061
49309
50178
49933
50640
49369
51938
50113
50670
50825
49673
51183
49217
49919
51291
48995
49945
51503
49648
50962
50014
48219
49399
49712
50846
49821
51079
51248
48946
51371
48597
50311
50622
49834
49698
49151
50595
48469
51136
49923
49825
51503
50778
50110
50001
49991
49327
49695
50084
49922
49645
47902
48604
51691
49514
48982
49837
49819
50688
50227
48639
49039
50496
49934
50612
48903
50693
49481
48845
49256
52134
50147
48847
51836
50708
51258
51454
50171
50848
47970
49449
49156
50136
49922
50619
50275
51207
49795
51973
48667
49057
50111
50916
51027
51099
49324
50874
50625
50611
49078
50448
50936
49037
47307
50153
47745
48700
50577
50029
50851
50622
48999
49011
50981
51396
50610
49953
49060
51008
51472
49084
47246
50516
49491
50469
49372
49655
50566
51017
50441
49628
50925
50998
51463
48956
49281
48391
48964
49558
50038
51853
51910
48483
50408
51048
49579
51280
50908
50387
49950
50089
51018
50014
49310
49034
48309
49661
49178
49938
50640
50930
50858
50786
51072
47593
48733
50179
51390
50033
50481
51149
49212
51469
50042
51667
49016
49136
49753
49744
51443
50848
50835
50160
49536
49785
48501
50130
50992
49729
48538
46495
50347
50081
49186
49315
49425
48572
50125
50210
51514
50643
48752
50078
49710
48528
49401
50057
49518
49870
50771
49278
50521
50733
49579
49437
51116
49740
50566
49566
50036
51927
50043
49216
49357
50754
51402
49442
48957
50472
49573
49618
49937
49683
49230
49883
50250
50936
50450
51649
49407
50142
51516
48480
49915
48364
50044
49498
51241
50747
50745
50080
51154
50120
48892
50917
50339
48797
50207
50640
50507
49467
51614
48967
48831
48528
49429
51454
48545
49174
49991
50693
50741
49623
51162
49194
50403
49941
50626
48346
50142
50432
48811
50053
49865
51808
51287
48713
51321
50402
50767
50695
50256
49638
51034
48056
49986
50088
48569
49037
49097
50693
49078
50643
49677
49833
49484
48722
50249
50151
51656
49096
51660
49707
50551
49491
47939
49485
50913
49805
48155
48814
51164
49942
51330
51148
50905
49331
49515
50714
50765
47688
50836
52227
50761
48685
50793
50893
50278
49612
50362
49625
49802
51725
49153
49975
50826
51701
50767
50310
49146
50548
50702
49080
50497
49205
51032
50051
49633
49215
50353
49469
52013
48765
50431
51053
50298
50031
51157
51140
52268
50277
50752
48920
51947
51750
50074
50759
51748
50337
49693
50836
49947
49147
50137
49194
50695
49648
49312
50324
49803
50648
50385
48812
48476
49031
49482
49776
50631
49739
50567
49359
50630
49559
48784
51601
48856
51084
49810
49007
46778
50507
49880
51220
50256
49205
51591
51124
50692
49966
48916
49029
50616
52728
49914
50676
50242
50386
48682
49155
49790
50194
51175
50331
50266
52385
50265
49161
48428
49997
50899
51322
48575
49855
51555
48746
48894
49934
49454
49464
50324
50536
47909
50208
50354
50544
51906
49783
49647
50487
50375
48657
48364
48927
49961
49930
49859
50502
49141
48600
48766
49690
50403
49581
50748
50925
49375
50276
50146
49813
50045
50165
51173
48755
49594
51210
49274
50119
50715
50566
50269
49935
50751
51414
50380
51170
51733
50897
49711
48590
51432
48649
48636
52350
49131
51104
50276
49023
49796
50093
50545
49296
48955
50964
49885
52017
50142
49619
49346
50117
49025
51170
49299
51184
50856
47526
48104
50954
49502
48941
48211
49152
50367
50532
48413
48632
50217
52143
51797
51145
51722
48052
50247
49750
51206
48450
48704
49696
50919
49839
48476
50020
49542
49156
49475
50396
49146
49118
49039
50580
49865
49736
49608
51141
50433
52089
51953
49655
49930
50323
49141
49641
51149
48926
51613
49830
50802
50124
49277
49747
50022
50962
50795
49195
49993
49897
49558
47904
48784
49275
48596
51339
48821
50380
50423
50214
49684
49913
52124
49545
51430
51257
48416
48304
50317
50097
51006
49411
50306
49721
51573
50072
51181
50326
49565
48613
48621
50773
50066
50988
50212
51897
52065
49513
51997
49138
50464
50106
51268
47989
48412
50092
48633
49333
51529
50150
48905
52459
51111
51141
48981
52102
49802
49733
49419
50277
50854
50563
49309
49331
52565
50086
50244
47474
50620
50346
50689
51521
49196
50165
51420
51381
49761
51084
50916
50027
50233
50264
50774
48750
50545
49274
49162
50338
50967
50205
51807
51260
50731
47964
48106
50750
50169
51147
48873
48755
49037
49823
51170
49073
49473
50358
48986
50807
51332
48975
49232
49722
49653
51144
50671
49511
49608
49693
48905
51608
48581
48746
48782
50451
50114
49242
49386
48453
50280
49014
47866
51025
53360
51186
50336
51749
50261
49944
48441
49642
49729
50176
51517
49445
51556
51918
48508
50326
48923
49973
48348
49166
50483
49984
50288
48262
51164
50572
50450
51112
51099
50972
49441
49663
48038
49372
49683
49768
50480
48804
49350
48686
49757
50130
49911
50508
51099
50350
50116
50553
50101
49545
49008
51844
49087
52090
48737
50056
50383
49133
48260
49910
50717
50595
50244
50668
50031
51040
48346
51571
50969
50778
51109
49798
49328
49111
49216
48751
50558
49444
50342
50870
50344
49416
49248
49868
49291
50526
51651
51675
48331
49969
49439
50477
47783
50038
49118
49006
51769
51656
48790
49133
49475
51290
49609
50273
50173
50585
49827
50882
48510
50021
48822
49450
49833
50758
49807
51956
49476
50910
50829
51062
51047
50496
49667
49201
49580
49832
50167
49653
50432
49399
50446
50847
49696
51185
49210
50696
49307
49236
50803
50121
48271
49131
51746
49090
48479
48369
49970
48462
49780
48988
48499
51297
47696
49669
49059
49511
51580
48965
48376
49471
49183
50841
49824
50884
50952
50866
49874
48666
49972
51874
50832
48598
51482
48841
48379
50169
51291
49639
49922
49925
49814
51359
49340
49179
51309
51018
50151
49490
49406
48988
49591
50577
50621
50103
51280
48283
49498
50710
49846
49604
48246
51779
50646
50876
48264
49770
51583
49146
51033
49509
50007
49588
50506
50410
49115
50376
49586
48773
47477
49469
50541
48845
50419
52294
52041
49877
50068
50384
49375
49909
52869
51285
50524
49158
49636
51608
49683
49394
49843
49505
49755
51309
50460
49670
50734
50087
50132
49560
51169
51832
49128
51420
49833
50923
51985
51150
50659
51157
49226
50426
48960
52551
50296
51157
49560
49180
48162
49180
50275
50916
50233
49656
50165
47892
49684
50350
51040
50769
51195
50492
49842
50097
49171
52178
50766
50946
50330
50465
49484
52023
50651
49562
48977
49700
48085
50081
48834
50750
48816
50849
50973
48450
52347
50180
50943
49014
50091
50224
49971
48674
48780
49371
49589
50731
50304
49508
51535
49840
49425
50348
51736
49824
49316
51176
50930
50422
50425
49485
50464
51928
50078
50061
48690
48375
50173
49893
49143
49134
50426
48659
49286
48667
48512
49974
49835
49716
48323
51146
50485
53051
49589
49973
49836
49433
49080
51986
51638
50454
50387
49107
49404
50292
51055
47831
50332
51544
49091
49191
49895
50366
50308
50323
50601
50513
49972
48915
48946
49373
52125
50132
49442
50607
51005
50481
51495
48937
51304
50057
50701
51806
50206
50620
50055
50168
52305
50328
50232
51048
50551
48984
49189
49575
49742
47736
49905
48003
49912
47702
50611
47918
49952
50802
48749
49796
48960
50382
49958
48231
50581
50348
50648
50744
50660
50178
49900
49229
49546
49837
48794
50243
49923
51872
49704
50921
50842
49724
49733
49402
50743
50553
45895
50277
49807
49651
49754
48449
50038
50150
48409
49413
49731
49072
49990
47833
49478
49039
50685
50146
49077
50737
51671
51626
51042
49926
49984
51421
49485
49484
51241
50765
49669
48994
49306
51039
49820
49078
48783
49870
50841
51042
48569
47246
50499
49998
52029
49992
50055
48721
50451
49854
50061
50376
49465
49414
51103
51485
51161
51156
51643
53003
49367
51893
51028
49686
48904
50320
51230
49881
50378
47883
49703
49718
49439
52860
51931
50738
49207
49502
49585
51098
50376
49891
48305
49486
50637
51616
49562
51332
49714
51538
49631
48344
49694
49642
47502
49238
50357
49897
50770
48659
51692
49976
48992
49081
50328
50455
49991
48877
49021
50178
49558
49422
48772
50691
51249
49391
51356
49836
49817
49940
50505
49953
50744
50255
51437
48602
50372
49867
49413
51124
50000
50723
49355
50747
49449
51351
49434
48712
50710
48579
49115
49970
48744
49733
49150
50391
49340
50166
48071
49749
48672
50358
48519
52154
50067
48817
50249
50043
50397
49325
49833
51961
50692
53273
49348
50457
50038
50909
49810
50316
50423
49449
48573
50591
51398
50787
49165
51045
50431
48593
50413
48782
49783
51540
50044
49004
48256
49975
51075
50768
49276
50732
50346
50837
50034
50361
50658
49069
48626
50321
51084
49349
49038
50276
49817
50821
49268
48041
49776
52397
48857
51855
48699
48218
48805
52732
50285
50426
50587
50046
49555
50205
49684
49834
51069
50754
51172
49493
51060
48860
50731
49779
50473
50536
50594
49248
49373
50746
50179
52131
50459
50404
50690
50311
48536
49598
48972
50249
50468
49924
48885
48552
48523
49809
49549
50722
51481
50107
49469
48448
48614
50113
50541
49634
50780
49740
49130
50801
50737
51544
51319
51628
51004
49575
50295
48448
49417
49092
48268
49382
49636
49360
47926
48651
50583
51791
49766
51248
52147
50571
50313
47981
49071
49783
49952
50480
50054
49976
50135
48706
49906
51128
49945
50158
48815
50253
50952
49347
49184
47807
49483
51241
49293
47390
50150
49496
49969
48741
51822
49243
49084
50159
49976
51399
50184
49533
49487
50923
50430
50155
50248
48740
49891
49587
49249
50129
50111
52776
50260
49923
49815
48809
49751
50136
50775
50439
49335
51185
51749
48526
49036
50477
49945
51582
47783
50533
50257
50573
49236
50327
49078
50106
50233
50316
50760
49375
51017
49598
49934
50619
51764
49439
50267
50043
50744
50423
51510
49766
49817
50660
49624
50618
52099
49469
51519
48655
50829
52042
50751
50908
48454
49793
50124
51060
48621
49745
47073
50355
49412
49578
48911
49575
49730
50157
50802
50827
49526
50544
48345
49364
50463
50254
49493
51618
50341
50677
50410
51916
52184
50949
49281
50280
51321
50029
48142
50934
51218
49697
50429
48358
51449
49004
49573
51443
49165
48802
50299
47695
51586
50583
49698
48435
50951
48403
48240
49680
49818
49652
50195
49856
49458
47987
48720
51042
48110
50034
50264
50918
50133
49913
49817
49830
50242
51207
49787
51505
50119
50983
50662
49587
50978
49343
50024
51051
48203
48768
49761
48364
50333
48454
49880
50098
48583
49440
52221
51785
50638
48425
49606
48468
48963
49666
49364
51281
48354
49641
50049
49739
50359
48924
49687
50945
49107
49179
49882
49727
51152
49421
50742
50838
48541
48980
49578
50718
48898
49450
48367
49174
50893
49909
49199
50305
50051
50135
50422
51074
51088
48915
50953
49000
51868
50007
49545
48887
50865
49629
49657
50309
50026
50023
50215
50581
48052
49808
49931
50445
50364
49207
52401
50810
49891
48645
49445
50013
50812
49316
50760
50959
49168
51186
50512
50242
49277
50071
51748
48871
50422
48044
49985
49756
51858
49326
49130
50054
49885
50967
49819
52754
49788
48866
49706
49151
49689
49961
51192
48796
51571
49027
50316
50246
50373
49167
50014
51442
48442
49502
49767
49866
50106
48298
50841
50942
50430
49732
49947
48599
51197
48596
51461
49867
48954
51345
48553
50108
50378
47935
49591
49647
51771
49967
48741
51299
50113
50563
48516
48393
49573
50814
52751
50353
48625
50015
49675
50122
49951
49886
49082
50316
50014
49739
48166
50841
51157
49819
50206
49789
49754
49181
50532
49338
53023
51525
49014
51196
50336
50314
50409
53028
50135
50947
46912
50493
49898
49304
49528
50672
49608
49232
48833
49610
47641
47287
50307
48905
49881
48080
51379
52507
48639
48523
48412
49745
50921
48099
50655
51673
50890
50373
49140
49576
50932
50859
50964
48238
48814
50612
50188
47756
48279
49860
49988
50636
51086
50960
48835
49868
51768
51928
49640
49822
50941
49070
50926
49926
48190
49264
50502
50712
52807
49410
49035
52192
50990
50562
50277
50436
50798
47707
49996
50115
49364
48686
50128
49702
50126
50232
49437
51721
50246
50595
50500
48062
50346
51549
49423
50164
51229
49376
49771
50672
50449
51199
50032
50410
50685
50364
51152
49678
49044
50524
49411
50429
49924
50639
50259
50103
49923
50353
51730
51409
50732
48376
49978
49349
50314
48530
50762
48799
50427
50571
49873
50530
50274
48591
49113
51083
49386
49552
49704
50404
48839
50098
51259
50815
52472
48936
51233
48729
50849
49492
50617
50811
51490
50903
49261
50374
50879
50393
51143
50196
48923
51928
49926
50287
50433
51263
48033
49208
49935
50295
50878
50183
50303
50450
51401
51701
49279
47950
49999
48851
49990
48535
50984
49151
49380
50384
50354
50193
49767
49202
49617
50041
49289
49093
49401
49797
49165
50161
50090
50046
49445
50146
49900
50024
50418
50826
49275
50094
50113
49243
52419
51347
50650
49974
50016
49883
52226
50493
50428
49417
49824
51790
49526
51056
50182
48176
47114
47542
51058
50595
49165
50757
50627
50303
47808
49887
49398
50663
49509
49667
50403
49529
49363
49372
50279
50696
48460
50878
51236
51201
47884
50180
51670
51312
48047
50409
51791
48608
51486
48957
48678
50428
48566
50558
50602
49694
48507
51380
49821
49467
49328
50248
50895
50021
50703
50439
50837
48568
49349
49053
52075
50776
48956
50946
50993
49541
48940
50196
50417
52116
49253
50388
49126
49347
48768
50039
51560
49698
50189
50334
52818
49721
49315
51657
50053
50279
48697
49740
49520
51938
48640
51199
50517
50234
50141
50939
49974
50424
50384
50176
49563
48425
48911
49429
50420
49521
49523
50157
49380
49583
49748
50107
50210
49482
50056
51247
49214
47929
48808
49386
51931
50421
50790
49419
50805
49900
50700
49611
50252
51290
50270
50801
49462
50369
51085
48777
48362
48364
50045
49462
50510
50727
50358
51690
47889
50614
49416
50544
50628
48825
51604
51692
52580
49565
48839
51029
49894
50984
49352
48761
48850
50157
49509
49014
50249
50183
50356
50440
50873
50008
48627
51506
51988
50177
51462
49307
50563
50666
48435
49812
49541
49765
51376
49795
49649
48713
50585
50375
49810
50237
51136
49723
49019
50695
49590
49227
51652
50479
50233
50162
48699
49506
49529
50572
50266
50703
48592
50393
49576
49093
49340
50359
49518
49134
48662
48876
51714
50050
50497
51093
48115
48646
48200
51299
50985
50374
50436
49733
48950
50345
51329
50111
49934
52371
49796
49715
47844
48977
50279
50031
50590
50359
50032
50395
50962
50531
50186
50671
50404
48337
49297
49817
49023
50058
50642
50750
49048
50638
50468
50793
48735
49502
51607
49199
49135
49024
48159
48550
47330
51137
49245
49174
50176
49569
50032
50536
51490
51855
49308
51053
48092
51021
49593
47059
51210
50787
51015
48760
48935
49905
52014
50899
49955
50858
50455
49912
51180
50431
49996
49279
49763
48299
49438
49217
50569
50161
49641
49289
50117
50190
50326
47908
51380
49380
50784
50850
51677
48412
50770
50494
49917
49036
50277
50212
48382
48156
49762
49258
50953
50599
50228
51799
49489
49132
49588
49846
51283
50032
48885
49809
50673
50974
49088
50280
49056
50779
51826
49889
48983
47573
49772
49330
48739
50236
49935
50818
51360
50805
49335
48431
48126
49253
49974
48946
48145
51721
50489
48222
50306
51654
49135
51794
51091
50033
49938
51743
49836
50236
50415
50126
50579
50782
48806
49349
49202
49662
49079
48997
50370
48453
50849
49578
49542
50501
49412
49862
50114
51924
50252
49547
50476
50079
51398
49605
48214
50360
49774
50937
47906
51338
50489
49986
50184
51380
50677
48603
50487
49219
49609
48899
48464
49515
50746
50333
51168
52012
50076
50005
49464
49600
49664
51853
50250
51017
50290
51442
48339
48311
50805
50798
49682
49600
50362
51383
48765
51460
50716
50061
50804
48608
49547
51080
51198
50027
50756
50041
50244
49305
50545
50191
49137
50871
49917
50575
50430
49839
49182
50085
49439
50123
47837
49229
50953
50214
49782
52088
50538
48162
50462
49343
49310
49814
53101
49910
50875
51826
49637
49279
50347
51169
50332
49811
48720
49832
49901
48076
50658
49782
50306
50150
49498
50678
49296
50698
48580
51471
49636
51027
51561
47974
50849
50109
50042
51143
49504
48846
50473
49302
51071
48277
49028
50767
49829
49422
49766
52011
48006
51423
49558
50827
50502
50163
51019
48972
49920
49548
48427
50226
49165
49239
51641
49298
50360
50182
50388
49817
50137
49613
49594
48266
48832
50074
50245
50126
51584
49721
49053
50300
50443
50235
47428
50693
48867
51648
50194
50248
49410
51313
49738
49253
50929
51545
50032
49059
49955
49243
48229
49668
50962
50915
50032
49613
52328
49467
50726
50730
51359
48806
49122
49485
50630
48905
50313
50190
49155
49205
49848
51104
48140
49702
50134
49132
49090
50074
48462
49314
49196
50394
49743
49553
50878
49728
49473
48812
50358
47934
50501
49314
50329
49945
49186
50239
51374
51245
50025
50281
49574
51198
49699
50688
49012
52423
50277
49589
50062
49447
51178
49301
49090
50356
48886
50472
50675
47955
48099
48986
51939
48972
50026
49163
49812
48693
49229
50723
50918
49744
49486
50830
48609
49522
50008
50776
49147
50422
51350
49929
51009
50758
51678
49902
50287
48272
51313
49100
49688
50527
49378
48437
49853
48907
49736
49432
47757
49799
50720
51259
49772
51601
50174
49757
49505
51315
51541
52355
48346
50044
49115
49536
50389
49373
48269
51137
50210
50430
49733
51524
50765
51731
49344
49793
48996
51940
51526
46634
48995
51778
50484
50205
51074
51029
49689
50930
49787
47826
49860
49486
49128
51193
49623
50344
49861
49435
51007
50830
51468
50038
49412
50303
50893
50650
49147
50786
49876
52633
49006
49284
48657
48748
50773
50215
50109
50146
51107
49066
50503
49577
49240
51137
48798
49499
51350
50222
49276
50610
49036
50969
49682
52516
50062
48870
48519
51257
50038
49950
50373
49370
50398
50233
48913
49542
49538
49749
48724
48972
49569
49902
49686
52419
51650
48662
48917
49010
49678
49185
49025
51218
51601
49669
48182
51015
49813
50254
49899
50247
47970
48908
51074
50911
49666
50506
50624
48712
50048
49595
50168
49970
49060
49917
49495
51721
49698
50153
49015
49596
50251
50013
49250
48170
48836
50457
49212
49261
49919
51760
49718
49241
50775
49444
47669
49097
51190
49703
48187
49593
48323
52222
51049
50579
47921
49618
49952
52200
49226
49936
50695
49094
48281
51103
50294
49349
50294
50512
51500
50214
50531
48452
49394
49563
49243
51187
49793
49871
49973
50766
51234
49718
49041
48650
48337
47511
49612
50656
49510
51360
50807
49128
49703
51598
50446
50082
49970
51764
49778
50668
49599
48652
50262
49458
48872
48331
50526
50746
47965
49206
51450
49978
49600
49761
49511
50691
49656
49051
49282
51195
51339
51482
51499
49041
48113
49405
51666
47926
50893
50738
49909
48818
49831
50741
50447
51486
49796
49547
51732
50185
51628
49307
51221
50999
47985
49341
49306
49349
48592
49670
51123
49885
51017
48693
49603
51093
49954
49905
49870
49658
49934
49903
50174
50078
49659
50146
48704
49013
47726
50358
50421
48647
50240
48917
50277
51837
50803
50403
49920
49356
49738
50382
48461
50362
50673
49535
49409
49628
49494
51769
49695
47985
48531
49535
50278
49784
51351
51399
52349
49918
50165
50709
51166
49424
50054
51652
49335
50200
48562
49323
50522
49569
48763
50166
50220
49958
49278
50566
49759
49945
49053
49757
50926
52234
49631
49918
47824
52172
49503
49337
49048
48147
48589
50463
52565
49469
49271
49497
49029
47819
49127
49758
49416
51333
50419
51000
49730
49516
52420
50965
48381
50148
48956
49770
48977
49111
48512
49792
51183
51218
48435
50543
48298
49955
50173
49724
49352
49334
49161
48569
49383
51541
49916
50968
49101
51427
49793
49930
50897
48863
50932
47702
50225
51121
51044
50407
50055
49674
50817
49308
50224
50178
49791
49570
51605
48532
49581
48895
51313
50246
50122
51269
50599
51285
51086
49903
51919
50629
50368
49706
50091
49030
47870
48641
50634
49346
50299
51347
52102
50013
49848
50910
52802
50827
49515
48584
49598
50138
49142
50883
50400
50363
51597
47616
49714
52167
50306
50813
51688
50050
49032
49596
49479
49442
50290
48765
49965
49626
51953
48839
49110
50883
49488
51541
51249
49691
49443
50451
51287
50677
49467
49329
50954
49401
49618
49842
49694
51060
49394
48064
50449
49771
50540
49246
49399
51026
50081
50621
49372
49661
49037
49194
48826
49034
50510
48559
49925
48663
49123
50219
49942
48806
49861
48857
49900
51233
50007
51523
51275
48084
49398
49331
48921
48297
50081
50554
50974
51141
48564
50195
50655
49726
49321
49147
48256
51246
49707
50072
51644
51473
49749
49027
50027
49910
49364
49010
50294
50853
50932
50614
50312
50222
50228
50885
50066
50572
49377
49062
50019
51663
50446
51742
51343
51289
50801
50269
49411
51217
50729
51710
50139
50621
50558
49904
48391
50765
50799
50218
49969
48660
49358
50266
48394
50968
49981
51601
50301
51375
49755
49730
49383
49019
51180
49306
49649
51689
48803
49360
51015
51312
50610
48361
49707
48747
51082
51834
49853
48971
49831
51587
48543
49896
50974
49774
49865
51338
50593
49978
50040
49473
49171
50045
50714
49850
49431
48803
50236
49543
50846
49526
50362
48805
49672
50031
51001
49892
50130
50291
50256
49830
48568
50292
50356
51827
50200
50445
49964
49549
50573
50458
50713
50396
50430
50315
48641
49411
50253
50018
49790
48183
51691
50145
50845
49471
51576
50956
50489
50595
50225
49076
51191
49492
51233
49199
52291
50028
52223
50055
50338
49325
51297
48641
49465
48065
50857
52520
48845
50558
49803
49387
51136
51175
48604
50670
50123
49148
47437
50574
49115
49084
50304
51345
49764
49672
51006
49427
50367
51422
50506
52031
50783
49204
49583
48795
48497
50305
49971
50451
50034
49203
49437
49794
50921
50041
50155
50269
48902
49667
49779
48890
51503
48646
49003
49950
51112
48983
50420
50526
51100
48478
52940
48743
49530
49300
47287
48318
50044
50252
50197
51080
48325
50357
48854
50566
49281
49409
51591
50583
50624
50485
48207
52370
51273
49731
50381
49622
48657
50348
49174
50351
51190
50956
48092
50761
49746
50061
49484
49620
51447
49748
51253
50933
50190
50132
51073
50106
49607
49426
51263
51276
50116
51222
50044
48926
47357
48110
51484
50565
51724
50304
50978
49667
50111
49782
50359
49001
50424
49609
50634
49669
50803
49930
51023
49719
48968
50740
49056
49389
50750
49393
50498
50867
48808
49996
51292
49243
50451
50169
49811
50334
49399
49736
49474
51180
51632
51855
50750
51218
48932
48725
49374
49649
50943
49248
49689
50504
49969
52076
50081
49480
49512
49527
50695
49033
49002
48980
50697
48811
49630
50684
51046
49857
50351
51138
48820
48164
50434
51844
51894
49097
50432
51132
51147
49587
48371
49851
50324
50262
48310
51654
49225
51078
52100
49544
48041
49586
50457
49680
51763
50325
50506
50511
51219
49299
48906
50291
50766
49621
49073
49825
49230
49976
50813
49169
51837
49611
48653
50574
50607
50422
50148
48114
49894
48668
50363
51726
49654
50525
50128
48617
51043
49570
49902
50821
51084
50138
50743
50095
48650
51054
49919
50064
50663
49263
49017
49679
51239
49960
49386
52198
51241
49168
50249
49092
51379
49737
50861
49295
49699
49814
47569
51287
49475
49760
49181
49434
50631
47380
50400
49735
49855
51288
48847
50643
49106
49113
48559
50055
51015
50697
49971
48124
47926
50283
51024
50542
49998
49764
50205
49633
49921
51470
49856
50035
50489
49883
49593
51787
50135
50475
50544
49941
49760
50610
49418
48996
50203
49096
49289
50616
51528
50521
49415
51328
50428
51471
49532
50162
49825
48201
48448
51873
49737
49383
49634
50577
51963
52313
49997
50983
49945
50400
50238
50611
50362
50319
51104
50181
48072
50398
50242
49220
51329
48998
50151
50038
48922
48399
48783
50900
49899
50727
50841
49821
51167
51818
50580
49988
48419
50226
50361
51365
51246
50597
47932
50652
50356
48528
48839
49567
48633
47880
50432
50370
49992
50092
49600
49051
49925
49947
50363
51882
50735
50735
49966
48999
51649
49665
48382
50728
51353
50807
49409
51394
48668
49697
50609
50676
48407
49063
50920
50886
49303
51960
50255
48823
50654
49076
50648
50956
49132
51137
49716
49580
50693
50909
51116
48934
49549
48167
50761
49505
50592
50416
49102
49431
49895
50992
48828
50656
49427
49751
48684
48973
50089
51207
50538
50038
50454
49632
49757
50807
47787
50156
48171
49794
50041
49130
50317
52353
50161
51551
49708
50621
52333
50181
49123
49823
48137
49591
49555
48833
49337
48560
48279
50619
50096
49169
49976
51281
49726
49468
48215
49422
51421
49933
49404
48486
49203
48900
50622
50963
50998
51389
50553
50664
50381
49921
49229
48919
50179
50098
50913
49706
48616
51893
48006
49372
49627
50699
49258
51391
49813
50257
49839
50884
49387
50998
52119
50387
48998
51217
50415
50190
48785
50806
50242
49059
48403
47768
51044
50630
50364
49852
51084
49387
50312
51023
51135
49133
50669
50242
50155
50073
51002
48709
48168
50004
49628
49397
49911
49151
48720
50780
50840
49159
49150
50003
49627
49931
51625
49253
49505
48511
49675
50620
50043
51575
49818
51306
50545
50944
51075
50381
50330
49835
50232
49951
47582
51760
49847
51147
49365
51682
49834
50764
50239
50739
50673
47387
48925
49358
51463
49526
49513
49718
51077
51040
51530
49916
51316
49590
49254
49626
48061
49427
50490
49378
51441
49392
48636
48872
50258
49174
50406
50249
51411
50674
49331
50375
48913
49323
48554
50611
48572
49720
50589
49244
51245
49206
48264
48750
50301
49674
50953
50783
49119
52241
52559
50626
50227
50975
50071
50376
52166
51145
49520
52058
49358
49383
49305
51378
51069
51671
50571
49100
49778
49499
47839
49442
47577
50290
49589
47657
50679
50743
49817
50877
50859
50823
49210
49471
48894
49656
50117
48830
48475
48639
49676
51119
49107
50749
47798
49109
49718
50121
50110
49979
49216
49409
50089
51009
49422
50363
49970
49817
47820
49080
49882
50686
50677
51818
52390
49161
49494
49457
48584
48828
51517
48431
50669
50677
49253
51007
50692
51444
48149
51107
50282
50474
49263
49024
48834
49901
51365
47638
49212
48397
52401
49510
52035
49446
50229
50939
49978
49255
50856
49180
49994
49808
51281
48548
48250
51641
49408
48120
50348
49540
50027
50361
51357
50650
47899
51643
49768
50294
51055
49988
48371
50204
49895
49958
51789
49105
49453
49565
49370
49704
50840
50765
50034
49785
49331
49705
50958
50595
48862
49492
50785
50440
50728
50927
50754
49037
50895
50875
51014
50051
50591
51948
47609
51142
47894
48015
51963
49957
49588
50510
49668
50787
49492
50997
50877
51405
50670
49888
50089
49958
51362
50991
50830
48554
50464
50795
49542
51911
50059
48671
50354
48210
49483
50072
50198
49520
48092
49023
49767
50717
50971
49739
48774
49778
49206
49657
49556
51166
49608
49257
49669
50799
51802
48206
50000
50176
49127
51253
50752
50682
49298
49516
48499
50407
50841
49247
49803
50790
49163
49181
49550
50087
49178
50499
50023
49399
49651
51149
48106
50766
51572
50349
49070
49710
51279
48909
50846
49211
50101
50163
49278
50277
48682
51147
48027
48914
49718
50187
50209
50813
50820
50157
49726
52334
49773
50678
50813
50483
49930
49640
48664
49882
49205
49181
49940
48689
50585
49778
49150
49693
50713
49753
49077
51871
49787
49450
50424
48002
49199
48935
50715
50807
51667
51120
48806
49435
49484
48954
51154
49341
51617
48721
50190
51362
47941
48743
48439
49812
49677
47966
49122
49732
48475
49096
48093
49613
48530
51351
50005
48982
52185
49349
50176
48246
49816
48558
51436
49131
49268
49432
49907
48106
48465
48667
50451
51015
50466
49761
49717
48822
52151
51717
49556
51279
50988
51315
47075
50970
49437
49222
49306
48664
48099
50331
49933
51609
48032
49182
49076
49526
49254
49235
50503
51104
48648
49467
50080
50538
50420
49190
50807
49170
49435
49546
50455
51356
50456
49269
50612
50851
49661
50938
50569
50746
50112
49646
48512
48334
49207
50294
49527
49369
50081
49829
49639
50002
49507
49896
52641
49190
49756
48190
48646
50322
49615
49709
49533
50957
49242
48401
49466
50038
49728
48748
49852
49730
50955
48399
49211
50008
51475
49472
50054
51529
49707
49182
50001
49610
50955
49348
49965
50702
50991
48942
48839
49823
51218
50173
50390
50905
50352
48714
49452
51451
50683
51323
49866
49954
49732
50361
50099
50872
48643
49837
49108
50229
48510
49486
49415
50945
50194
50164
52250
50755
49654
49112
48678
49118
50233
48220
50607
48441
49216
50543
50080
49257
49195
50844
50382
50960
50033
50956
51459
50847
48105
50050
50098
48620
49017
47870
49969
49008
49511
50329
50662
49347
50028
50364
48386
50545
49063
48120
51454
49724
50780
48265
50421
51178
48969
51016
49080
49959
47728
49116
51144
49106
48840
49517
49783
50544
48881
50868
51238
49553
49533
50032
48363
49088
48215
49796
50746
50110
50234
49820
49960
49377
49556
49486
50079
51124
50764
47700
49952
49528
48919
51163
49151
50311
49706
50480
51001
51405
50169
50851
49676
49502
49996
49236
49504
49246
49808
48958
50967
50962
52040
50320
49218
50375
49567
48644
50175
49011
52059
51109
50566
50286
51023
49777
48076
49050
50530
51582
50409
49426
50802
50072
50945
49391
50254
49208
51181
49467
50563
50361
52187
52684
49120
48777
49011
49717
49745
50644
52605
50062
49761
50727
49977
49222
50485
50367
48541
50680
48407
49601
50673
49973
48671
51241
49082
50541
49576
50016
48961
48859
49560
49803
49954
48620
50617
49593
49402
49069
49542
51299
48402
48741
50764
49508
50150
48248
49083
49215
48880
49419
50031
49188
50933
47939
49005
51222
51059
50507
50836
49127
48068
49128
50027
49906
50361
52358
49948
49078
49809
50900
49258
49650
48312
49764
50918
50899
50057
50317
49761
51347
51662
49322
52798
49080
48981
50684
50076
48478
51658
50736
51720
49080
48769
50417
51346
51539
51075
49568
49669
50036
50734
51059
49975
49154
51679
50082
47895
48538
51876
50271
49595
50029
50359
51595
50278
50729
49405
50307
49190
50049
50277
51138
50285
49467
49592
48238
50591
49912
51619
49788
49300
49201
48817
51708
49405
50703
49051
51314
49506
50237
49914
52128
50889
48687
50907
50341
49054
49700
48487
50697
49924
49652
51848
49705
50936
49567
50337
50304
49860
48118
50001
50321
49048
47357
51243
51020
50426
49641
49176
49214
51534
48761
49865
48152
49226
50277
50137
50553
51059
49712
48325
50636
50206
49138
47764
51282
49096
52034
52146
48946
49140
48632
49677
49614
50027
50555
49068
50455
50074
49382
49584
51301
49109
51264
50013
49615
48627
48129
49918
51160
50202
49591
48961
50723
49429
50629
50880
50074
49601
49125
49229
49457
48574
50274
49639
50638
50888
50710
50579
49569
50215
49677
50693
51414
51999
51368
51545
49741
50575
50034
50108
50076
49439
50877
50659
48862
48803
49950
50136
49925
50471
52014
49176
50930
48559
50632
50056
50952
47918
49023
50296
51226
49865
51827
49902
50724
50527
49949
49038
49664
48486
49451
49856
50491
50692
50602
49199
50461
49508
49678
49909
48711
50210
49768
49888
48921
50176
48375
50670
51247
49678
50348
48054
50739
48793
49889
49264
50622
50058
49990
48876
50480
49615
49988
49701
49263
48775
51846
50352
50667
49963
50221
50063
51630
52175
49215
48606
49726
50138
48377
49772
49842
50868
49960
49653
49799
51010
48178
49308
51269
49420
50160
49002
50318
50622
50210
49743
49563
49997
49579
49762
52309
49857
49243
49037
51298
49421
50375
48765
50887
49303
49905
48535
49565
49517
49574
49247
51013
49907
49900
50116
49620
51765
49585
51026
51184
49848
50420
50054
49548
48227
49445
50533
49390
52498
50171
49910
51354
48824
50087
49787
48390
49719
49372
49473
48932
48760
48539
50522
50104
49979
49652
49533
49698
49214
48553
49120
51786
50074
50901
50893
47768
50397
50216
50166
48349
49073
50437
49936
50711
51152
51128
50502
48810
49861
48810
51177
48980
47391
50461
49762
51428
50520
49029
50039
51164
51031
50159
50104
51304
49527
50027
49730
50151
50544
49172
50013
48842
47642
48965
49195
48061
50551
49887
48821
51532
50015
49504
49432
51130
50301
50982
50139
48655
50474
48134
50102
50474
49589
50483
50612
49834
50142
49816
49255
50550
48740
49933
49077
50212
51066
50517
49116
49614
52209
50259
49180
49773
49014
51278
50254
50048
50199
50364
51265
49193
50338
49376
50903
49787
50856
50035
50286
51676
50625
49900
49588
48752
51658
50275
50500
51351
51460
49833
50492
49483
50030
49603
49973
50413
50164
51105
48727
51597
51066
49012
48678
48276
49960
49254
50172
50900
49499
51954
48315
50244
49373
50228
50241
48680
49874
50176
51920
51337
50689
50927
48206
50041
49261
50963
49768
49443
52475
49970
50124
50395
49895
49615
50146
51000
50988
50448
49373
50864
49334
50482
49583
49708
50896
49929
49683
48688
50378
49847
50347
49855
49864
49510
49891
48422
48249
49010
49128
50144
48242
49038
50774
50610
50819
51041
51255
46968
48835
49849
48870
50586
50383
49506
49017
49792
48327
51477
51185
49402
49984
50279
51166
50710
51159
49903
48772
50754
49930
50017
48137
49285
48070
48909
49586
49613
51437
50208
49111
49315
49556
49702
50645
50695
50047
49407
49560
48344
48576
49373
48554
50294
50957
52349
48445
51436
48757
52022
49421
51067
49694
49761
49150
50042
52574
50419
50332
49216
49014
50185
51948
50069
49835
50008
49951
50329
49696
50403
49495
49870
49111
50561
49355
47493
51080
51694
50862
48811
49224
47849
49602
51783
49531
51074
49595
51474
50502
50135
50484
49711
49678
51676
48719
49933
49059
49606
49387
51288
49674
50065
49442
50286
48314
49945
50813
51350
49862
49856
49011
48823
49907
50116
48946
49296
51154
49519
49520
48316
48755
50761
49861
50165
48604
50713
50126
48687
51613
49468
48932
49117
50919
49729
51181
50989
51022
50446
50839
50530
49483
50108
49571
50020
49316
48804
50242
51008
48760
49369
48166
50748
52078
49294
51129
49817
49498
51515
50016
50253
48076
48836
48414
49170
50090
50003
49448
50052
50883
51219
48419
49931
50537
50232
50166
49274
49848
49387
49560
49904
47638
50046
49037
51009
49796
49716
51490
50967
50879
49521
50284
51825
49130
50372
51377
50767
50941
50111
50478
49278
51800
49036
48924
49041
48475
51312
50623
50091
49287
50956
50949
50110
50070
49447
50065
50767
50194
50801
50530
49367
48205
49002
48703
51632
50163
51265
48673
51304
49711
51338
50491
50519
48668
48524
48565
51273
49486
50767
49411
50035
49898
51343
50582
50089
50395
50586
48775
50612
51185
49720
47921
51714
48991
51533
49895
50389
49807
50296
48574
49445
49144
50212
49897
48916
51224
50279
50493
48992
52724
50555
49423
47591
48917
49015
51439
49855
49825
51120
48971
52025
48686
49171
50559
50643
50173
49721
50277
50738
48631
49428
50300
50599
49987
49678
49451
50048
50090
50107
50897
47937
51842
49953
48915
50703
50411
48502
49750
49369
50117
49665
51040
47254
48591
49096
49499
49915
51629
47820
50153
50170
51685
50489
50738
49303
51591
49808
49341
51192
48932
50086
48484
48465
51452
49378
48418
50738
49017
51290
49872
49241
50610
48661
51285
50299
50312
49943
48248
50400
51353
47318
50308
49400
50190
48316
49734
50390
50340
52271
50034
49946
48748
51077
49989
49526
50167
52443
49819
49005
49479
50581
48629
48783
49719
50624
52040
52977
51119
47877
50688
50258
50597
48036
48834
48976
50353
48887
49998
49993
49297
49334
51754
49297
49922
51184
49952
50715
50104
50969
50602
51187
50047
51956
49697
50595
49180
50698
50102
51652
48479
49414
48616
49860
48917
49331
48560
49994
48113
49077
51838
50583
49356
51153
51499
51132
49160
52001
49703
48165
50570
50390
48564
49686
51038
50194
51519
49156
49747
50236
49840
51165
51007
49921
49303
52194
50026
49226
48778
50569
50714
50286
50583
48316
49508
50379
48612
51282
49616
50753
50835
50303
51402
48434
47871
50827
50579
50693
50970
49315
49841
50284
50235
49492
51794
50777
50447
49517
50091
47955
49820
49356
49232
50366
50917
50888
51166
50005
50640
49870
49715
49992
50225
51321
50649
49189
50615
49710
50773
49591
49329
51103
50674
50391
48200
48601
50502
50332
50219
49362
51499
47800
50582
50596
51378
49230
51000
49963
48565
51905
47845
49756
48990
49970
49868
49228
49698
50177
49875
50066
48767
48200
48637
51331
48870
49326
50149
50179
49949
49260
50502
51334
49981
49461
48850
52194
50121
49956
48090
50774
50945
49817
50348
49506
50180
48339
50601
50154
51333
49355
49865
50678
50366
49720
51286
50062
50553
48627
50817
49826
50788
50215
50270
48527
49015
49887
49228
48827
51407
49602
50290
51467
49981
49201
50467
49992
52938
49451
48711
50180
49222
49493
48869
49209
50748
49041
49703
49751
51496
48758
49860
51419
50181
50312
50911
49880
49628
51113
49440
49892
49214
49454
50755
49270
49479
48184
49731
50652
50539
51008
48557
50761
50148
47802
49170
47972
49501
50353
48416
49285
50547
50211
50287
49165
48885
49867
48035
52241
50639
51688
51142
50331
49990
49834
50403
49817
50313
50171
50828
50829
50704
48829
48444
47804
50392
52232
49283
50908
50934
49888
50778
49759
50543
50033
49212
49961
48887
47813
50412
50721
49065
50080
50593
50976
50150
51342
49928
48207
49316
49521
49664
50582
51451
50629
49766
49083
49464
50178
50701
49658
51589
50466
50464
49254
49982
51219
48633
48693
50280
50488
50019
50558
48824
49692
50481
51557
49000
49753
49504
52522
49030
51909
51668
52237
50210
50192
50520
50327
49699
51040
48603
49117
49837
50013
49291
51518
49609
49616
50841
50335
49272
47949
49825
49313
51069
49722
50143
50039
49562
50416
48795
49618
48904
49749
53419
50616
48913
52387
48782
51658
51061
49308
49836
47675
49867
51247
50844
50501
49961
49715
48945
49611
48749
50464
51144
50938
49455
51258
49595
49311
48564
51828
48907
51670
49951
51046
50045
50988
51690
51100
50275
49873
49163
51498
48949
50287
49908
48528
50116
50108
50985
51929
50697
51905
50017
50170
48919
49515
50841
48222
48819
51541
49658
49322
49124
50825
51879
49274
49573
50324
50235
49996
48787
49826
50765
51175
48946
50122
49947
48472
50277
47360
49733
49445
48711
49639
50663
51223
48675
52006
50951
51820
50222
49621
49956
50849
49393
50823
48836
50154
51024
50268
49335
48620
50372
49193
48497
49392
48836
50500
48794
48270
49781
49077
50931
51922
50811
49200
49594
50159
49592
49534
49778
50080
50013
50528
49044
48083
48771
50665
50553
50577
50678
49412
49386
49984
49937
51866
49793
48317
49547
50226
49884
49451
50221
50914
52385
49552
49290
49950
49427
49567
50224
49828
50519
50942
50730
48783
49724
50592
48806
49925
49806
49714
48721
51080
50133
48538
51280
51042
51144
49293
49958
50235
47975
47537
48852
49571
50407
51567
50593
50181
48488
48149
50286
48633
50239
49763
48007
48780
49574
50361
50770
50158
50662
49813
49561
50081
49634
49023
49263
48322
50118
48630
50470
50592
49994
49351
50927
51552
51083
49519
48925
49622
48750
50264
49457
52443
49615
49807
48761
49341
49926
48991
49109
50255
47677
50690
50323
49874
50396
48762
49248
50350
50921
49894
49447
50892
50472
51344
50639
50934
50355
50293
49213
51407
50427
48796
52234
50117
50271
50397
48884
49293
50068
48707
49595
49114
49438
50877
50586
48488
52241
49967
48073
48980
50986
50280
48087
49406
51237
48395
49513
49252
49980
49694
50091
49892
50984
50561
51382
50462
49828
49521
50319
49191
51028
50707
49742
50001
49655
50971
47110
48231
48322
49619
49472
51483
51138
50894
48122
50081
50230
50597
50443
48666
49917
50207
49817
49015
48401
51418
49326
49684
50663
49460
49075
50035
49335
49310
48996
48797
49455
48915
49201
50200
50279
49411
50920
51277
49852
50932
49976
48186
49406
48966
50352
48347
50066
48376
49798
50131
50083
49322
48942
51617
47780
50232
48421
50185
49586
48283
50818
50538
48626
50291
52132
50082
47359
49475
49519
50162
49869
49886
50091
48143
51959
50223
51234
49598
50339
50338
50540
50862
49606
48205
51799
48801
49153
50470
52250
49495
50615
51744
50752
49652
47366
49496
50630
48636
49845
48080
49055
50038
48870
50018
48950
51133
50570
49970
48695
49202
48715
50565
50312
49832
49619
50055
50570
48907
49857
50558
49040
49532
49867
49565
50058
51023
50565
49825
49173
49022
48430
48609
50816
50485
49172
48709
50319
50521
50383
50909
51083
48835
48189
51197
50131
49364
50812
49932
49912
50680
49248
50141
50242
49354
48326
50090
49544
50325
49631
49051
50303
50282
49822
49513
50279
49861
49027
47922
49446
52068
50844
49989
49042
49717
51171
49821
49713
49795
48724
51525
50427
49983
51599
47808
49164
50408
50418
49841
48831
49930
50203
49978
50134
51063
51271
50219
50684
49673
50074
49944
51279
49825
49355
51341
49606
50690
50233
51023
51576
50621
50734
50673
49848
50469
48433
49801
49394
49931
49355
48798
49332
50629
50027
50778
49419
50247
49438
50270
49943
50928
49588
49700
51672
49491
49995
50723
49950
49078
51257
50336
49634
48027
49360
50216
50468
50141
49096
50205
49536
50007
49846
49920
50618
50638
49883
49652
50564
52135
49788
50830
49732
51337
51503
50082
48738
50534
52062
49488
49260
49963
50204
48910
49828
48826
49702
49968
50758
48765
48254
49194
49278
49894
49621
49608
50185
49152
48577
49078
51082
49034
49579
48815
48509
50643
49180
50341
50207
50645
49785
51404
47710
49698
50341
50859
48421
48796
51034
50097
49515
48105
50891
49723
49969
50731
49860
49347
48040
49065
51213
48994
49797
48469
51883
49534
49401
48475
50097
50261
52871
51312
49689
49518
49556
50337
50507
51776
48952
49260
48940
49555
49662
49290
50639
50486
49820
49571
50166
50451
49396
49145
49138
49936
50333
50980
52582
48881
50087
51050
49332
49159
51405
49900
48686
49967
50010
48675
49141
48782
52068
48520
50801
47951
48764
51496
48727
51828
49833
49671
49978
48628
50814
50856
49075
49915
50961
49793
50503
49744
48884
48820
48460
51001
49963
50915
51884
51525
51737
50847
50300
49608
50911
50372
50843
49144
49925
49293
49113
47852
50879
49150
50849
47139
49112
48934
50661
49771
50398
47841
49125
50042
50203
48909
49165
47996
50389
50900
49922
50108
49713
49556
50950
50038
50112
48410
48500
50617
49057
48978
50385
49811
49890
50557
49772
49321
48226
51628
51772
51244
49225
49378
48507
50292
51258
48336
50073
51869
48659
49687
49883
50288
49673
47523
49327
49275
50176
49992
50856
49691
49444
48441
49223
49386
49053
48791
49551
49389
51305
50417
51071
50835
49147
51023
50439
49939
49311
50198
49510
49414
50930
48732
51140
51305
51035
51498
49176
49200
49853
52382
48862
50048
51531
50126
49886
51214
51545
50713
50908
49063
47742
49586
51570
48885
49392
49113
50117
50698
49614
48318
49729
49139
50443
51056
49549
50559
49620
50122
49553
49782
49229
52076
50867
49377
48529
51223
50829
50706
49842
48626
48340
51767
52351
49948
52773
48167
51372
49349
48409
49727
49512
49238
50179
48842
46957
49643
50341
47953
50323
49613
48833
51425
51143
49379
49441
47326
49311
51301
49606
50823
51181
49138
48427
51266
49840
50160
49440
50458
49834
48463
49421
49082
51083
50507
49842
50799
49378
51780
52168
47903
48744
50378
51164
49977
50378
50656
49527
50384
49283
50699
50046
49489
50513
49680
50211
51658
47966
49876
48563
50496
50291
51256
51162
50149
50574
49890
51183
49536
49306
49820
48107
51183
50429
49435
50422
49409
49032
49283
50768
51207
50367
49326
49346
49845
48981
50586
50814
50919
48415
51117
49401
51604
48781
49913
49734
49479
48648
49258
51068
48617
50116
49737
50859
47842
50098
48982
51432
49568
51950
48569
50454
50698
48497
50735
51232
48626
50143
49984
49552
48733
49551
51517
51423
49084
50505
49787
49186
49934
51360
50190
48695
51145
48506
49426
50853
50073
47052
48008
49724
50807
50478
50482
48982
49335
50491
51640
49982
50553
50414
51193
50369
49613
49800
48385
49714
50575
49304
49672
49498
48631
52190
48704
50600
50956
49808
49444
50505
50155
49409
47607
49809
51112
49731
50454
50440
49094
48883
50769
47496
49158
50019
48160
49921
51101
51343
51256
50694
49913
53380
49835
48481
48545
50467
51856
48949
50192
49707
49317
49416
50408
49974
50798
49830
50518
49683
50622
51433
48853
49210
50401
49619
50993
48296
50440
51446
50254
50448
49318
49210
50563
51873
49332
48468
49658
50206
50165
50235
51073
50223
49088
48553
50393
52314
48765
48617
49881
51856
50538
49690
48607
49464
49925
49206
49756
50476
51787
50704
48336
49376
49573
51528
49252
50031
51400
50495
50123
47127
49171
49217
48916
49431
48923
50884
50398
50296
49892
49283
50646
49751
50821
49503
46528
52109
47958
50120
50314
50834
49609
50517
51257
50487
51103
49163
51146
49460
50690
50547
50935
49527
50054
51130
48485
49414
51048
51447
49628
53166
50933
50777
50661
49429
50639
50893
48828
50487
51370
49596
51487
50243
50797
50975
51538
48894
49852
49889
49701
48935
48782
50222
49597
50063
50916
49006
48931
49033
49760
50002
50732
48916
48773
49100
51927
49773
48172
47247
48214
51317
50244
49987
50010
51260
48743
50729
50680
50292
51063
49809
49777
51707
50088
50158
50380
48800
49409
50331
51930
48259
50923
50668
50499
50478
51623
50160
52544
49152
52211
50306
51569
50364
49095
49242
51517
51172
50676
50415
50093
49526
50611
48879
50659
49935
50964
52482
51428
49319
48673
50008
51145
51024
49948
48635
48858
48804
48782
49605
50878
52180
48966
49896
50403
51221
49874
50243
50429
48587
49407
51403
50780
50289
48870
49015
51409
50060
51352
47968
52076
51585
50687
50553
49874
49506
48805
48821
50881
50120
50867
49961
50528
50393
51543
50091
51037
50606
49090
52547
50650
49922
50533
50361
49566
49127
50395
50547
49711
50316
50789
48139
50568
50809
50024
48329
50623
49494
51113
49652
49979
49775
50010
50937
51532
50140
47512
49415
49768
50041
49747
49737
48665
49445
48455
50578
49288
49742
50200
50171
50835
50382
49532
47315
51939
51382
48273
48004
48843
49754
49482
50100
50802
49889
49819
51444
50894
51147
49051
49146
51402
51560
48668
49809
50999
49115
49702
49629
50826
51636
49634
49372
48179
50200
51066
49736
49641
50780
50220
49258
47917
49413
50016
50072
50836
50844
51917
51899
49893
48590
50168
51989
50016
50598
48810
51383
50300
49149
50660
48792
48630
52229
50213
49027
52052
50176
48916
51933
50700
50047
49112
48957
51242
49923
50392
50359
52966
50624
50293
50638
49786
49772
48861
48692
48601
51204
47784
49787
49783
51234
50297
50609
50010
49617
51447
51820
50822
50640
51156
50910
49407
50106
49626
48979
48983
50776
49989
52115
51764
51609
51476
49583
49820
50113
50791
50415
48997
50166
49800
48807
48851
48927
53345
49749
48978
49693
50622
49037
50155
50281
48579
50250
49895
49192
51833
50885
49060
48781
50298
48919
50842
51216
49888
49355
49913
49947
48946
49818
49459
51487
50391
52019
50882
49353
50934
51708
48866
50349
48482
49414
49460
49678
49001
50718
50999
49357
50618
49093
50220
50569
50109
48614
49459
49096
50715
50166
49893
50456
48824
48243
49911
52382
50113
49595
50140
48692
48626
48917
49868
50779
51079
49540
49949
50692
49297
50682
49033
49514
48296
48184
49970
51714
49866
49414
51348
48410
49139
50075
49274
50371
48507
48386
50392
50234
49598
48880
50626
49533
51122
50866
49110
50808
51022
48786
49835
48997
52633
50117
50738
51091
50012
49143
50334
49609
50716
49828
48908
50178
51839
50939
50567
48268
48959
51299
51142
50603
49507
49623
50649
48427
51033
50650
48932
49888
49724
49461
50723
48267
50725
49793
48800
50383
50454
52273
48216
51099
49959
51233
50512
51296
49960
50715
49431
49169
50286
52214
51234
50337
50627
50054
49060
49855
49584
50313
49489
50967
49017
46358
51533
49587
48557
48206
50948
50350
49915
51127
52041
50834
49203
50845
50979
49821
49463
51802
48648
51045
49401
49920
49216
49426
50091
48684
49926
49389
50634
49283
49666
50723
47943
50518
50861
50856
50052
48771
49292
49160
48941
49467
50486
49872
48748
50867
50734
47867
51365
50587
50491
48908
49587
49580
47486
50014
50006
50953
50144
50355
49870
51920
50941
50651
50767
50715
51054
48404
50961
49229
49166
49880
51525
50895
49061
50122
50733
50264
48818
50462
51268
48968
50941
49673
51665
49935
50266
51327
51689
51125
49369
49339
50512
50733
48125
51640
49123
50674
51992
50742
50526
48762
47546
49073
49691
50764
51965
49246
50062
48348
48938
48656
49633
48581
50404
49898
51215
50978
50045
49731
48712
50229
50373
50911
49324
50715
49627
49354
50548
50405
49152
51685
50233
51520
47973
49061
49260
50473
50199
49886
50106
49009
48855
50581
49893
50206
50291
49472
51195
50843
49635
50439
51118
52088
49675
50535
50045
49696
48945
49906
48821
49539
50589
51781
48914
51253
50396
48986
52172
49411
50164
49925
50157
50178
49028
48025
47603
49221
49777
50717
51903
50090
50481
49749
50048
51156
50955
49551
48376
49052
50224
49343
50354
50415
50892
49640
50394
51201
50606
50683
51018
49238
49617
49291
47662
50493
50116
49718
48401
49021
48551
50391
49438
50110
49992
49115
49861
49976
50773
49586
49635
49358
50461
50389
50158
50800
48898
48476
51362
49756
48577
50456
49509
50050
47205
48816
51802
51671
49792
51586
48750
50536
50413
51278
50105
50834
50174
50095
50338
49777
49527
49660
48222
50668
49355
49892
49586
50521
49937
49017
50123
49019
47869
50159
51515
51931
51008
50034
49439
50897
50266
52246
49938
48953
50370
50876
50131
50884
48651
49754
51328
49922
48677
50270
52009
49014
48566
51281
49099
50341
51699
48335
50597
50507
49945
51473
50434
49293
49126
48275
50682
49989
50568
49902
50417
50894
50040
49410
50182
50521
51865
48888
49746
50300
48914
50352
51417
50200
50481
49593
51350
50255
48996
52102
49843
51620
49966
50663
49884
48676
48986
50096
48723
48527
50320
49166
50759
48904
50349
51441
51243
50318
50628
48745
48600
49505
50139
48663
49314
48873
50281
50764
47902
50279
50513
49768
51241
50141
50349
50332
49173
51228
50260
49776
50145
49948
49179
48962
48586
50046
49158
50699
48708
49579
51691
49125
50097
51325
50237
49936
51704
49241
50575
50721
51259
50823
50125
51314
49929
50439
50255
51016
48746
49913
49477
52100
50949
50480
50842
49256
48996
50519
49781
49316
50746
49605
49573
50677
49474
50108
49611
51362
49636
49514
49479
50574
48910
48325
51194
49333
49425
49229
49438
50131
48601
51106
50521
50075
47998
51969
49870
49778
51059
51487
50674
49808
50205
48218
50748
50629
50310
49636
51095
50312
49041
48211
50443
50037
50656
49164
50702
51129
50115
49631
48587
50719
51862
49633
50583
49874
50195
50171
49679
48714
49018
50046
48567
51050
49181
50004
50134
49614
48998
50555
50218
49598
51839
49988
49178
48650
50699
50047
47247
50618
51035
49908
50493
49854
50517
50098
50609
48139
49080
49903
48908
51099
51050
49588
50748
49706
51095
49805
49964
51531
50050
51104
50605
49421
50590
50742
51869
50342
49906
49440
49739
48338
49576
51322
50354
51001
50325
48447
50644
50567
48307
51395
49617
49021
50106
49859
50738
51002
50649
51032
52116
51414
50362
50363
49655
50999
50197
49762
49270
49079
48481
49522
49711
49716
50080
49504
49916
49478
50381
49265
48148
48761
50061
49652
50343
49030
50171
49270
47901
48984
48659
49278
49177
48251
47503
50667
49952
49043
49007
49400
49973
49613
48900
47868
49148
51151
49188
50281
50978
51919
49479
49760
49942
49239
49028
53027
49256
48810
49447
51857
51556
50719
49384
49330
50505
47943
49718
48926
48578
50118
49785
49960
49587
49966
49364
48661
50189
49230
49894
50250
50398
49848
50948
48771
51159
50513
49860
51508
50799
51872
48546
50520
50799
49537
51675
49644
49910
50182
52277
49515
49921
50602
50052
50241
52146
49582
51414
50479
51935
50877
50507
51691
50120
50262
49949
49262
48989
50660
48574
51127
50848
50834
50357
48690
49268
51280
50073
49412
50128
52139
49787
48452
49696
48621
50728
49659
50598
50323
49066
50039
51620
51483
51492
48414
49118
49339
49626
49714
51375
50843
49331
50763
48396
48272
50619
51450
50227
48542
50647
48828
50151
49215
50452
51037
50036
48900
50664
49274
50731
48955
51387
50189
49872
49394
49451
50092
47998
50609
49937
48697
51685
48940
49095
51001
49526
49821
49632
49997
50030
50398
50697
51310
48394
49539
49457
51525
50006
49650
50185
49924
49817
51186
48226
50029
49900
48791
52032
49763
50779
49219
51322
49588
49188
49710
51036
49491
50149
52024
49427
50074
50156
50307
49069
49207
49275
51096
49203
48855
51364
50554
48931
50935
50938
49915
50000
49029
50747
49351
49606
51004
50213
48530
48506
49830
50915
49807
48203
49393
50577
50558
50709
50805
49783
49719
49764
51258
50606
50002
51414
49737
51014
51057
48971
50069
50825
49951
49494
50063
49465
49960
51530
50598
51030
48652
51069
48881
49884
47771
50799
51474
51043
49170
51487
49751
49911
50427
50726
48639
49753
49841
50470
50084
49010
50612
50367
51519
49335
48918
49903
49401
50167
50609
50195
50561
51214
51035
49878
50808
50046
50153
48651
49966
49572
51131
49568
49879
50089
50395
49343
50436
49345
48800
49706
50126
50385
50283
49288
50764
48009
50243
50636
49185
51451
48880
49933
49703
49306
50373
50146
50305
48332
50005
48478
49574
50501
49476
49443
51866
49248
48965
49777
48310
48446
49892
49758
48890
49794
48425
50374
49723
51857
49119
50490
50213
47649
50004
48549
49754
49350
51126
50611
50903
49049
48573
50603
50512
48198
49673
49351
50421
49137
49206
51135
50057
49428
48234
51162
47615
49970
50582
50434
50920
49359
50948
51179
50641
48978
50550
50715
49811
50657
49458
49526
50987
49970
50471
49792
52971
50873
50547
50837
49981
48986
50637
50964
50033
48793
