76704
84710
65677
53886
45095
80119
27782
45069
34324
99011
48933
12466
53321
56745
11169
87693
87658
65560
7528
5014
14136
35655
82804
86021
11374
51831
16748
46389
87713
10760
30564
49670
69617
40930
69534
29068
20373
88044
92647
23548
60464
18285
85251
86774
15499
59170
6803
99122
3475
45620
31641
83944
13513
39362
41297
31634
93086
31213
14432
75166
20589
89438
87114
38909
7191
57146
18244
88292
7160
10062
97424
64937
63226
24751
31372
8929
7421
65954
59185
75873
61943
1854
14833
961
58114
31823
97941
39188
55314
44684
94993
55113
32385
95933
88768
39870
12748
49866
3928
70582
