43999
65764
33262
75867
74227
95086
9268
83922
44613
54562
82512
76441
9203
33479
2628
19088
62795
63454
30466
71646
21965
88302
75393
84731
70459
12916
51214
34066
82763
76610
77266
71412
85748
77627
71328
51608
87370
65225
48494
55295
3176
55603
19077
73934
87174
74165
3247
35731
94846
34720
87718
42498
10173
74122
84573
10061
78249
49126
78238
28419
45962
55836
18978
85109
24076
94763
20130
66684
52626
61958
79072
69516
18925
38746
46270
17264
23862
9203
29276
37712
19447
75602
46837
86080
49575
15949
51203
64005
89562
3587
14255
49683
8649
42547
95563
70654
71333
22982
90936
15562
43772
31996
78343
30975
74391
96806
69432
29944
69814
12090
10220
49895
93396
34491
92666
46824
52749
44651
19072
16296
64454
61284
25756
19381
20737
8538
80221
14081
185
64253
97196
77923
84147
70798
45442
84978
92027
61561
24353
22480
48966
11643
17123
58612
68750
72865
59997
180
32025
84120
49034
38145
38746
24765
79376
50379
28716
81087
93304
9079
20479
39958
24104
16781
7485
25773
34549
25594
43581
38669
61187
34415
76351
32237
90154
86385
1329
28681
22254
41096
52015
31981
48255
47605
63922
1019
41568
14730
5972
24169
23940
46082
55216
96388
53354
82484
69443
87844
84241
55227
20084
15507
3124
8877
83140
63317
76102
58595
24467
81355
42803
61889
74218
31915
7527
31174
73713
46523
63722
70808
43182
90715
6068
11765
76542
8380
43106
27858
60876
59622
66261
47321
69787
25313
78913
76530
45909
25457
52008
61555
85213
91334
42386
11910
75777
13148
76999
63758
10804
31347
36985
27494
53320
86406
33859
38500
5616
36493
96567
95987
96463
54829
44960
87087
40593
89039
84387
84547
3975
60390
48851
53923
98550
31919
59877
33288
48236
1694
19161
97621
84523
38210
11688
9805
51468
3798
67959
7209
24270
76370
44798
86233
82178
6714
69795
8828
5553
13822
77181
23834
20531
21819
94414
7688
83603
16009
43000
72083
14956
89068
81206
71973
4090
60783
32622
44180
70739
40822
42171
46164
65432
65815
82922
68152
11009
81980
32153
5605
59161
93003
56239
35809
35784
24434
76727
6372
14079
99865
9697
14691
47617
49609
85521
75833
68952
49345
9865
76674
83542
61786
50907
26393
96347
57573
91060
14169
45419
79306
42857
76465
5491
2420
91982
63364
48070
8138
93651
79982
1470
71676
99547
87828
11354
39425
66633
9068
4329
90293
35982
79623
14734
18121
22413
14290
86376
44525
60451
37053
25572
31694
97381
72018
48838
39604
4970
24278
82617
9776
51961
33237
76113
76031
38628
24881
95116
2634
76448
48466
23710
9267
19710
95718
30479
43260
99670
12690
10648
7792
76133
73183
38261
79909
18554
86358
57042
42022
60821
87017
52316
809
42446
96443
81151
81265
63631
34772
83203
67106
18530
70588
88881
11594
39056
86044
75931
97335
91909
61817
2339
86096
65915
26568
94034
56453
3660
56004
78256
6559
40536
32997
46344
98743
54193
53277
56979
54233
47322
7144
77557
64322
89092
82524
40187
87219
68579
68948
49921
27445
76028
70245
83996
53768
28791
99356
58667
713
88674
65555
44610
51395
71187
54949
12489
69523
63078
84188
84558
20467
6370
43326
29713
84454
61190
16034
89751
74986
6306
38561
89193
55430
35388
46419
77831
64158
47446
58255
32621
45792
34341
25595
50921
24178
87484
94931
17047
91297
30628
95095
47672
47227
88755
26718
89272
11849
24399
73319
33620
28270
83973
82668
81071
57157
63344
61758
50014
16193
74178
75995
3339
94246
75486
72157
45851
33217
55966
35801
42728
29006
21167
57037
25940
33567
49009
38859
97849
43718
19734
45090
62240
61813
97705
51664
95261
63902
71710
19948
74342
54218
54855
47947
18745
90853
19747
84794
26259
60950
29137
54439
24832
5499
77173
93059
95243
93146
29434
44683
90218
20815
50095
25966
45539
41913
52158
83522
97072
71435
66860
70533
33763
68915
99358
66982
86715
20187
33648
81174
81463
30542
32525
89446
68322
72393
25922
90629
86471
54625
22400
92075
40886
23906
88388
70256
97799
40394
14825
41800
14633
34862
757
23871
84493
36985
57540
23874
60106
47066
756
63861
327
51791
93642
20236
25255
91027
76829
55420
86142
71350
48270
38844
69376
56117
99649
7649
20593
50017
17630
64376
61201
73736
13700
20382
74522
39995
55877
78429
75816
76206
57933
56968
28212
52362
80728
11160
210
2546
18536
72613
55509
27945
88328
91704
77293
67800
68554
87946
39270
84879
40718
74105
8379
35214
50291
5316
22736
97718
45861
77282
92780
38316
86219
9335
13366
19869
97689
6069
11480
87524
88126
78948
41488
35221
54774
24881
21600
61996
55418
22051
8149
39510
39139
53758
43599
64843
41732
90699
57252
45707
6527
61274
59323
57763
81118
54302
1371
57036
72023
21081
49971
77420
19652
88231
42805
60072
86528
45502
42978
95305
21114
29174
1558
13738
55786
49129
24530
29506
18207
46941
57446
61953
8342
61526
33939
90801
4564
60977
59877
15634
84479
59147
2910
18940
67275
7885
65233
92532
65138
87714
4247
38149
87094
71018
71324
44092
2216
96637
85272
10133
85269
35172
81616
15928
22331
40935
43795
12251
32662
11551
63491
64987
71332
65686
7064
34788
97825
72915
25474
51709
61813
32390
80689
39729
79498
61885
2448
22698
57766
20293
16314
52535
77811
13765
94955
71668
5896
47803
17063
24790
61770
51257
40130
33200
6063
81581
92082
20427
86459
10163
47526
95259
9926
4905
24678
39974
43724
66718
75231
62196
36569
47009
34471
88807
63304
78569
78959
74299
87194
69572
7918
74382
30512
21918
94896
43466
59187
40926
73135
13891
5841
29353
29792
43961
4713
65042
73199
66047
78641
39967
71358
97201
22016
34288
78058
40588
83970
52479
72860
9751
44207
60761
70698
70029
77381
23984
83648
74632
20012
83824
79389
93945
69187
52433
64210
96995
38514
30937
8470
92794
16747
67370
18958
26526
43610
17926
56963
10031
3434
57480
9913
30902
39720
7657
98957
58380
25523
33515
57702
63105
2629
28018
83057
92246
34140
16179
52431
19531
63080
86193
96451
46758
32576
81164
3691
79835
9099
28453
83783
90117
63356
33336
19510
94589
60814
51004
72201
69305
83780
41372
59542
35938
14777
94796
31561
81515
75600
23417
69642
83118
23503
67164
21537
36489
38104
75107
83260
20230
42183
58170
70848
99667
37917
86969
88406
22084
8278
24353
8432
20432
11767
8062
57702
26078
57502
89157
2410
30074
69909
88543
7643
18489
43949
14651
46800
29866
24423
46116
17700
81234
64563
13252
7741
5803
93932
66427
75913
86594
33732
58636
38680
75694
81678
57860
93123
40839
16245
35894
17849
40142
2320
22768
87412
28988
23773
57774
80100
87706
39092
85201
25328
13800
45558
23062
71431
12517
94789
75735
5062
93553
32364
82974
91295
21034
74731
76411
1058
27182
65326
86261
78999
74990
53659
40770
1495
55121
49949
75782
16299
33782
88418
28062
88652
88834
19391
66069
77065
96518
26858
58824
15401
98830
47494
24854
10086
72690
18047
79044
66413
42471
16856
60993
54198
99208
3284
52736
98674
54824
70362
92899
58207
92204
20357
52787
52137
88974
78228
72919
80766
30241
321
84995
16227
32255
61059
37327
96264
29254
10761
84271
3187
80273
60580
39681
67569
95601
65726
86776
71487
67577
49694
2515
97919
28624
38122
2524
66440
72556
70564
57011
47848
36501
21716
20291
71057
70391
80853
54371
80024
51843
35639
36482
12772
46013
48730
66276
87835
27367
52968
15201
34684
27688
4669
28902
25042
24708
83161
31182
49904
16001
87790
5982
65549
17602
42800
92859
20810
61745
25082
13421
55049
52842
3774
58165
18495
61887
70998
66980
31866
14917
83714
35097
73045
61866
58751
5547
98370
75413
69808
25894
37309
26693
26638
35808
53326
60254
49584
51277
8115
9932
82863
38860
12499
80976
63996
20948
63092
71516
49862
31805
8247
7580
15105
40674
86851
56966
21812
71816
40427
86358
84221
69115
23635
11923
69904
33337
90177
89205
24451
1256
30820
14181
34182
98527
50609
64905
42231
68784
99743
51769
15959
94146
52966
45306
31820
51045
68634
65392
13339
69897
17909
43646
39062
86319
70615
75588
97285
23330
87334
67652
96485
29985
81724
27420
20243
9480
71393
97125
41696
79048
25520
87464
7590
74359
15299
18612
91011
8210
32056
32014
60535
4352
22690
72476
21969
49632
64522
96473
14283
53437
5677
66569
52457
53674
37758
90762
4351
62894
15223
30011
96435
6188
74889
52079
5088
46159
1979
40439
14092
33396
87031
18623
98852
23311
36876
78651
10167
28073
54839
68504
97856
14228
87909
93364
74377
69185
42600
70149
4203
84114
83657
23388
27177
11875
60746
68535
2266
32740
90780
54970
53359
84904
68526
66083
65310
13107
53937
84669
69768
49531
63245
31342
16577
66338
8138
1037
10146
5734
30389
80562
11440
17944
76916
58214
87250
43230
78898
38330
31484
22667
67929
3947
12016
38251
94105
42428
46096
59973
33504
54110
4288
81494
71893
18179
78099
91773
79860
68116
11287
23441
32762
74477
10750
29463
45773
15972
58188
59563
64727
70627
73978
53147
97863
49948
10707
65089
39173
70576
6524
5206
92622
50403
72602
82904
85310
36927
18106
28214
71569
7943
58278
8317
66996
34318
32590
9033
77603
83244
69293
58495
56396
83596
45033
8149
71935
16420
20303
44681
98650
71403
33562
17775
86926
60951
36449
29073
25508
51395
23429
89083
11989
35811
30533
21143
38274
98438
27386
83541
17191
19020
69970
49852
9596
9548
96505
20577
38506
62438
48436
99708
66250
27511
84839
54730
46757
36846
42222
22709
18383
19028
52211
1448
65994
70005
21338
18165
27663
79851
22253
74159
15379
90904
14197
95142
27162
59716
34664
18134
47541
18042
82746
24914
9110
92661
68248
5791
58630
23382
33817
32602
93709
60751
18000
41872
52530
64243
90671
28199
59222
83610
61966
91703
76172
57025
49791
21473
9222
74803
27458
26598
96273
67372
31779
33240
58317
56856
58404
94456
2081
42084
16563
59484
11629
37214
24113
15674
36899
68172
52253
30161
37041
50615
20286
94134
89203
52872
85037
62826
65614
56182
22306
57294
37178
48535
13759
91958
58310
72239
98006
68185
78364
63376
81156
55939
10745
20101
67540
95522
19799
33248
22172
13212
87143
61525
67902
54580
89822
61901
38392
92481
73792
92028
49979
40598
80673
90341
79916
12723
84013
36044
33235
16394
52057
88773
12099
78314
42834
62886
42269
41688
99410
91609
55116
4629
29642
79963
40939
49990
76220
2930
32674
755
58252
54151
95835
98865
83337
78409
63145
32002
65645
89810
64467
57753
63605
50489
13270
42687
8929
26961
1446
39536
56820
15850
54236
88515
67160
73776
42237
31154
33995
905
75422
89186
65000
37348
34578
69162
55284
29498
26596
73974
20125
73254
85311
18349
7978
61705
2272
2725
70393
24882
92791
26939
90955
59362
22880
4544
6982
79539
83471
73809
42719
96568
56542
25383
81516
46592
80422
92864
92367
84990
86833
70047
67848
68854
86395
79770
54223
47052
84321
20434
34095
17538
16308
49486
9326
53131
94820
66087
70586
66562
95200
94089
72547
97089
38450
78266
65072
67999
3075
34863
88391
87318
45639
97748
37088
71873
80076
60601
58179
75215
43179
72172
3788
60255
98132
12686
90045
32997
95690
71723
91300
81836
61942
90574
19751
44855
41530
2630
23237
35129
78836
54129
98934
62815
37556
42191
3321
35572
9047
63525
27537
28884
67128
47551
25063
23404
82692
81419
52708
76525
37836
87507
76844
46283
18856
21650
35581
4814
74619
23472
64080
73099
20626
88230
53814
15552
65323
75197
95545
25686
12266
59129
30982
66107
51309
30540
48776
3858
3798
34743
22129
97110
42251
32505
3927
26803
86839
98820
32527
69285
41537
24777
87256
66489
14365
31642
11662
36455
30553
11376
33771
75470
82249
61038
73527
15670
42129
97987
65260
5526
50968
70133
84580
93999
1493
31195
30008
23142
82808
76684
75081
46803
50815
3861
41655
52223
23206
71233
39625
66529
24743
9154
7618
71344
26376
27419
84563
68873
24551
28930
72536
16720
12234
11211
7843
45641
8834
4850
97695
46033
68441
22927
37045
92844
43399
70018
51692
18201
85193
40713
23391
64379
38554
59866
55007
44292
74085
45381
17188
44673
47495
50928
7802
50518
1108
92553
22115
35156
96458
22392
94252
59623
51092
34833
75737
21092
29225
9567
55368
2720
75905
48448
90688
7838
26602
47346
71909
25953
92570
71445
61932
91817
89072
89580
70807
68046
36002
52439
16460
60440
44179
72882
36265
98424
50199
50137
13301
62121
75106
68121
30707
33238
97725
66310
66267
88138
19802
64263
71137
41281
53861
280
41890
33645
53351
67027
2740
45255
41571
59813
89395
91596
24998
67914
38377
82535
212
71083
92550
8825
61111
33218
37154
71931
28195
30747
76356
55491
5146
61422
39936
53341
12256
81787
72553
8950
78438
45354
69861
81582
24085
55603
75763
6214
25425
77956
89267
66665
1011
35633
74202
95133
82864
59671
48763
26233
38686
6895
7174
32265
51015
35361
94696
89711
80094
51659
19171
87031
39227
98689
9873
63533
57526
31853
64012
82986
60012
19325
62884
74473
77140
19917
36167
7299
82072
52070
13609
26589
80779
47354
67975
40145
51666
8794
38107
20284
95312
33973
424
70396
8779
30524
44397
97205
52561
32788
34118
44715
35347
49305
13089
13960
80697
35814
56045
19345
81435
7941
23597
36160
46042
51748
91117
35848
53222
47861
97437
88708
75959
11720
32382
45170
73162
25493
55231
81172
49455
45570
35788
1501
53354
47127
62012
39887
38681
5441
54708
19200
37672
71345
21415
12921
56923
25370
76203
6327
64373
78254
46895
77101
75905
87327
63667
42539
55109
59021
12004
79992
7570
73636
87885
8290
60169
11447
98273
55069
55063
83672
14607
34973
23905
5594
80611
22482
29295
4825
26335
37935
12418
45862
46822
23732
41526
95528
31135
66252
6458
33258
84385
36081
89621
73332
66904
86003
63334
2513
47564
35318
35077
13813
46379
87280
82135
86554
74333
23866
24774
49524
17175
41885
27501
39324
24850
10174
71389
82884
33000
29507
80035
9450
75362
26980
85440
21880
64208
31251
45396
44634
10136
38625
87790
9839
23262
96012
43246
92999
58121
27630
44684
45307
31029
99202
28651
35088
15112
41186
53677
84466
26364
88070
61798
53490
37147
33837
30305
50717
87451
77216
25663
25369
19200
2383
15588
42278
13463
40577
7293
66791
22114
71190
84812
44824
41779
53286
17836
54498
86334
78268
59516
1457
10927
94707
8051
69129
8986
96966
63994
88774
63933
44344
67491
14933
33354
17908
52862
43464
57927
94385
95848
91897
1942
31587
79797
61451
84090
13610
10753
31036
48451
72003
9202
49032
88347
80444
87495
4888
7079
27913
12086
99970
85097
25298
37824
73690
19513
31183
27182
16853
48405
86191
28072
60178
43652
13829
76347
89879
80036
5024
44640
40448
77759
71222
27924
24250
776
4349
13458
18394
17582
51805
16871
33902
57477
51881
13685
15350
95410
23526
64477
24022
92762
96324
53189
93156
25174
9791
57135
19469
25107
65718
22418
9931
39846
73964
6297
11191
37307
16285
32955
12104
48846
43608
70373
23728
37229
99410
10535
66143
7931
22813
86702
26132
90296
21827
94736
94364
40083
8072
20571
47565
67131
73756
61008
55517
87158
1932
90149
50212
78965
74718
28126
10984
12592
8664
78044
65278
28013
92731
61849
97841
99109
62142
48894
81982
13734
30074
36195
9057
30559
77664
95790
63523
7793
39008
28489
30619
45265
22423
54933
37093
3153
19081
18373
39282
20648
15204
64670
79994
79128
40922
83336
77304
50429
51006
8719
39479
14441
74158
31224
18249
14303
7868
93742
26475
66360
88445
97175
12914
48553
26552
23445
18748
17716
84942
59646
55572
65662
81327
21294
95052
84389
80360
63757
32401
70732
90650
59879
75541
28720
53432
47342
62090
88203
71623
1896
98273
64622
29293
97467
3738
30635
95886
77583
3556
6149
9657
43752
97303
56282
67542
96988
89867
44256
95640
99496
93865
31911
11119
40495
4314
28310
25464
53334
7921
90371
53029
56899
2567
68600
83094
81579
81118
167
63011
2907
92061
62476
83410
49546
94297
24901
96035
41697
6858
61074
71090
43911
72717
73449
28275
62877
13995
84483
10448
86274
59917
5669
47253
73178
41783
15352
54447
79430
10990
90796
59807
16744
89120
72094
41646
58401
79967
84675
7645
85303
52421
70560
43157
61391
29180
49457
1103
66063
18552
14530
25813
72913
5865
57612
91318
58616
95894
74898
14083
6628
15614
43804
19123
85012
42889
57607
42809
25035
73913
48187
44398
15580
26776
85066
37796
91325
35125
33745
67000
46152
15165
57314
66064
47275
69832
5001
14712
61862
59302
98935
75565
12000
64668
88676
42413
65979
81763
19188
52893
29612
32704
31525
78066
26802
36550
51214
46470
55978
30233
54229
93061
93909
99702
66221
49997
71765
92634
39847
87780
95824
60876
34923
79699
93590
55866
11211
95704
87746
49162
831
5891
24250
41387
82342
36198
43763
78052
39971
622
83770
82740
33333
18702
10723
94603
76301
15149
12627
89178
82286
93832
6502
72607
28636
82046
78225
79614
51597
62130
9188
11521
63306
58849
1783
79935
15889
22175
67621
60648
36500
22927
56837
30847
16538
12603
27187
19302
19866
84959
59081
47616
47102
61046
99287
27653
54025
79516
52785
93458
56048
37642
11758
87991
63523
99446
38227
46691
45174
91635
50250
47537
55258
21981
85341
30237
79416
17860
98545
63065
29827
61977
63186
46525
8739
33613
5750
64665
29334
23957
5937
86937
81316
63617
1899
89907
51972
96913
53290
46180
75242
20488
8878
83767
17178
54909
80130
51167
93275
19770
78208
55254
88805
16302
71614
57434
53866
58992
80342
15935
86170
42247
54495
49616
55436
43705
67651
39369
73484
36378
78637
40540
84896
44656
96443
54334
67806
19685
48307
3006
94602
29230
890
37470
27234
50972
48974
40435
7903
42674
19374
11075
90362
17594
42597
92705
11832
42549
28384
94695
27890
30106
75818
98972
66160
2339
8727
18655
65789
45246
96133
87672
77138
45443
41377
18619
24271
44374
14208
54643
95158
38508
53491
96688
80610
80927
32770
63469
5879
2550
65352
17906
14862
31135
39405
69508
38732
42193
25462
67247
43899
49752
98978
65563
97427
23423
87930
60790
86588
78635
33966
34710
48274
687
67776
91714
89067
82798
42746
86724
68817
61743
93029
60726
32904
81350
74139
4573
72064
29475
77616
84088
46261
26460
82682
75277
52385
9837
37410
7409
68128
73274
9308
60506
10994
65280
22049
84034
48816
64367
88650
22228
52185
33727
97871
89164
75296
63760
24386
25509
74036
16233
20168
28858
2970
28077
27851
85759
22658
54607
5287
91014
71597
22828
50828
62643
18212
36086
45349
44237
24960
45848
83312
37731
51028
38237
84429
3981
4730
46897
70195
20905
56180
17921
82186
30749
71473
66767
12712
32760
67772
62339
89797
64057
3469
90837
46173
61412
14956
69562
78376
59800
71911
83484
5438
32956
92443
24181
6474
82562
26782
31498
49444
98129
97841
6681
9143
44918
46883
940
96289
76065
46337
71377
67180
73341
27873
48439
35683
14399
79591
56619
73371
53059
33249
20452
53513
21599
40216
88233
83921
89206
23914
19312
94621
16364
83809
4824
663
91591
21569
89066
73765
99799
63670
4411
95652
48684
85177
43336
48598
13338
40155
3989
90009
84159
55203
3181
23322
2947
81942
96960
44092
21038
50491
94372
21292
53461
82463
5928
9557
40240
90854
54643
60603
33433
75646
41758
26559
8655
7031
77852
17928
35602
26949
27744
43291
6206
67797
40054
41495
83178
1257
32287
56291
3219
31637
94528
30054
77504
37196
1618
37640
42717
38520
22047
3147
56236
46281
81055
66804
30637
88386
28262
78782
18260
2178
65547
88081
61916
21226
87210
98080
67747
72423
48502
70230
33028
28061
59714
92006
73647
92896
23645
9922
72386
60844
28102
33774
74170
77857
2906
62945
43873
38811
61060
85057
10226
44761
40699
2339
70573
65689
91689
79684
22553
22856
72681
78412
82112
70112
2558
4212
42246
40448
54941
35043
19977
23454
48309
63383
99272
85800
65511
752
63029
61407
56861
23824
68844
21343
41374
72138
46074
86966
77834
10467
57105
63929
14659
4970
86617
12432
37301
10368
12816
72720
395
21111
44853
5564
79123
59606
8101
35923
73337
67366
3915
18856
40565
43922
1548
71064
98527
21080
56602
16732
13502
26439
97840
38062
1779
48524
65627
3824
55871
53757
8437
40730
43751
33448
32760
82392
9933
84751
70169
90723
4907
1577
47004
57253
66671
31063
59355
68240
26619
20888
85777
78522
3775
35379
16032
17063
36313
38011
56197
60032
89085
27647
39514
16796
74368
13844
25396
73315
3606
36018
69044
82623
71569
89452
3625
99487
93755
66893
19374
26959
78596
95813
22239
46611
67569
16711
80916
20709
70527
71978
96441
46414
16077
39362
40448
38160
44326
90353
77033
19866
62880
44273
63100
28293
12031
73758
44660
21491
41767
90759
72125
97650
97595
47398
42329
68265
678
41703
87637
69977
77229
3620
48961
37845
9933
5002
61045
42474
5286
75167
10225
71314
14952
99090
37786
79332
37844
37805
15375
45782
5635
57103
95803
48365
7016
37102
53750
54977
87486
24865
80195
98791
36725
90979
81802
27065
47568
39686
60484
70840
84602
27476
19191
83898
69523
72941
29815
83899
56848
21135
55533
92240
81780
48927
52305
5281
70593
48008
51820
33084
54353
65164
50175
34437
57455
97034
85229
72054
88288
12271
33827
11664
66313
50708
16312
29986
71476
5840
65540
89160
35734
26002
46140
80817
2453
46516
1321
14148
98044
52845
94191
6640
9585
39748
32327
69425
58978
32110
65424
3340
77456
90796
50363
77021
31952
51939
65536
1207
58893
37106
14162
15242
25034
63299
64017
20464
15817
38151
89356
56454
89524
34314
11015
87587
40473
56633
51748
52127
40004
8869
4284
37975
62511
53182
28537
406
75008
13699
92925
90429
3405
53338
66679
51019
63316
33087
36967
41334
52591
9310
97169
84701
25068
68049
26626
67633
36058
47344
68041
92485
52184
6205
40275
81740
14924
46088
13052
6612
97166
20111
47785
53147
38681
96443
20701
3195
93950
19774
26352
27076
69717
19002
73913
74744
24291
94874
38295
88974
98933
54906
33757
16155
1908
30948
32639
8459
60406
28260
22831
86786
64109
72919
21110
31671
49122
87638
34136
3097
79643
75704
97110
68399
86943
18787
52266
12220
21625
59241
25553
26209
36203
69468
10514
16892
56041
87211
77818
52707
30848
1166
13720
8537
3250
79965
24446
74859
78478
17830
69656
57820
56986
59317
19391
21630
57382
69434
56747
74643
14560
52800
86130
62017
30458
53712
41320
72634
69106
57532
14762
56680
34943
22417
59959
15344
51045
98164
59435
61692
80175
34782
15441
75247
30042
69181
82793
35511
38882
16338
70241
82215
7161
7664
32875
949
28494
47197
57774
69790
28184
25381
57671
94286
15166
55540
66983
6990
36456
25838
64558
98564
67002
36825
87895
64478
96859
82203
38924
42871
20178
75895
18186
92252
41248
28551
37199
71950
55660
79549
19644
11409
10599
8699
41214
52602
71024
76599
41289
43988
99945
13808
16716
96630
10754
84169
24690
17576
3168
37095
32423
67916
7178
60239
95361
84174
9599
60057
87969
27373
26640
24478
64413
13504
36897
80767
76894
94542
42045
45223
39496
77357
25151
56862
66163
91434
96761
55553
38440
28873
85003
52687
23248
89608
35945
17043
52369
12443
14685
55157
72959
39243
62361
90562
26427
46025
29846
6206
81602
71079
72966
26051
4138
46448
33485
11903
22431
55041
7536
16015
81246
65845
11533
79146
92598
97677
77705
42176
38144
82942
8595
85122
37313
4784
64389
72438
80239
34873
80565
75812
1759
14546
4259
45620
87379
69999
53064
57816
3938
64704
15974
39345
6677
13805
14326
55331
7520
64472
3105
99615
38333
22112
26763
51440
53972
14767
33530
98265
76320
11849
94176
20660
78245
84444
18690
87308
14538
67008
6469
33266
69192
97509
96928
50643
44853
96241
22670
58515
73267
71623
82113
19901
26386
12623
50237
44070
94051
38447
1666
90695
81897
35929
63366
13738
19824
77986
47184
83875
78695
98143
7003
45078
27023
3268
29543
73726
34125
79467
34859
58011
4851
78317
99442
27709
16103
40372
17979
48907
88350
51951
19151
27365
2303
33153
73373
42040
96180
65040
41785
27566
60939
1038
81727
54395
5775
18486
7027
59385
30446
95322
27371
43491
70774
64201
34855
71088
9301
50518
71290
3070
14983
77769
17077
32575
94293
27907
76403
835
92410
80026
47238
58442
6935
67368
35040
12643
77097
48065
21823
45275
25967
30433
39001
12935
5713
91675
78126
19808
15453
91277
41856
85666
18658
76385
64181
37830
76211
49488
80739
13892
45399
54055
6314
46944
32253
97319
50849
10608
41905
66262
7475
88951
89440
94447
25229
73611
11418
90595
90418
1910
61131
36518
65106
63328
80839
62511
62715
45362
60123
28452
4555
98120
6455
12143
61113
23368
61810
42292
51314
37037
3614
36020
77257
19475
84173
22941
85111
99576
91475
36839
64977
6288
2398
53462
85370
38093
45694
38479
47418
41692
6260
23186
49742
82664
35194
24640
46659
7137
71198
15967
85101
72031
94489
36550
40368
39318
63210
1
37521
21824
67507
87224
79583
92863
48546
94147
71133
33893
30797
84444
86835
21938
91673
96076
1692
47438
87300
52971
85542
95878
28539
96586
16068
58359
3256
73796
71427
52600
226
58027
4795
43735
95809
14046
54685
86652
56765
54674
95961
27996
78006
15782
3739
47957
39717
87230
62886
24579
23140
11006
72408
41470
35890
55330
70047
5173
31995
84868
27524
56644
20283
97047
2146
97517
48621
76637
22264
47193
96006
10322
12157
40435
4864
21982
8757
62973
92626
5894
93889
93308
35162
18761
95643
32950
76652
40537
9036
34643
36808
3109
2949
82219
91041
88101
58931
26149
43013
31967
57900
43497
62937
41900
95138
59476
36861
9599
37616
53245
53225
94231
44669
12638
12859
4743
70143
59186
85742
95403
62434
14064
10620
23621
9511
55481
4930
19685
78141
91053
13997
77548
36378
22741
5101
15932
60569
34246
14635
40298
25094
2226
95607
97444
96857
45494
80625
89254
11757
69162
45463
74107
14830
92603
71678
11449
96606
72458
91385
64047
89819
65945
61554
28603
5406
84639
37410
64203
34366
75141
88324
19810
25470
69157
25741
44217
83489
80959
21314
75539
22912
10235
38575
32730
60300
93593
22849
37715
61610
40877
34397
89070
35958
35284
42073
7756
5541
20909
83096
10304
25679
26327
85019
52657
78870
74759
34709
23247
34830
85233
74821
74491
87140
50478
17011
21138
9399
31091
61657
8519
35945
31191
73125
22360
70782
13820
36052
27341
76926
38403
2991
97111
94517
94023
95233
91551
83191
35453
29566
17486
32965
64156
51144
61451
89661
23077
36793
66326
20108
81641
36319
67105
18330
86302
77586
48655
66397
71533
5073
64558
21820
95855
82304
87487
86585
25085
34702
49124
83110
17866
6269
3102
38409
4229
94459
94754
31075
79303
27239
80870
32122
79902
41786
77185
28141
14466
33456
37244
54128
70370
998
73673
57673
15682
81665
27970
49332
11863
42922
88790
41519
72285
20645
68179
7174
7092
84419
29279
98899
72332
20157
95934
73569
80976
72983
36083
3358
33435
16669
17096
85929
21047
77436
10718
96306
19811
1587
2214
37843
98890
19161
65293
23409
67944
859
19163
55482
49907
92514
18105
97134
20487
22888
4441
77546
56591
57881
97958
12517
17361
80648
36846
44695
65603
62600
95938
14633
78281
55606
86642
70029
838
23870
20374
88835
95505
12580
90173
16534
78264
36408
7050
65553
46414
9140
30023
32839
63139
34118
83809
4920
94998
49828
44437
81528
17556
87694
56272
34301
53980
60347
58392
60557
13310
38113
52863
83421
98655
38292
20249
47725
55784
45255
35822
58094
4253
30413
41548
42100
93516
79635
11667
14243
92378
24157
14535
90319
61984
26590
82722
50039
11490
24124
29664
65043
26460
49645
1833
36661
30171
84450
20188
92840
36797
77070
77424
83166
70597
48296
98447
35415
15049
30605
40897
971
78556
59893
80710
92492
8875
44920
54556
94069
70888
7610
75057
84265
3092
12976
41074
88185
39624
46379
27390
61208
43219
99022
43082
78640
92427
70493
85795
29857
33373
93803
58864
24242
59986
25439
99238
19574
81804
21937
66018
18443
17679
67314
69743
64959
30342
30563
65877
99356
33959
17564
80350
52017
77884
66062
95889
62755
52177
51921
53264
47824
30095
13478
81747
59057
90772
68488
52680
5067
9517
4337
84323
72262
82356
77238
30062
22624
79686
27429
4904
98027
4246
99638
61969
79521
4930
4976
56948
32453
24215
72884
7019
73134
36693
20271
82122
73573
36292
74219
14240
58865
40019
44366
29214
9788
55715
65828
79749
51093
9519
49380
66239
80039
48460
3917
2085
5528
19250
59126
52849
28958
16236
81475
87105
24488
51583
54295
82725
56353
45817
45620
51260
70470
22722
84273
22937
60592
45937
52942
59944
98957
50556
19331
29864
32569
95130
14750
47695
40327
74193
86678
26898
84270
22531
32542
79443
65828
58114
83390
40626
64409
54599
1365
13050
33192
6237
51673
30461
39558
97483
12577
14055
91497
49377
54555
81852
29440
95811
91
42244
33090
57796
16781
6603
86590
5747
84195
22268
86527
55140
56823
66115
37247
49257
31330
46732
74514
92117
65694
4739
66535
31682
58745
19181
60646
30293
99726
70431
13039
36910
36544
72560
64029
37017
25998
48959
2726
52951
36343
36856
64780
6379
24591
30864
88495
30717
63797
13602
74424
88797
68259
41122
7554
87772
43192
88457
56638
94357
13039
19521
40450
56260
20693
49093
53538
3369
21068
91270
3511
4103
62047
13656
76626
97218
33615
23090
95098
87021
71934
36870
98205
9064
57695
86894
5430
83152
48947
16332
98327
21627
47536
80069
74589
45749
34726
44042
34562
79842
68246
39437
32022
11133
62817
45253
72828
63995
57485
90252
58125
20930
20732
48043
18425
96831
26966
33397
93080
10942
37065
3890
7081
40036
8338
96892
96241
82658
8580
41582
59760
33903
46523
30942
38726
9265
43073
64067
59275
52122
1332
98655
12066
66288
60721
21842
19538
17570
61271
68556
28427
11088
8181
86866
77954
80843
21355
65607
38402
38413
53956
76170
94291
97274
61590
44056
59965
75361
59203
4016
6565
36998
99586
63450
5231
5912
56206
29814
20562
42709
79164
92413
76060
26301
84040
78517
37469
38465
22505
73965
96881
80772
22366
35412
85729
72937
55499
88711
23125
44961
90296
28409
67734
67376
9735
90830
20087
54915
97875
79620
9984
82198
55021
590
31604
24824
1125
60426
22825
84253
70760
11323
50063
72121
79411
98499
98504
17489
91582
89467
473
83547
243
82057
15740
79962
17358
2028
46033
46997
85311
55981
59779
36238
17876
7365
29511
48362
79376
61976
2699
42850
51138
32608
72546
94751
29987
69286
63574
94242
77474
9816
41764
11899
66893
31104
16795
90168
20862
39064
32388
80684
34065
31131
40442
83838
28758
75418
81523
38908
41026
56779
94220
76903
59323
2162
79639
13535
69521
97167
51145
87422
32939
71165
948
27602
59764
2921
80367
97842
47089
46930
74031
42900
69119
77579
98470
21030
37758
18076
84936
98641
55503
64178
74121
4431
63202
73062
67684
51373
60510
80756
23663
44758
50169
99383
43310
7815
82706
11811
54682
4407
10697
28874
51633
77691
22376
48541
6588
40577
23860
61197
790
35601
24137
4299
7258
6484
46418
93458
44216
73054
30843
6584
65893
88208
67454
53965
2583
40880
11947
50846
79100
85871
129
88102
34993
79700
70420
92415
78859
19672
65560
86436
98599
54803
31168
11364
59142
99660
87793
93183
63797
46334
36535
44882
41989
85212
11205
37119
68589
20527
31288
90365
41406
46526
74477
67353
29552
13260
72338
26132
49737
19809
19026
6005
9495
7830
5454
66882
11233
64563
96804
25109
5900
63192
88032
8966
86209
42478
43824
43968
34300
61631
47058
244
2447
75655
81111
85510
30445
66036
13957
38859
78944
3497
10964
82201
4895
35320
23557
59476
55304
70076
94565
4236
13111
43464
17072
14852
51410
53192
96478
58098
98126
26920
33996
33240
80160
10492
56013
41354
89895
72431
80440
99599
40873
7704
36995
93178
64377
3597
9414
3343
65780
80375
73711
35047
57457
9340
58487
21689
24011
88952
73093
63839
22028
77975
69633
12070
19259
45716
40903
10390
8582
29420
22495
62762
395
63475
64985
22561
21179
74622
94109
51964
75279
55942
94713
71054
11573
77984
11448
52935
55745
67567
97924
95120
16943
58765
88997
15067
21666
9894
86741
26840
39890
65103
27670
23894
63533
4440
11652
48912
27166
44947
36079
88343
62053
66674
11069
24549
12744
74958
96606
10338
55439
83468
868
84724
26871
7202
69107
60123
21751
14383
7713
94669
85107
77065
67394
89493
61777
63286
29820
20881
79554
43170
26334
82139
88053
31718
11906
83412
89347
49606
86303
49354
19708
51352
94795
24178
79522
8084
56702
76101
1995
12183
23071
4022
16018
97286
86480
17142
82860
10186
65964
31192
10437
4571
39148
90897
45111
8083
33960
87018
17139
75733
85133
37920
91025
60129
32414
86258
90378
50453
51818
11346
46251
5532
15166
71614
20051
27107
49255
43367
56782
22612
61538
74624
18620
1321
78985
73110
89472
41973
24892
21920
58063
74234
24152
20137
16495
10007
18158
18804
53979
38034
24156
91875
4353
65872
54196
52015
35704
21817
23912
88174
15480
72709
67762
83557
93251
30556
16981
82009
33890
41993
24036
21658
24704
4712
79989
28427
44289
29934
67420
67032
93741
63135
71386
89601
95084
30936
58218
44080
13121
55206
61899
19839
87466
8201
10782
45095
96940
81925
73933
98989
12860
25657
15680
41054
16819
12419
28269
32451
32633
76021
99662
83854
94982
88100
98026
61517
81267
37185
73208
88463
78949
26067
36069
80444
74217
95569
28337
25795
58154
36280
23815
85420
43160
22461
36984
19334
7362
11362
50092
48671
40432
63539
85091
61160
20508
31914
18843
57224
26918
78747
8712
73269
47675
57469
64419
54633
79269
87924
63247
3945
81806
41827
75867
76171
57085
59677
24429
17167
39044
48530
17916
61182
55643
47737
4613
40126
6941
31499
75510
67757
24546
53357
86883
50200
30707
92929
63516
59102
73788
58915
30052
66951
25540
28400
56405
8016
8380
25933
77741
22597
33897
36867
37111
21440
87427
26257
71748
82264
97776
60785
14141
61288
3355
2362
7926
66678
27405
89975
55770
12510
76427
34370
77350
24434
88171
47044
53041
59293
5813
65021
97508
62967
90271
65278
5681
67316
38114
97089
33670
31857
18099
23344
3245
75574
20249
44412
13962
18075
66152
9154
97246
82790
99931
59778
80927
32662
12018
21014
26035
66102
22277
36445
42252
37919
84896
15302
65519
14199
21285
15475
19003
13835
64282
29024
9678
83673
10814
30814
87487
96986
28819
21730
2074
80669
74824
45430
49935
41153
77511
74950
56720
43890
61817
24650
66834
30686
35908
94822
86177
68083
48998
35753
36373
28936
24309
63869
68108
73911
84933
35058
13348
260
23405
5555
61933
78238
28363
77767
5645
193
34221
53847
84901
11305
25653
94166
95922
89845
75306
11502
92867
33684
63421
61223
53467
66733
66987
58468
49890
93977
38377
88405
37301
73768
74776
65512
40516
70491
68955
10303
37823
31640
65499
39561
56864
12485
2523
86583
94751
49457
95916
42444
72015
3248
1648
82444
63935
77191
86824
78314
31060
32907
44957
8496
89944
8570
29452
69172
94597
12868
52414
24538
34826
24053
93998
33682
45074
34906
5875
80213
96939
61981
88400
38160
69652
56256
6905
16508
42324
25424
44724
50980
94928
30421
21708
90211
13013
73804
89424
19258
54517
83118
86063
69652
63852
23620
9195
61004
53885
61953
49265
27820
59784
65017
87946
38882
49247
27171
8655
87967
81340
4572
9245
71293
90925
21766
51766
65875
71772
93172
18951
29452
35206
9502
3219
91771
33822
5948
59905
52420
7055
51565
72889
15065
13993
36055
75804
49140
12922
95807
73553
4394
74039
1648
32027
49808
20298
12383
25070
44733
54035
81992
19875
77487
88707
88486
59852
9190
66902
56390
63053
73455
65666
6268
1758
49256
5597
21970
72093
57827
73012
37531
82382
74949
24425
1260
57832
48489
97069
54875
82327
72900
22865
32526
26411
64437
51161
35427
8042
37046
50665
69640
67066
50686
85452
99659
73776
34431
22592
21743
68096
91
7998
92920
76248
48643
37804
15936
83978
112
98021
16890
36651
49473
32423
75913
39474
73667
74377
41983
77912
37506
62507
21626
56583
60365
60196
19725
1939
815
62845
30543
40272
7305
74794
92040
37213
18010
24412
13982
62957
43930
50769
29677
44591
66643
33932
70549
34057
28026
68611
87782
58392
13904
3180
95126
66475
21598
89728
74811
16215
88921
92515
58607
24738
86831
44672
34274
86390
25034
97094
56768
19486
30612
79233
12927
52791
51590
37162
74278
3566
63245
68810
10944
70644
88011
65461
17663
95672
77663
9039
83134
5876
9740
14925
54950
10825
21859
37799
27427
47071
83771
10578
16922
85677
234
5444
85586
47448
85422
22612
12360
61239
94625
45496
79853
6115
10903
25566
57156
65845
73057
59337
36923
82886
23270
49073
74766
92809
4297
60885
56759
35882
35997
38755
53592
24701
68625
390
63009
20171
78924
54730
26873
99216
95076
98457
98390
15717
75477
4778
92025
60375
65400
21394
79514
31682
86940
66922
7407
70234
44974
14951
69917
90789
59334
43583
44952
4287
10575
35333
53720
95680
68965
66078
31920
63580
41714
17416
60599
28830
43066
21447
25264
65118
18497
22675
47951
87967
16734
20167
87547
36452
31140
14950
40060
42268
82091
82949
79432
56373
36786
98494
98907
75775
15176
58237
77173
48417
16017
99792
35127
46351
62670
83008
18545
94842
95089
70540
64905
35597
81270
93845
59317
39172
88985
99283
62951
64930
99423
10360
31793
63852
51515
52549
66444
80015
46706
76737
31481
7836
608
82608
26129
32547
52881
16899
87475
95382
33023
51218
4342
49776
35355
42129
84354
23313
32404
38883
31173
57576
94216
60519
37790
41247
82139
90373
292
83758
82904
24560
23960
10920
8353
13314
61885
98755
86659
62467
64962
94356
83744
39647
30490
76755
89586
34150
45581
40560
4102
90871
2495
63285
92902
92511
90750
93886
50420
92113
21228
6907
43434
8876
40874
94141
63402
58372
68794
82145
10317
78182
57196
40806
46610
53256
79618
73856
64008
15707
63244
75201
67099
78551
9256
47434
63704
14266
38290
54042
93139
42775
47428
50890
31535
18701
63104
87589
89285
26882
88433
32070
72160
33344
42490
21580
47896
55756
49765
48915
37995
68768
89918
74178
964
78706
6388
51669
66054
8791
82370
14128
98273
18164
69122
60519
99442
5015
12321
62931
81577
35709
88472
96861
94417
74293
87862
24205
65155
47317
17719
97395
53445
80313
40078
49000
51265
42263
76748
78764
74399
4754
2522
57695
59347
39657
53993
95435
85510
74051
13809
90651
18546
30062
87137
63887
44652
94261
81442
40384
74058
78342
75713
13614
626
46785
90249
91890
30727
97532
88504
14077
793
7981
15522
28945
59550
90402
46125
2870
68061
418
48697
15390
63406
81465
93937
68201
5425
33000
57666
33372
77560
4615
80416
8065
58737
30527
4186
30340
93486
97302
35000
68387
24240
94850
93146
74739
41489
1670
25403
63221
98180
41125
46991
70844
50522
32607
28606
18433
65170
69750
31312
88731
68629
84926
17202
65028
71545
53663
97539
68386
44029
9571
17377
4486
54014
2583
88792
63357
29792
24936
79673
26591
99327
979
62336
96444
76635
24251
51502
55947
94957
94795
35285
17985
73017
80130
6164
18754
52219
47463
45893
13196
89273
23007
7371
45706
1138
10359
36397
24852
54712
74863
83161
3221
68731
79912
41998
57744
43456
21604
4794
6146
23422
13979
55671
86048
40248
35734
33695
58419
71877
36329
99063
34503
27404
64815
49743
20824
2482
41880
48331
10848
98474
18932
5700
39481
53563
849
67336
59410
3535
79480
56461
11918
35325
43118
71407
93410
22792
12887
81371
22518
47679
71504
81027
1482
5555
90654
83055
50881
67322
56434
80077
55381
61093
12869
33864
18404
85949
99055
62098
5613
61180
42356
9541
22006
1096
24938
92914
42734
98558
38783
78720
91929
5537
71929
56021
23264
79657
86807
41336
82251
68622
36836
59834
77435
39427
12514
77524
95132
66580
70669
33125
42083
46667
90198
50249
40532
33637
58986
18062
83841
61482
91637
34906
23749
81307
62633
2726
45211
44914
91698
10132
70641
28423
48007
24102
82136
21596
29433
83041
36997
98273
2462
25195
53642
79739
55871
20152
5173
94906
34553
89503
96237
59189
33069
20683
30556
61961
19012
79959
86898
84427
53902
66633
41490
45157
68639
80014
80288
89397
96736
65896
40840
70938
16577
13103
10983
78422
71841
18414
54297
45042
47092
15176
46769
25343
64946
43062
90654
77499
9625
5292
10738
26275
99215
14882
92218
43511
5950
94561
7352
31197
81636
59567
17680
87699
45083
25998
78492
28284
82176
29588
98313
85722
18871
77439
22427
39906
40405
25265
10134
20647
46120
1822
52755
50630
21577
91744
53464
9207
32925
99679
76980
73651
85532
10064
68386
39679
71390
55882
17642
70663
38718
7418
2700
53636
85536
44011
86367
56331
15461
76557
9876
96807
92185
11284
63116
88654
67023
94261
81914
35525
76717
60715
13028
25548
23605
30271
74234
60402
25964
86647
63930
17761
63458
45158
8978
76274
49721
73908
85711
80206
85040
79622
83038
59870
76376
17900
93629
48945
92443
86447
97402
17757
20908
68627
27898
89099
54384
15773
7693
74693
4499
52267
30313
27447
50360
58810
59541
31445
99893
24020
54133
5695
39275
67039
56275
99404
260
7512
94428
32001
64416
68395
75978
29163
30425
56542
48366
45479
58699
63791
80186
82422
29238
35165
49944
98437
70794
27853
9280
76054
43044
13117
20691
73877
60814
83855
22384
89659
44660
52751
74615
92618
50599
43618
58628
2430
35008
10057
69293
2977
14221
50413
315
15217
47703
71936
32359
63618
66836
66911
13474
4535
9874
21152
18110
15620
73745
72108
83638
38358
88120
97009
43380
99578
40814
39503
27948
19449
84421
38317
16372
92976
94078
23508
19384
24594
58212
45282
19746
63333
30332
58812
90359
72618
64255
2653
27252
96829
45718
61882
57995
56709
88319
62059
13532
94015
9745
48355
43845
22474
78087
74660
83253
10200
38536
33108
65216
25119
83451
70951
45394
96526
47789
14594
92765
71341
50622
32283
56501
225
84108
84095
9806
74311
16071
51792
36496
50691
89060
77174
90685
13244
74238
83731
16737
63938
95254
8222
46023
44598
78495
28462
72913
48899
14473
33282
14784
68093
24130
33924
46944
39416
11972
30673
38312
85785
68853
79436
42885
17766
1089
29413
13405
66185
34785
23871
62296
67343
53523
97596
9761
54203
43493
2707
54166
53972
44382
52411
42402
75826
45006
79640
83215
17732
51519
6377
60726
81842
54415
63264
3566
26807
7523
10562
8906
81520
84925
88044
30419
69798
1806
88495
19028
20739
2831
15956
33453
81740
28212
65408
39315
54333
17559
48939
70817
12162
4324
22835
80141
19288
7889
40318
62161
9411
79931
377
62793
44952
56492
69791
16559
3561
15123
91588
39270
9955
48572
99619
84305
40926
24440
995
59679
11939
40792
45657
60125
90719
20132
18606
42746
11896
12110
25053
93120
73669
27419
60227
67491
28248
13445
21910
12853
72702
6410
59588
49139
9717
29836
34394
14475
62765
81019
62015
36238
56868
23787
78595
41
72843
79691
44224
43836
40125
90654
30377
31512
41357
8938
16994
74373
37055
67284
52352
13164
85103
22968
51382
83815
10610
64929
15273
98990
80966
38200
68894
51347
75361
53029
32749
55646
47308
85544
1271
12232
19266
35124
92170
11488
42236
42432
2460
92605
77572
72413
1336
50347
92257
11388
72748
53360
35949
48117
38402
26463
74119
99235
97925
3326
95644
71857
92769
52343
38123
16543
34625
80501
19843
82729
14262
17852
35325
33990
10627
91004
29972
91255
85224
88814
72617
27946
56632
83180
60518
17377
49954
94425
52863
34957
75422
35309
4472
72422
33648
26044
28239
95887
66317
14252
90888
15687
8490
39854
4514
7276
58936
1107
53804
38983
3176
81937
52402
44719
68076
53216
85946
49601
92021
1895
91614
83164
8828
13498
75106
85794
78479
50832
35049
7247
13379
84925
21943
28589
18338
32943
87505
30541
23653
33418
19525
30746
86642
17441
14114
79613
20719
88165
29751
17074
93188
94335
23393
94148
63662
55702
55802
59489
81901
86058
34995
87890
91287
12534
64271
79753
67975
16733
24932
67248
9718
50432
55198
5492
33538
26427
58375
91830
55942
97459
82556
24750
28649
37749
19505
73125
98598
25560
23251
49676
68537
38450
47176
48957
90083
32958
18158
8259
32392
85557
7928
53145
44147
2291
55467
81332
7419
1553
40618
18039
75297
96841
81241
14676
78807
37316
15221
87117
70116
38887
82176
87228
73837
95289
17320
94732
29720
65376
30315
33058
72481
52616
45167
88137
94393
71847
3146
98236
8959
9437
86568
93915
45217
20881
46793
95495
68958
69149
62418
20743
59265
28484
11696
20649
15192
86696
90190
91082
35517
77991
59459
1914
38412
13956
50535
30637
20719
97587
40110
47745
85519
99154
45241
78986
37187
47701
78644
29804
91692
10738
67124
5928
92071
38976
91825
29976
60372
26065
42262
2044
80223
88274
98279
80183
5872
48290
95529
16815
4192
27440
31463
43486
29574
50406
6547
81866
29015
7255
28679
52409
37383
92344
19115
99493
8272
90640
67442
26341
4822
88881
31912
76346
72723
41193
48790
59350
19734
11382
41860
3218
73201
52102
38605
48921
51482
6352
10100
54147
97387
77119
84676
19934
77596
49419
47595
11484
55702
38608
59724
14129
1206
48645
97310
89546
5461
25385
79040
11059
76323
20625
70681
76011
77190
78945
29989
93556
2663
18328
4048
12447
16540
80843
7548
83797
28638
66559
79798
18273
57352
29040
34367
79799
28953
65814
231
57227
34857
31832
40312
10316
33451
24753
43008
79204
16468
46249
16375
45158
99597
11851
8423
8852
69299
75905
61446
98769
20266
8667
51010
59977
28371
21639
99463
53035
8229
58549
62479
86761
28307
4048
48401
99672
61431
67799
89614
26936
23397
35405
49588
90139
36247
80688
12573
64605
94885
64998
48479
52248
80986
62141
53402
80799
38716
57482
21007
14833
74011
40401
92601
64285
56436
85285
2153
17615
41450
61491
56854
19582
57831
23271
15102
92388
36596
45935
89996
30949
93606
71945
76317
15962
726
60965
33078
53638
97164
58958
44976
44445
8449
50567
35840
35303
36365
71141
86110
93676
25677
3350
16965
9096
84028
84374
54052
45780
54410
26357
38816
14727
72354
50116
73031
39836
33801
94561
35527
8496
5997
90261
5268
72276
23365
72038
9550
34703
5739
72734
77011
9458
24425
3071
88837
32863
62262
96564
98600
35004
84571
15544
10562
6381
70023
20263
33039
14341
26872
3282
26526
52684
28073
36584
49424
77773
50736
67486
52403
87238
52103
20433
99427
75637
42126
64763
91906
58319
26656
77755
65765
35962
27446
6164
28087
99197
32656
1692
74360
29264
56050
95841
68137
81823
45104
93569
63787
18459
95771
16621
36771
65784
60137
38187
12861
85919
96919
63401
76580
57535
6731
51847
17367
38966
23861
26028
34413
75016
81426
22712
37889
14426
168
73538
91519
69944
62946
57010
68479
16826
48299
7407
51364
74269
88816
93213
75699
85513
77281
4151
70095
16077
90916
24850
59511
41666
32167
90985
32664
6317
59213
37053
36576
11505
44280
19454
7216
87170
17263
7480
31193
82023
65011
58951
23690
37510
58852
41109
55875
29993
53363
27808
31498
38504
33292
76506
34722
7276
26030
76025
6746
41114
3491
79429
40442
41511
65659
65905
84253
24620
14152
90168
89421
86765
33833
99263
48893
3663
64520
72133
99380
30072
99332
35998
70726
76009
89501
31510
91028
50022
19403
28366
24688
11136
14237
55916
74339
19717
84222
92648
6012
18765
91424
87425
98450
18364
67179
32090
47715
73857
71763
40352
10937
6398
22528
53322
62397
45985
44747
81419
62841
73175
4580
31035
70631
51670
76847
11968
17453
90183
41280
8580
76326
37603
38769
34975
87489
40855
46018
42765
77079
4817
68786
22015
79457
98647
20211
48678
39753
54654
5351
87720
81186
21067
41729
21965
63697
76232
41732
30804
21669
46552
22066
36531
12107
88360
56581
35121
91371
17416
3677
67409
7899
14064
85286
95384
14583
90665
56575
10980
32138
9646
41339
78000
88851
46631
60517
54682
91531
51999
89644
16169
27199
19392
91009
48842
25246
36908
40513
96867
92888
52589
82799
14562
29650
27272
85183
44303
11500
40252
32155
11167
56093
92648
80019
99861
58508
92361
4353
92464
23519
93863
98783
16740
67144
33983
27451
3209
88389
82210
24459
48701
13296
62733
19275
46661
65587
66643
26519
19909
16007
73203
50929
4797
14596
78519
9450
90244
14459
92863
15003
31946
59082
5385
60004
13837
88390
71034
61269
90857
11487
84982
66806
34732
9764
53354
25392
20753
84954
9224
97127
74235
47602
50566
69432
70772
68838
90559
748
94350
23865
25307
56339
64044
80830
49479
59373
85630
65318
84798
15437
10946
10444
24281
9386
3793
95323
30673
3206
46717
12027
61190
66545
99334
8309
55978
77248
40352
86353
6257
27558
21715
67794
69731
87669
23502
68738
20956
43651
1848
30413
89775
65707
19288
81590
4707
1248
86273
38314
42206
1967
20286
6853
47515
90156
26188
85027
35430
39177
34410
52493
30824
22536
10386
10913
66785
8432
77058
84025
55160
25514
92553
73602
56126
87434
61934
67359
56922
56723
61809
18347
77624
1044
49052
12772
24206
20859
78927
122
87177
31817
35251
95661
95415
51029
27710
28666
61516
17253
29341
88889
63846
19490
87423
53708
1605
2735
86156
81768
16852
12840
48098
41403
66855
11645
60499
95939
36983
71540
58207
278
73924
10705
64451
83284
2002
4008
27784
56529
59905
48943
30826
25376
16811
31862
40728
5891
29299
21093
76389
52481
56453
91372
46692
83660
13122
3414
66748
79384
57390
63053
30494
12078
50970
57284
21575
3744
55127
53476
9476
69165
97054
9445
40770
7618
43754
74316
95951
15624
36688
99083
36738
37744
65828
89756
96697
22815
67088
462
18304
61146
66648
364
30013
12699
35119
40042
19788
8330
57431
57865
23204
59817
44667
34736
36504
49660
10187
55410
70585
86620
13481
46228
86681
27456
89629
16591
95689
54601
89142
42430
83826
74095
47375
35569
95887
41689
85978
42690
45695
66333
58173
2494
20678
69864
35494
12584
28984
32849
52468
37534
3620
88208
33221
86956
75588
6993
38667
49529
54083
93343
68697
70964
90718
72334
62970
61684
47646
50840
45388
2809
97148
14435
81227
16402
23435
65020
57218
27039
80346
92151
88932
69845
73267
89464
37716
88430
96097
58907
99473
16197
91006
60900
46648
70602
5025
42199
13046
91736
63166
29229
39457
2727
2775
28916
37838
460
69098
38037
86523
68314
68581
56580
51746
4254
39935
88734
89496
9936
32543
88834
44386
50530
68004
44222
90214
64467
23079
86736
86202
2101
20102
61317
5248
65042
40119
3560
28828
69410
52449
51773
90474
98313
55905
74030
31818
59637
62516
97730
25562
74293
6348
18442
44242
61314
55238
94852
83954
70034
49031
83551
40812
487
84312
4819
41300
58107
9519
89012
45167
65297
39670
39289
30899
37914
52695
16939
91238
5896
62155
19877
33447
55155
47543
14200
92428
60850
81374
77716
64573
70071
19135
9725
32377
28910
50
24225
6539
19968
45231
37326
60447
38157
7728
80750
91076
65959
17482
71526
38178
72163
56143
28634
9514
67918
81286
53609
78531
28236
31683
34727
71297
91728
18641
35846
61369
15581
55124
97958
97025
84557
19624
45470
65329
95155
8534
27738
85792
61576
94925
9323
64208
44289
6385
99061
66120
3744
47992
55376
50491
56356
54098
58661
57985
43844
24243
16805
90957
40018
41007
72587
4003
52862
76585
22787
1829
21005
7190
8226
35001
22939
96363
1157
22974
22446
29798
19232
39119
11769
40936
24067
78715
31317
80887
43813
81648
22236
31915
83176
65293
93832
37201
61106
83293
89978
38399
65042
21558
70750
6439
90808
84911
78923
33031
69742
22618
58075
65454
17478
63017
44015
69618
69287
40122
25870
61757
24948
80591
28719
92425
17831
97909
56378
91119
59555
39641
5565
56806
36909
41100
73832
63154
7320
29088
65813
65541
32668
58443
54384
96836
14223
14511
48761
81400
23661
75119
14766
61365
16058
22809
80583
32177
73797
2730
74775
32549
17134
22814
57514
90352
25929
36930
65228
46974
59924
91466
6527
56490
52040
44535
61576
61753
65600
64313
80579
90196
37872
88223
81631
49050
89345
81365
95166
25209
1353
94452
37678
3936
37485
80633
95381
24885
36365
92425
53205
49948
39620
39748
70028
24437
24370
92195
98223
98709
90936
2065
396
300
2302
40807
78937
77939
952
84601
48469
37845
31015
49537
68243
47026
43039
35733
54310
24823
1703
16950
94094
38810
55143
18553
44312
12072
68695
45238
76538
52830
42213
21453
12764
67794
58139
32416
68676
99199
68673
27546
42838
80250
9284
72102
77408
10501
48961
44299
41012
94209
50017
47675
91647
87469
41279
26138
12215
41295
53340
26854
42425
73600
34308
89826
97920
32850
73552
73281
59111
26678
99349
83528
46048
68582
20601
55322
73140
84917
161
31664
46672
12484
24466
50006
43951
40358
24326
69898
42856
59403
71116
81304
16138
28486
39160
97175
98438
74421
14019
49481
50107
78033
28122
26994
43052
33616
79690
82665
40327
88855
5671
45488
33649
41474
64065
56827
70482
79113
46966
97893
43094
2336
8137
64187
88513
24016
78922
68469
73885
35062
79186
18165
38412
48142
1603
5508
69757
90652
36196
70546
41294
89314
92826
32839
45767
89652
65876
78474
93388
91011
1276
54212
55882
67050
6661
41166
76248
21951
5998
47320
3788
95723
92984
84674
47847
24400
34581
28315
16540
12547
28990
26577
41798
38565
98322
44181
62061
36043
11042
33281
85701
39301
73151
96333
74079
48630
21570
98153
51110
41776
20624
4316
43708
18614
89407
12869
23170
12680
36463
10626
69573
47901
57930
38627
25916
7079
80597
41706
74946
20997
16975
31261
31009
72087
94428
8558
48906
33944
22659
58103
3976
56002
34929
99052
49735
7223
63874
79464
52474
57894
3960
16046
80889
4912
14138
33432
92556
21352
45234
64631
63632
57113
59680
55564
41498
91143
76153
70134
53980
47858
2570
56570
71289
598
22481
22088
56799
46442
95554
72054
31906
66081
12135
74606
289
87297
87610
54058
73941
73168
80157
13452
85437
78141
58092
72669
84499
44773
11581
31442
13171
85617
45092
85247
58470
42055
28046
66253
79386
14853
95208
24224
80342
4366
765
47457
7475
81396
67129
44748
390
75680
55138
73405
7832
7347
51666
56375
7200
88156
14845
45562
5050
34562
83199
36869
99597
6913
60372
65577
70832
46553
29905
2168
47241
94025
82792
64991
83432
83238
44712
96845
79955
2847
33000
80214
72984
11031
33196
5619
81746
14741
87845
66159
45207
60660
45917
82162
22861
76412
94313
9953
28800
95070
20315
87407
21151
54298
79025
19257
43656
34906
76714
24994
70068
89795
64481
47630
5701
34045
91599
4481
50064
68708
90974
8774
57651
58057
23783
93529
22759
89967
17423
48510
29408
50776
14500
46851
37885
70678
39865
53286
34327
16167
68543
19882
25093
69500
6310
96276
93412
17862
84495
34228
90676
68447
87286
70382
92825
63893
84787
45719
70253
63201
677
25471
59699
45337
3527
73879
40200
90131
136
488
19789
14463
46120
79147
43220
94870
91076
97611
36828
87791
23331
9283
53266
70003
41123
34558
20585
48401
48680
43987
28488
97543
71422
6454
37826
23280
37045
13181
28597
7077
3841
45698
29115
20729
21464
22086
78300
50138
47725
45100
90159
79216
61518
1353
89257
72206
74910
92266
47451
99343
18487
70410
24101
43409
95243
65082
26958
2751
12699
81139
35227
85820
5724
96710
48346
35125
2749
75417
27960
43012
79668
4345
14348
70358
1772
77077
77
18746
34306
90455
38883
88378
90963
94238
98344
96559
56633
12512
79076
29343
18210
70403
63304
96915
52413
96511
89461
69889
25246
97446
88609
75226
16183
24096
45595
14479
53228
13340
93689
76310
62273
99486
47530
63753
71659
46673
82672
2271
31555
89887
47541
94848
2738
3888
74537
81740
49025
15724
35121
8430
6913
39929
26090
30212
14469
68143
47283
81236
64516
80588
4545
50037
17182
55420
71478
51185
50467
50540
40412
42183
93006
70494
9073
29220
41700
40400
48909
17580
94610
50586
23817
27598
84248
57681
99386
75405
67327
72402
38336
45103
89314
69644
16269
52014
85584
29905
37460
39943
98177
47765
20913
86388
97781
80722
31801
83317
14590
68016
65331
35314
91336
78904
70767
59051
93667
67239
34801
88475
59517
5596
14950
35990
29854
69785
40890
62925
26633
38088
87474
7253
95336
24224
83186
49553
80641
54649
42202
59566
2379
99418
80645
97967
20295
20293
52620
89998
52102
75863
26094
67563
34426
21685
11535
25402
75824
51605
22226
66270
80564
85744
90304
42157
11918
18886
23776
5150
93565
98496
3007
73481
11020
35367
10490
28895
14977
26881
3110
34006
73638
58304
17226
48443
69134
86605
34126
62130
70550
93798
30139
43546
65510
6791
97477
2824
19349
5388
38049
38179
59664
52521
85089
49673
92413
22741
77357
41619
32520
32676
18273
54633
28449
13944
57039
42648
70861
3504
30705
15270
11593
98558
26504
37816
17836
54767
11052
15979
10161
36961
73606
42952
46279
1266
58607
56693
49997
25462
82407
42615
85293
28170
26326
40644
98339
64872
64480
69882
41820
30924
41608
34243
47794
95370
43302
23612
28037
48438
58889
8022
13266
82408
15858
8276
51145
15116
358
95399
36160
3420
40160
4347
97467
71569
63302
57044
64094
70720
47922
29070
22298
74486
2719
10857
6957
77480
5629
73535
76384
71032
91109
21903
4748
71531
32455
25515
7605
30127
41481
80776
98738
94672
30293
92227
80919
78988
72982
15444
85213
13238
67675
2676
68415
88253
94424
98076
97264
99931
54308
68844
7856
38051
50969
49906
87925
56834
15315
63913
22237
35911
26408
75177
79578
35919
63843
63247
72590
55465
23364
91607
30611
30401
82494
18528
35964
4554
72970
929
46921
74853
60030
20796
75240
43437
1713
26088
15892
63578
74037
3294
72373
97335
5175
61437
54174
1859
12404
12881
76777
782
82607
95715
53082
89060
10658
1574
62979
35384
298
31993
36143
22350
29401
57784
14564
59459
64688
47291
40634
20521
93989
81867
13400
48129
98701
42245
72639
46829
94385
97263
95502
12920
27906
90244
65288
51989
39040
33678
82043
3596
29560
41760
84342
86310
77958
11265
38173
8222
96413
17347
57967
39127
24543
97859
2767
33495
23065
56739
24338
7143
36693
30250
75148
96108
3404
49586
2635
92604
24529
57384
71254
88290
57708
2026
76885
95488
4948
98061
20265
31475
84337
24332
83830
221
57817
26632
22689
42576
82102
98436
33762
27441
34325
10874
46878
3467
31813
69192
53822
56378
72625
30885
43199
76329
51073
80101
22424
11887
79684
28967
81009
71914
84787
39049
99081
4875
30105
26937
83411
6583
95213
45295
89077
2503
54156
76540
12025
92526
28532
87299
85999
21676
44795
43750
39132
20072
47935
61893
24246
38424
16181
7976
20340
33997
65122
26360
30890
45099
49849
25874
23953
14113
25623
57060
95336
20183
63442
51187
69323
69453
85127
17510
20262
3240
79004
42267
23222
78163
5196
56682
21331
47254
82661
98997
37512
38868
49504
57345
76755
62340
18975
64234
23583
80286
44262
11675
57566
29125
90887
45923
15803
59982
97773
17626
5447
35448
67832
72809
21737
13328
44751
67704
871
17847
17017
32850
53759
21306
23622
28541
84810
52818
13344
43071
13493
40038
67658
22014
45875
34056
119
89140
13429
16937
94522
6699
53363
61931
70902
11983
47007
96708
21979
23126
21621
40752
19092
20271
12529
12903
5966
14705
15188
96406
20648
20427
99509
69885
3953
70115
74567
91216
95601
14974
49034
79340
42204
83176
55380
70881
84031
65504
17378
25452
42198
42515
14791
29938
63702
12736
17429
26412
31024
69337
88924
98413
85295
19239
26178
98175
84903
22109
52809
50866
19589
88465
77531
75001
84003
70790
27991
28208
35815
57291
61871
16452
1324
56841
24655
47443
35627
41113
85575
79309
83231
86156
86068
88589
79920
31642
53287
97910
93504
43488
27105
94212
97856
24691
86247
52519
69748
15724
23919
42150
5848
62901
47737
21639
92433
42837
10174
52299
58831
85091
33907
79749
20555
26587
63003
72608
11322
74133
38984
39203
27363
40050
15522
78387
83899
63224
89049
16290
64148
12215
45367
42449
27080
88164
88532
94171
28144
81409
76212
56842
32294
74262
1004
63633
74928
92370
91874
1534
83996
9953
77059
71049
49254
75245
73505
56772
12923
54412
83992
875
45549
56509
30703
75906
889
72405
13105
78743
3453
23983
71759
87769
85168
4434
16550
54963
91625
78121
31263
60679
72931
24009
27019
94000
26111
53568
84180
66641
35947
76859
18993
24406
23205
52380
41568
77906
78339
29387
19045
94431
31348
95447
91399
88737
47815
69672
76452
48590
15382
5303
40642
31666
30993
7215
46970
14343
3251
49982
87246
98760
47289
7875
40808
24465
28163
72527
21150
70754
87191
9342
19812
7507
94516
25694
37753
87209
73504
84378
44559
35028
97455
56431
31694
44558
77340
32740
613
46890
16981
44237
8643
33143
81354
40250
12966
72657
6218
12838
11584
54334
40778
47299
59644
78240
17702
80901
17640
17142
17475
57696
12655
18330
40386
98842
80016
87260
57255
58102
1457
59871
32620
77330
44296
52520
63865
86067
63299
39160
4304
58506
28243
35637
49770
54607
2285
55107
79999
10409
48271
20675
92430
86158
16786
49741
51058
62144
16078
47140
64262
53819
15685
2595
14964
79648
87939
44860
72362
40463
9256
6666
88797
99362
32673
91902
58083
3507
7756
44315
64183
46711
82273
64557
37582
89545
18458
35049
36412
20957
31008
16447
35017
23347
28016
71205
89211
53649
11956
27792
74501
61749
74984
9718
18483
57181
37844
87669
85686
322
6883
52551
13947
45257
50351
57032
77055
29691
59851
64524
60961
83245
10484
67671
30951
52626
6285
66871
66883
10941
80888
41724
20993
34730
25527
14924
51728
21192
92815
96117
60162
35880
17123
53122
34320
94304
43880
77046
24787
13556
11696
54287
99626
56220
29198
47733
9444
42134
55487
15228
95272
87724
92776
92240
44614
51758
1157
15044
25828
89886
71621
93164
3614
63379
27533
7522
19870
92176
1883
71096
9322
65227
84682
81719
58854
98233
20234
98023
19243
90729
86787
64282
50
3103
11066
15913
66059
77683
52588
87823
46329
56966
91404
42415
17774
22772
81170
25842
76494
45535
74608
82218
42127
58052
84514
86639
94612
69296
2735
24159
61248
29237
31675
88989
28419
64505
92243
39252
4756
32691
19667
73571
63344
20598
98848
31949
63647
45682
92010
29238
86216
77080
26827
89522
25722
91086
94869
8034
86340
77943
70638
5578
29306
51099
97803
52443
82455
57444
18840
53534
95442
23620
31441
67030
54477
42797
47686
80900
76662
97847
29248
19499
21869
58504
73474
39997
47075
83523
78735
52690
24640
43398
81321
30953
83637
735
71012
16187
4054
99330
11702
36887
63884
93200
60390
53418
55584
30326
36913
86220
70743
46182
64773
3488
10219
5045
54612
98578
40238
47144
89594
71741
43629
94715
95679
56396
98047
65432
24625
87677
88004
62226
56236
61105
18856
24819
72312
72637
64413
45963
23608
56633
84355
76514
89807
6774
79758
27824
55481
58598
46469
35408
93583
48767
1619
39477
57666
43632
74018
35837
5044
67646
18229
42590
99049
60423
73654
75589
38776
23870
15493
69046
37663
63208
1411
46340
93316
68736
50723
63691
14518
17531
42078
80923
33110
65004
14409
2834
89189
12744
49216
62753
41456
22402
79495
94558
97791
20101
31268
40624
99466
57316
13310
62485
18577
57085
87424
9587
50907
62801
71953
63205
60844
36340
