16802
21613
19667
50359
43583
53111
47879
54183
23303
87705
36046
97528
54679
99207
24698
77171
41193
39031
21354
87125
220
83675
74865
78620
48334
44010
86514
97691
62964
92475
95942
6356
50398
58977
63472
8848
40604
68919
87660
56190
70537
75450
63798
98824
79202
27315
70582
47108
16528
12623
76472
62362
96148
14868
25021
85510
21163
52669
37879
93506
43189
16164
57355
34181
48211
59740
42880
49064
95400
31918
70989
42108
65449
36975
75456
50071
30783
96856
42727
94342
20730
29521
85514
7362
74365
66292
39087
1048
98030
22850
16971
73121
90788
4696
60458
76787
736
88866
21613
29307
