63989
22098
67332
34011
57980
84381
4883
63929
60162
74893
27127
46161
11306
22070
10010
89275
92832
97620
78502
91243
94199
23585
97
53052
67428
22310
41073
62158
14227
45524
47511
57559
60067
86031
58529
19565
62662
65277
96354
77825
72563
82896
98490
31491
49985
4091
82652
87275
42621
95943
54911
66582
82149
38740
16417
53202
88807
61763
30065
20094
74906
21448
83890
37219
85604
20774
34989
81048
57363
9407
44508
92177
57085
38115
9404
46595
41721
99187
8217
40300
34002
46011
15599
83571
38335
87443
96655
95502
14037
27169
75296
7299
48864
92084
33563
78723
92318
43292
50817
54224
87039
58614
78561
5644
21407
70445
46997
99093
39369
34246
16587
67585
32444
85030
38542
51627
47502
8684
67694
74697
50887
3158
51553
84810
46018
46669
98061
98903
83494
356
65538
40958
97812
35811
63308
86710
11437
50162
11518
12284
95681
36131
86130
12547
59038
26644
47036
52387
68878
25063
24653
63752
73009
4968
39628
24006
35677
60336
35172
43403
11866
13806
6440
81477
67157
28848
86565
36082
14738
41326
19299
99754
92500
54090
14425
6282
71170
86197
60872
27710
68996
13385
94045
85122
46932
42136
97838
96488
23144
6058
67410
86430
29200
79698
80439
82699
80545
24540
58259
69078
7449
26779
54387
2420
62986
92033
87841
58979
17921
11999
45770
35880
90876
56351
99251
64770
76268
29177
97328
6770
12671
15799
85421
22658
17394
81636
7516
77253
52955
76046
50239
66786
66702
44321
69068
91757
77834
72851
87332
71239
33801
10340
79276
95956
8603
1931
85975
90549
89019
76245
77426
56804
55180
69820
32805
58259
34460
9147
10269
4217
52101
61216
74784
97224
26500
88401
39308
51408
17142
10593
32819
84629
63236
57574
65664
5126
87004
2808
51021
50050
57782
27225
49851
45961
40864
51615
77801
1279
31573
73828
47626
95982
68036
44036
77153
36961
18629
72987
3476
7719
71052
54704
17834
36316
91012
56216
87346
91305
73894
44167
13245
8681
70781
77975
43856
36923
65731
37255
71915
12759
48402
42198
95093
73915
40714
65723
99137
32486
9054
30731
71441
72520
80160
68467
46791
58263
37121
32119
35027
90180
27730
27596
93883
5407
40584
18047
53394
16587
95497
46555
45552
61278
10164
24862
17778
48826
48170
76959
3963
18481
79724
47401
98458
85692
92166
878
46031
46930
86676
21359
88111
36832
22366
62649
28617
5685
90586
74144
75884
27866
36286
11195
54367
33250
64358
25567
77791
48808
88778
40868
73350
22414
86147
80753
87589
34269
17879
91225
59064
29309
70659
1159
93419
5184
20147
21109
4916
70442
67837
48440
86917
97764
72432
11193
51932
32247
86169
46929
74010
83771
44265
10872
32428
81334
65330
79341
96286
91400
31935
13697
74175
89336
35449
4433
79858
49187
30602
26976
77945
16746
35114
5053
35008
543
99120
87052
92934
90941
40348
31835
53275
83879
15292
36361
90066
48240
72973
52627
64668
11940
16928
80195
6496
67384
89728
75307
46274
19764
97203
72869
73786
2528
31077
48866
59850
16048
16205
22926
87665
4062
76094
43386
12599
62275
87621
58082
88185
41997
1464
43625
69337
17831
25783
57867
79989
50313
21467
13176
22419
96557
98642
28623
87104
99303
29470
87846
30139
6861
90778
61501
17510
19717
59152
40598
56665
52807
1885
23708
33397
32672
62955
22586
21624
13263
4238
72045
11162
3163
62953
90518
56188
22908
19668
21649
94018
21421
32594
2783
2028
25494
88153
53311
92152
8843
9777
62687
19494
23796
46205
60734
10713
17582
42833
72992
99289
57981
26088
2480
21920
47482
43113
75073
82006
58407
50933
95616
2195
814
24223
30156
38545
5108
65585
39925
33689
14742
80315
67670
77286
48250
97167
48350
92956
3388
66908
75303
26445
5755
6982
14908
90513
36535
57690
7424
51764
77586
70890
89074
39121
76673
24070
65085
65475
13512
54760
93629
33652
61189
43704
71013
33113
26559
60036
26197
18197
59254
67790
53955
7582
43259
66696
99362
75359
26260
93959
66827
24158
22656
64976
34743
23145
51173
37587
69250
71681
15952
4606
67974
12465
77142
9509
70368
61377
21206
32072
57968
48368
39136
28501
52394
73888
3237
96738
2520
39563
80804
82702
18448
59459
16669
60230
43445
62641
567
98371
50725
37514
57293
18362
97699
12678
24291
8562
2166
87995
47255
94072
77847
80035
30915
3166
90781
75627
26424
29944
43395
56399
13202
64068
40595
73667
29546
67088
46594
88036
55896
96295
26553
12995
98304
35593
12348
59863
83976
60354
17779
60101
26435
13740
94587
65991
33938
48461
798
56290
68328
62287
24776
1789
38207
60320
92766
6733
35335
83497
97638
22448
66087
51445
99049
37059
15090
71975
96461
72808
28885
24061
42046
10054
57692
78846
57419
63725
11872
91207
2304
10332
7395
82996
76073
7335
7467
63067
46242
42821
26754
419
17416
72298
27443
58381
68469
18641
40931
32983
63933
54121
68719
81239
91510
17833
99515
40914
44178
70062
62759
42078
59996
4794
20225
26023
51400
65011
23928
91659
38276
33884
33428
19913
38815
33155
25339
87654
77318
70174
22839
59367
98014
84835
91022
57370
65637
83744
97704
41062
4278
30860
2997
45679
93039
86937
88053
21032
65370
68045
61596
90764
64813
54490
58452
84973
85501
3275
57020
16692
97656
31084
33735
64291
71747
6358
64370
30480
21756
52860
33847
34041
60699
25054
50113
60345
90214
89813
50110
57303
43931
90795
20005
91686
77090
74774
25577
51632
52660
56715
75072
55517
50858
9403
13799
20961
74707
51838
12515
56654
81052
42099
74070
34894
30503
82136
47049
99022
78975
56827
33009
89829
76797
79192
75967
38751
72230
23961
64975
3360
25384
94694
29660
63679
85928
13734
16691
47401
65614
68511
98415
10202
18286
69785
58556
27657
45944
63459
47464
7050
69326
15399
29285
79614
28591
86711
48156
49751
73813
98611
77033
25849
78015
37195
83946
96992
93817
52021
52903
16421
61133
7050
45956
70193
87932
13175
5523
70123
54397
60113
36536
11136
17035
37564
35840
75044
52788
34010
99583
82347
59045
10859
1267
22303
87797
36659
13402
57672
71632
33179
73930
41248
91721
26358
5963
63467
27550
17824
53869
90022
33213
391
17618
18420
9583
21867
44424
42780
23679
73595
46665
66279
10019
14563
2711
41346
37940
83079
7262
81690
76245
70206
15823
39701
68895
78629
32348
66945
69320
44800
75079
77581
13530
90410
8669
80840
88168
38162
82110
45465
81005
67381
68618
4564
95656
74756
56601
27625
27662
61459
85027
29019
57430
48506
25072
80991
63773
55099
27464
95035
51815
76415
83929
27487
71899
24848
26488
67431
9802
32537
50175
39649
44351
16686
30170
77421
1786
63601
51527
72300
77348
65171
46017
17784
21920
26026
41589
10383
21
54784
91611
97634
35197
33849
82998
90426
55096
71301
97393
23270
81355
54141
32117
29454
77358
63225
12923
16377
56234
26647
32709
81363
30684
65651
93953
78085
77501
56442
2229
78789
75316
75466
50514
69654
11008
66540
14786
36672
74635
83272
93925
10595
90699
6654
23432
81562
66043
19077
26264
4748
48644
2880
16039
90759
18993
99518
69265
44674
55241
22525
78920
53933
21064
61442
77514
95234
36595
38765
2314
7669
56947
96248
57291
20337
30901
53439
24285
22991
83395
59129
55293
3570
99459
81958
18710
39404
13770
28170
14644
26587
83991
45424
62623
5674
89217
77844
98914
12072
68377
95183
83550
32336
73747
84827
22625
26026
77602
30001
48618
47909
20251
19084
38291
74201
15380
36909
26038
75857
64117
47822
44316
10200
27369
62376
57330
97913
94220
21235
76239
40564
19099
16211
21925
448
99563
38296
30096
48435
83337
27009
55739
76470
91325
63608
72462
79719
29507
24583
54045
35210
22862
8586
67382
92532
45982
54028
97607
63839
92072
27393
26851
96656
94379
91376
68285
71913
81113
47070
99112
87198
63693
79756
38717
75144
77832
86576
24587
95758
79985
15681
8197
51187
95772
95034
15742
84434
6328
63309
35883
94570
59420
91202
80588
52276
37901
94319
55571
71925
60833
68917
33436
68837
5944
71002
33245
63039
12278
70047
37513
58991
89654
23961
78048
66219
70905
51104
98105
74769
63937
88568
67097
35213
30372
34880
46244
30876
72178
83016
78202
36810
31411
61089
76039
83321
92838
47850
24215
89257
22608
44636
55803
38976
39866
4738
79630
79201
20996
79142
38791
67340
77577
11903
71780
2538
49649
25007
85897
14828
93569
47942
64540
64077
98339
62499
75601
23453
2841
12694
77601
51104
72478
4560
8687
47615
49012
36340
37241
91645
10334
75786
87865
30661
94128
41963
89589
95143
6606
17800
89829
72273
21680
18272
95001
77690
87616
84743
48939
97033
19338
99947
58200
66015
26351
22611
8092
76387
60455
22717
9602
24978
56472
94349
78041
90419
29093
83676
38065
28084
98624
24510
98277
65560
4539
50225
28450
59392
13072
22768
95822
61300
83084
47396
5272
92244
64013
95559
17853
13418
39672
57222
74596
42714
15911
44927
40437
72616
96211
42858
65997
56683
81224
77872
97196
20766
33684
95869
102
57124
11406
42704
62599
19309
99672
26910
71543
96926
24175
72969
91827
86279
70686
10341
86775
29515
81275
26070
95741
82508
48559
73237
20711
37863
91939
35967
9725
4724
13574
94358
84174
72796
42701
9681
55910
15537
60720
81226
2378
81381
70259
32342
61624
89096
19423
61088
9697
75016
74515
42520
11397
61327
12859
69740
18622
23877
34063
39526
78316
92921
34874
76897
41496
49723
5504
41254
40762
69445
11918
14784
26052
64860
93975
90927
70788
48334
68010
25927
11290
44720
53912
56672
72039
90588
11924
51941
77816
23861
68865
65210
615
18122
19960
43862
47225
59746
15113
74804
39331
21348
46769
13132
32979
14038
14730
87036
8254
93515
65104
82271
26855
71116
89122
21467
58197
97571
59165
54409
86272
57612
96464
12579
2569
38753
45989
26076
5028
30169
24327
40407
17868
31970
35077
35632
7437
22497
80534
56647
12281
55962
54018
11671
77399
2785
57855
86759
99238
92594
55138
21290
89030
23534
99285
75693
26125
76893
86623
22056
55040
99106
9969
44944
89736
41341
26393
76026
26412
18078
43903
61101
43043
7445
62847
3383
54498
89690
33571
60104
5567
72065
46106
11055
10279
23293
25778
19953
29599
87250
67480
85370
97217
77840
35414
58491
75466
66752
80219
19490
90192
83351
75485
99836
17397
2461
93675
54271
45593
63722
98512
14543
49716
47634
17362
22748
31536
34532
37175
86811
91487
43817
75897
63803
63085
12773
40579
79599
31976
74485
31848
4359
82736
56549
88834
30545
43463
78047
35628
6394
8609
51402
87634
94367
37976
35512
46168
35646
42557
78650
58813
57512
64234
53774
95764
17837
5702
30761
78080
57696
98972
35602
62709
38878
41642
75109
35872
36735
57653
54692
5130
53155
45352
99961
58144
11977
16675
11473
66498
11659
3391
39779
49094
33603
86295
99675
44631
43854
2210
22125
15365
22397
73230
58186
21972
44451
90654
16489
83589
8871
76113
74497
95965
7228
3219
47512
20225
91633
40544
32791
21940
27091
97125
79661
98859
48246
88624
76465
55499
94545
59904
67744
68754
2854
1686
28824
97573
3383
96325
69693
35823
92051
44481
92293
65640
2823
36055
79221
47394
72974
3613
9447
85983
44620
32484
20705
36445
93401
9673
94963
45479
8709
81656
98089
42828
22807
23326
69410
76140
59222
90402
12734
34002
67069
90886
85169
39649
39906
69516
59483
53253
4719
61601
78918
99323
32826
8577
85909
30640
57151
10793
9641
63479
77816
53975
61679
2783
64991
7210
39658
10503
42845
22886
50839
69907
65174
77458
87504
80562
825
26066
80864
59721
609
61565
5767
49767
35779
9457
85211
28358
79351
53177
23942
87204
33565
27260
42504
21390
56824
58689
42294
61773
88818
63158
94538
67289
3657
4218
14955
45686
20144
94762
88941
46118
90220
68681
81639
7920
89748
92745
41356
42810
6965
4788
3538
32879
3733
3155
50781
60194
91012
53548
29990
70336
91926
90
47891
87087
70908
29638
48342
71373
69206
82845
12973
67910
23619
43534
99629
19599
91646
43880
18272
15644
29947
96723
57895
40674
67140
3975
54402
97888
89324
75506
16298
27242
99758
2758
6402
408
49180
24767
75985
93226
19498
50865
90867
74011
37196
13406
40827
21172
91637
63699
79192
62280
92500
35191
41626
18408
69269
33898
45998
43655
60410
84972
64899
58825
37493
3233
93279
9104
52411
93253
38472
57390
74726
57481
59400
70106
80916
14101
11161
79824
92388
8275
92918
8681
78800
88661
75738
26656
23167
91510
15396
8751
61846
37162
58244
68839
81381
14507
3174
88273
4464
75710
59924
24824
31622
78086
71935
75910
44442
27056
33688
93957
33531
53554
78748
28756
69294
23444
58998
2631
45473
98567
87794
91094
54018
15293
45453
2555
89515
33995
25505
69293
490
78382
53860
83126
52139
95562
1557
89618
3295
56656
60209
55792
7271
2041
65549
80367
17140
8978
1520
19318
31104
42830
83062
38156
72695
96463
7934
74404
25965
41276
37509
65919
14836
64084
18692
98483
79163
32120
91404
27711
77458
84102
35260
80242
77697
46315
54740
32383
23759
65792
21333
87257
42985
63834
44822
13923
57325
75079
3041
55308
66359
48607
71685
27976
50159
16079
44557
39181
4681
55911
1452
91417
61841
16639
79305
88660
70465
14426
57188
95799
99043
34183
47882
39388
73154
38811
92604
13159
75410
89086
31227
74493
88734
98085
30406
77481
55977
43683
72510
16733
93921
64578
39415
89964
20136
51977
40714
34756
67012
99001
81831
91779
91676
93167
92153
98689
63972
61045
3026
18308
44966
15499
99470
71623
17629
79011
82005
65226
97636
88978
91131
66424
97394
91705
71682
61151
14547
89264
42404
48249
55340
5443
4698
74211
77344
56680
41411
1230
81961
74032
33618
68731
82527
48137
51016
13262
47163
63033
6458
32637
36951
96146
56013
57344
90714
24629
24856
22811
43601
3821
21199
76758
98294
29620
76899
51665
22721
4220
31075
27529
70841
39973
69589
12655
79678
25768
7682
4926
42295
32882
50255
75605
19107
30112
51296
39471
53113
95405
99080
50455
33610
92296
86186
67388
21414
14130
13591
59306
25710
66523
97008
73150
23725
7943
35592
30552
7007
81681
12654
46825
42902
55178
89263
68833
14703
6520
1213
59761
50181
94006
16279
44959
7163
95783
41230
39768
48361
16480
70070
42854
73727
58142
46461
22742
64828
16409
14195
15665
40160
93435
81368
99150
52270
71570
13069
2046
3368
61387
96804
3895
97560
4053
23434
91037
21829
50853
64065
27410
27586
21421
89852
53113
30083
77998
70607
3107
45738
47679
53542
17647
28468
56308
96808
12717
41334
42900
67922
55574
40847
58518
75231
74576
34914
28373
40382
3408
97709
82349
88112
14178
73789
64060
85217
45333
90079
80907
80885
86015
62457
49334
8304
3124
1412
89385
93424
38398
6906
44487
27810
72703
96609
98475
38891
79525
36442
69553
91861
92146
14201
54495
85051
8476
66755
26995
68268
73541
12095
12671
82197
41071
18378
74735
38162
39395
27577
49687
95630
45332
22460
20248
60087
31470
35844
69945
25917
62364
95725
21286
22024
23360
18421
23075
75369
2169
60555
21645
12447
75259
65547
87743
3766
24119
63049
70418
74195
8005
66553
25801
20034
30003
83218
10701
35504
35131
82942
17283
62856
71726
17573
55030
57819
78410
98173
51659
93899
60721
29084
80332
64988
6574
44044
27421
39498
47825
36129
82606
30611
26810
76997
11255
80417
25987
40332
85252
83959
75965
43986
43718
88706
63854
60773
66432
50252
73042
55788
90668
27293
40668
68915
63275
20917
7379
97739
13368
12388
90524
88054
93381
73706
91173
58073
9088
71911
54130
25420
22444
28059
58341
12964
28929
76996
93522
95586
33836
9552
73377
2104
22318
58925
79748
7606
18987
5023
20051
83727
40225
28035
43822
56117
36727
38709
26995
95019
93703
5877
66385
18788
34478
96685
75170
80064
50949
71301
70460
89177
27880
48862
523
15013
38006
67265
67396
38495
83358
70216
78819
90080
79196
40803
19362
52034
45754
51315
97504
66608
84997
66374
55175
2356
78059
62944
16643
20974
22793
57123
49364
70451
35182
39269
7323
90495
64645
6696
80893
97325
28560
25375
35879
11455
9615
41693
32654
34582
87165
84982
12069
61741
27670
17701
4550
43562
28152
78858
15233
59985
91798
33397
53520
51984
35218
44266
83361
26172
12119
38303
20959
14297
99137
75436
87480
38127
62430
51476
12534
17940
64156
49840
48434
46583
5707
70034
3003
16837
79136
61628
75018
92867
48950
6171
53710
18129
41510
51798
94846
9209
49884
61331
14396
1213
58966
86394
82864
63108
21971
86639
53776
65969
42794
12494
84993
26732
59452
95216
27860
23301
15725
92491
10534
52325
96846
3210
83768
12124
19908
74848
47977
80629
44599
91014
23770
51871
37836
27053
26631
28573
45254
3275
30381
39356
25808
38111
56482
15048
46824
11464
45105
49868
62636
24839
43632
97299
36640
12077
7353
29811
56293
57251
7875
86139
37894
56040
61444
70366
22116
59746
1138
61294
65708
97697
47954
9421
55444
12971
68300
5512
13429
24129
71734
73614
27069
41585
57717
66854
63525
59420
27347
93096
46659
267
23928
33989
55587
23334
18430
63369
91997
95421
55161
65937
69829
71929
63087
21991
78236
79203
41896
56902
21432
45969
51368
26534
59860
77599
18426
16371
6214
35661
5331
36885
44809
94367
10930
28837
96612
66074
3772
12930
75980
36115
81547
31835
90032
65875
66059
75485
18428
52777
24871
2341
93716
75803
22165
69622
52640
63400
26369
39747
70321
63413
10938
8487
53176
32927
42240
26632
29832
93469
44015
33292
27498
772
15768
81539
714
34360
26816
75379
27394
90506
59793
78700
40905
91440
97772
3419
68221
98035
31736
12793
8385
40696
66842
40543
75157
66254
92456
40334
66002
59340
12307
99271
37650
86114
6654
42362
25246
71017
12554
38443
17396
73597
37581
13143
83623
19924
52050
97706
54930
61640
43423
52198
95902
73164
6398
8487
65167
82656
80680
43582
1812
21538
65564
76016
41830
30329
99481
71017
18693
83624
83847
16824
36042
51493
34506
38449
47006
15814
54822
94961
78454
43034
85445
36650
53748
73138
48517
85908
46112
60042
24231
29601
75580
87436
81674
24711
628
57131
48954
87167
24985
65494
82523
9770
946
37689
58915
38653
28324
5554
69259
9288
30439
87014
80929
61372
85577
31533
63244
31938
87896
70375
67961
73715
61413
50704
4065
29322
60791
13526
21734
8194
66705
42865
81117
78983
54388
36422
58461
70733
3964
87308
68092
17867
10002
27288
74170
72607
1498
58930
95416
96945
69662
7009
85378
24995
11940
70418
46471
89708
19845
91924
39333
12133
60229
75483
81628
62271
47584
76065
60752
9076
18841
63289
15447
66776
22625
93024
54150
28467
44250
31177
53781
95606
86543
77290
18333
45499
31349
96351
46309
20576
64997
83747
98224
79252
34164
21617
70531
12638
31958
87647
80599
15561
77913
87973
76086
96332
9154
89726
70853
31989
45653
8057
74589
69449
82893
83763
44360
88100
9899
83562
962
9671
54082
75683
65889
90839
20068
48195
71869
53985
11510
88087
655
52708
8237
72752
88819
56703
75507
62276
14737
10654
98497
8202
93413
67323
54589
79830
14423
34453
48060
13348
11592
13803
46973
97619
42256
89338
42599
20054
10681
86772
55452
16272
61300
90976
18418
21966
93082
14243
63645
28752
82694
75176
43128
22880
81478
68758
48831
8744
12026
88184
69311
21514
96512
38338
20430
76739
59813
80999
47093
9615
64317
76085
96308
52318
71850
38845
87821
9211
56523
89003
68381
34893
54915
70496
25932
66643
65876
74744
22126
13625
82862
30615
26239
3397
18238
59147
86856
35963
68196
34273
70823
16646
45869
72479
93250
30096
26930
99592
85557
69729
65666
19916
40178
56682
74611
56017
37017
60163
42849
8
49378
33960
5908
63027
33658
39002
4962
97341
84152
70947
7250
23625
49458
41414
3445
42863
7824
28244
5567
56913
41036
64324
52837
4865
24598
58732
63434
4821
13505
10341
32149
71773
93273
12689
6944
81176
34744
53554
77502
63558
29765
88831
87791
53966
68942
71857
30018
13114
95437
32016
12456
23510
61507
42528
38817
48007
27670
1695
18504
20297
55886
84470
82351
29567
10582
88296
2364
29873
26387
77257
20345
1299
32708
46599
45807
24225
59603
25507
33634
15518
67868
16441
86242
33441
72939
36162
75361
8361
74657
34517
51904
90895
55311
16929
80121
21133
28775
56536
52878
11038
42618
66204
79892
41276
74400
98092
92453
23391
37141
28631
89496
10388
1815
91487
5734
14681
25777
57989
87186
13647
59653
87373
66890
70183
10364
85848
78897
57530
25281
51112
28985
24398
71624
42296
33658
32729
93282
84224
4586
12652
21284
59848
22119
52487
68268
56305
82474
78841
55098
2101
10884
99260
83776
99252
84720
55929
4489
42135
69281
24217
8249
49230
55094
7755
86677
63061
39693
13372
97550
2252
48472
8
87092
66449
51232
41621
67454
51128
17663
72336
34355
7226
26653
66454
3157
65151
52751
27665
89623
33786
72496
75122
68458
69855
20522
74025
31978
73721
37379
35974
22260
57744
75782
51401
68329
80141
31514
277
63056
78939
83928
28601
69915
73116
68258
15059
25808
23141
21290
53767
24240
50182
29576
39712
55413
48255
66649
7431
60680
50556
93715
72019
39624
37306
29342
98178
57884
26358
88046
75309
94802
99444
30038
70044
57876
33138
5033
34376
66307
22588
37871
79106
30774
42143
83490
19596
12414
26487
79616
20251
12131
21627
73883
96560
82889
30589
45708
71373
73466
87803
49213
91477
68150
57381
37734
58416
45062
6059
31892
99697
11877
50810
80230
38078
84390
5508
11536
7178
23781
53217
71369
65845
4571
56536
12002
89622
17495
84549
39501
72860
92215
31180
32370
12429
84117
98407
76459
11792
91701
13956
55702
83517
5817
52956
36391
68750
14989
93581
15087
96741
96074
26038
49875
77880
52160
18423
76963
32311
33070
97648
85913
52584
47993
49872
33198
83834
55846
71581
25790
9084
26066
55659
33175
26759
82901
9208
85706
93661
54596
97629
67572
10335
51178
81026
79915
97516
26746
59552
39787
98684
47683
48883
74984
88145
75876
73595
20191
99684
98381
14917
38584
73412
67370
85118
37076
94936
37954
62579
43769
77355
75740
12240
76675
32903
98551
89253
91636
66556
6769
25316
53973
93354
14998
73121
29454
88116
70347
16121
81591
12037
22649
58310
78802
53587
39785
91196
23999
41686
93545
77184
87081
26107
74129
19727
53634
55333
89000
47069
63580
27408
50700
66052
9562
1701
33100
15450
27127
27053
72753
21010
53038
62908
71275
50877
52756
55453
96589
21092
76411
58364
65947
42912
88115
49358
41963
80793
14695
61243
32183
99390
96682
10816
73393
13150
29295
49381
92181
53864
32982
83227
83777
3452
38260
71753
63543
30621
14264
90382
46497
52311
44539
81644
98183
90228
92511
77805
71127
57586
62494
1839
16923
68134
53653
43548
85285
82210
25659
84577
65453
27740
82727
80231
70952
85411
94083
84838
40335
48682
93868
16686
32154
8418
5966
82112
20272
76729
70643
28924
95045
95021
59965
11149
24188
5102
31051
50579
49655
7172
1656
36430
51571
18208
25007
41944
4509
88343
49107
23614
52220
3799
34246
96542
77119
28111
24687
46615
65599
6869
74525
16514
25562
47488
22856
38221
11207
17086
51588
96166
52687
66252
34018
56846
85719
66153
213
65222
55943
3500
74895
71443
39484
67308
78468
39080
83892
89461
65140
73422
7453
80272
34812
47746
84471
21278
80933
81281
10357
4092
96670
44830
58862
22401
52321
87579
22831
66995
37630
10451
19112
36376
14123
46160
69794
55965
81872
10243
64012
62905
1831
37791
689
30623
15232
57605
56928
74109
40503
90463
3856
36893
37210
18480
12725
29219
95364
86865
74297
66132
4378
22779
4873
48037
93987
49912
92333
18166
34547
63816
8590
90754
33483
75368
19553
37772
9282
80928
25347
49502
84435
74400
2621
31891
42043
41691
20456
69197
55590
2994
68966
87711
95996
42441
71603
82297
427
96986
73089
1415
25672
46857
22659
40395
96876
53331
57790
82591
92629
41274
54094
27525
67501
46768
27455
957
39974
19772
18319
58545
4595
38050
13934
39369
23889
93056
22186
30357
48425
3342
60059
88141
32471
98323
64000
5999
60625
28830
36547
43261
7815
13103
96058
97975
55428
310
37865
2440
23877
1283
30591
41831
5516
94388
62540
77836
88844
77621
23155
85772
89650
3913
41828
86738
6093
17433
94270
38849
39762
67210
95549
29905
26452
24630
44236
36550
72618
17813
15286
52628
76681
84947
12198
37365
21876
42603
19067
58264
60257
57769
79949
90159
19614
32838
25593
21753
2034
84578
89163
94750
44639
19337
65400
91770
85833
55310
20259
18649
62982
50735
78976
38780
28191
90044
24629
52913
62922
72570
48894
16597
21114
37172
12979
60900
41962
4553
55489
22342
25284
45248
96981
4976
17913
51936
41668
20786
25373
64189
37323
57264
77818
93275
92437
65597
51414
60280
11249
15951
20238
63695
22179
45
24544
48635
48337
66883
41151
79878
55971
45639
61292
65706
11082
12452
43013
31314
69725
3222
20179
90869
87230
89218
83063
11593
84992
64037
71877
79800
49283
27951
44449
30574
34489
71192
60658
54137
26697
39674
63600
41551
89234
7456
98563
89783
67557
24513
14364
81931
92553
80284
43066
4748
40156
87877
70035
45883
90893
36141
45776
68444
11111
62378
11612
7283
68433
40808
74877
12699
78407
75569
85016
44592
49153
61893
26438
53511
20377
21815
32828
68251
88153
70240
61945
69468
31168
5781
77263
97291
32554
31065
75631
12838
82383
59323
69573
90962
40149
98961
33836
42924
35121
70890
29152
96374
79153
28526
96094
54192
50142
61785
39197
22179
64899
38462
62200
52612
69716
18414
90634
87379
18931
82830
63406
73572
38287
74754
36240
86261
19450
34318
45811
64956
61896
11688
19765
41303
61471
65428
33493
63599
8848
34004
76847
75021
73725
28374
75925
21506
58554
77037
42674
61016
89482
35768
9071
20636
70376
11704
83551
35752
44890
48350
97203
73673
26642
23700
44644
72833
54075
4547
20174
64385
81393
44195
46396
45852
87592
84692
97942
64936
94219
94767
26116
15208
87258
51520
86718
75720
63150
10693
91074
43838
17177
50162
76319
26784
64418
26822
79751
75992
44660
9304
55785
96303
34604
57905
32671
396
71018
94922
74917
39399
78645
72071
39879
46687
66255
74602
38322
17403
10049
83464
50679
42271
89733
35926
90363
9396
5652
49804
7379
46980
49980
64145
39599
46388
50311
399
96358
11869
79427
1952
50407
41332
57234
35573
42058
16566
57516
7554
18083
95497
6320
96827
43618
43567
68057
84128
21924
44949
11543
66532
16352
50580
84746
66774
37133
94534
81832
29376
77354
55657
38435
48013
90074
52651
87795
44322
49060
76741
34422
45880
90389
60770
85640
98723
48030
50723
22711
97894
34091
20063
81772
15520
99240
89461
40050
64806
31357
41121
97366
2110
12841
21277
39976
55112
32571
3869
39050
21464
673
28529
10736
56749
55664
10011
46502
41051
18296
2263
88342
29
35609
95255
84101
53183
79103
1834
31867
52303
79104
59028
51700
6348
33293
64369
46173
98149
43044
61620
9450
12935
14364
13315
84914
98817
34244
80535
62163
68974
81967
77713
98470
31763
54674
8511
97917
9408
56414
45210
5369
79387
40240
33696
4998
99369
85136
99145
8886
29421
40810
12062
58744
41636
82696
4363
83110
95750
69364
57194
3941
7740
60632
9168
7572
32880
73652
92697
1491
12550
92969
29041
28671
46270
26269
40336
97361
30061
6232
48528
66942
54712
61086
27783
89009
5828
16524
84587
33523
53148
11371
77020
36472
22586
51545
82194
60098
82473
98348
82241
85559
48502
57377
60518
90959
53090
99827
72800
23452
13471
11772
94479
11913
66345
52932
45271
38008
63478
51394
83506
34731
33354
49705
53721
68313
19151
89388
62842
29515
76436
39185
77894
82507
88013
80489
70838
64924
51959
11474
7176
56004
85091
57797
62108
80580
76737
5781
5303
70450
74200
96268
63504
64013
91123
92467
75336
49859
1643
37472
98823
14488
94470
35482
70494
84994
85341
99969
24920
53269
97832
80817
8978
32218
87622
3454
12330
76974
33065
27634
90447
21623
78476
73458
80994
43592
29385
66076
27252
47065
36186
6864
89852
75498
12995
30672
6101
3238
54386
71726
43463
62308
15532
47864
30689
20090
15144
81693
33876
60671
55127
85131
79385
23898
71348
55949
19462
2244
38848
62684
12308
86286
8727
78204
67931
30378
27690
12035
42435
81764
92044
34239
59861
21833
96996
18892
60996
4030
31193
13602
16663
67206
69496
18597
93935
18341
50816
6122
8082
25212
44744
53651
46922
90075
1387
89245
97284
66381
15903
33237
60749
92660
41201
90187
22696
85811
26681
95293
77252
52358
26548
73313
36481
30374
17197
55817
1244
94914
84539
1599
13213
20042
99624
2008
37315
23818
40276
70902
34681
2591
45965
99009
74206
47631
74971
4308
5437
57234
1069
23503
75117
43607
8136
73386
43402
20095
20785
86540
20142
1123
69400
81892
55925
90625
3039
41248
99789
85168
16100
51556
60619
68039
86725
99803
43922
51756
58073
19764
71744
57696
79953
55482
84665
90727
81252
50124
75085
97288
40589
27573
42875
96342
39670
31264
16265
16489
76066
20792
85650
1004
93893
25958
15465
98315
61632
34825
120
55375
60971
97975
63378
10849
71880
54148
68572
3187
33478
86908
15826
23775
21752
4238
15
25475
42195
49072
60349
75520
41650
10695
99773
16514
41898
20188
34682
8577
15322
61864
45976
58007
21644
18191
64297
12101
73193
2048
64065
8467
32719
43622
9295
76087
96558
72141
74205
15611
84030
36318
51802
39101
49630
76193
94612
19098
44709
65831
74760
7215
29613
86751
51657
88283
46133
55933
54106
92865
52310
60050
96985
76297
40995
11959
57416
38406
53550
32286
35658
9647
16202
56731
69510
10594
94405
11724
64325
82088
52714
23225
69213
88100
99182
20885
40539
53319
91248
62988
76161
95613
36275
13974
5034
67013
79614
24702
13511
49644
33178
15872
94620
2989
28828
28871
99537
54685
51030
24266
46904
99352
67334
9467
36531
37414
51236
16028
49625
44220
12010
54464
35894
98101
34465
86375
50394
5381
84913
89275
62052
28839
76912
13553
77842
63290
51870
30626
20674
36344
75477
42127
91595
83241
47756
2137
70277
50601
3717
3444
18072
43007
60294
67160
63055
79423
17796
97229
41427
75437
41237
14405
71505
54403
32001
71084
40140
15672
87429
25949
43445
43967
16782
69528
84329
1076
95676
64548
672
90181
61018
58613
80106
26251
54703
84940
76879
1392
31236
55783
46413
87237
60599
56999
31530
42864
20150
28643
95298
23402
35139
12125
93825
63041
49978
35823
79721
55144
39264
57233
19822
68981
98985
54351
88833
49432
57259
15587
23726
64942
17027
66707
82037
46406
89463
85032
86448
66433
22531
3207
91160
14527
81107
57383
82923
46685
59135
42795
47786
70885
54409
28867
12220
62479
55783
92039
52452
410
70511
36716
42498
22101
741
92578
91964
58203
12564
13886
68132
94922
5692
40616
29412
82402
7915
56547
85376
17206
13517
98535
73620
56285
56290
68250
34006
30909
59692
50626
38848
21767
31364
65744
63760
73677
32495
77965
13928
91124
60089
2466
61984
69662
57498
8941
98283
62455
72470
10856
8535
18634
56798
59837
54878
58788
32921
83544
46560
71762
52131
45913
8216
69427
7000
14881
82154
61997
50700
64025
2533
27289
67319
42207
7926
21452
87370
59731
7004
15223
90405
96532
65022
92454
69516
93471
71903
60168
74486
42478
47906
82513
86068
41703
25751
72843
8976
5910
80132
78762
39915
54254
58969
1971
10608
49695
21337
12445
51210
10656
10862
24624
75936
37668
21602
61062
58839
44543
17439
1219
28143
90796
97502
31456
65889
2228
66050
29938
98412
25914
22132
81062
2549
33880
57881
87667
32996
56087
45736
81853
88665
22702
24613
15311
52091
41215
12165
30802
46808
2897
81806
88294
52162
97607
91777
16965
7586
34363
38986
14908
53352
40462
84257
74344
12777
88077
91137
47424
47266
71747
67421
93014
43269
93780
41915
60422
28618
11152
83333
68870
38796
1589
23445
11404
7785
8273
21002
326
75588
16777
54673
4477
82778
45166
40164
15661
9198
60028
30248
90132
31664
47626
85700
64638
35027
11295
69968
12629
72912
19464
65236
19648
88355
96382
99598
76242
46215
7525
10042
96055
25676
66714
74356
98926
4397
8003
44838
76196
78303
99851
25942
96747
79626
69502
20589
3741
37996
96908
5895
54638
84385
3916
56160
98389
22003
33561
49418
76203
34872
19001
96276
25537
40398
97123
24380
17742
5417
34295
79371
9035
77898
67435
35965
94322
23952
82427
69161
91309
99871
47868
799
72813
86790
44374
93282
2223
66220
5874
47460
88629
27636
14665
69094
39833
18018
48621
95423
18795
26216
90067
83408
45597
13527
4103
3295
87554
2405
94708
38349
62414
20772
28535
68263
69054
57638
40526
27614
4717
33408
94553
50638
89783
1875
40050
89638
59189
63270
23452
38132
17847
26155
4898
93141
10254
63205
59917
61640
17309
34694
47396
87435
82094
43982
86784
95809
32985
49454
80243
37876
77438
193
96969
59265
93393
3005
3200
77647
98866
74288
90142
83556
44121
60941
27746
50489
60766
32614
25222
66993
78878
41373
44682
46459
14088
12084
50922
43241
48258
57204
27547
1239
44505
54100
52378
14144
72236
15051
27864
49873
44592
68423
37505
74619
83155
69603
38177
17131
71993
96362
6541
16419
12788
2324
86248
14540
21322
56670
22319
58370
52862
82040
77403
3867
82851
14128
83543
18392
72061
97078
45752
64894
1568
39334
24175
65016
74834
49406
43472
31723
37721
73854
21993
30392
4636
16757
93562
39783
79441
98317
371
60386
94598
53466
51784
55587
51760
38430
43226
44750
3077
37062
77098
5316
11340
15872
73828
33038
4314
1668
65962
77421
61426
52542
58922
71693
77143
4453
15785
51723
47308
40694
5889
32940
90447
68658
33470
35929
84920
8875
36185
56641
56044
4303
28970
40470
70677
47485
60122
87354
5948
57923
91321
41451
91228
46032
27111
17792
57180
62506
31347
35024
43781
27238
52063
20113
77017
74086
54418
23460
22282
747
61961
98938
6982
4309
7888
1887
52992
96973
91876
45072
59073
62080
82465
44682
76185
64677
409
65493
38293
16055
59808
40244
2664
14475
92118
50952
10467
79764
42006
5305
45368
28778
91458
24700
97530
32527
23999
1701
49937
90001
68621
304
24018
86653
87208
2835
79368
35842
91315
50476
6180
87525
90373
95152
19172
47498
28751
20706
22777
49427
5643
88178
99419
15622
78672
49123
39473
5327
18866
60116
72985
4311
82277
59
31968
38214
28801
17261
74474
28332
77939
66442
75937
52212
3580
66637
9969
62507
88701
4972
63528
63232
99526
61920
36765
41792
6331
24463
23163
9301
66334
9331
10622
21885
86793
94386
38546
63607
27236
22980
2629
54569
60257
50793
5566
34270
69983
50538
42748
60569
3740
71975
9184
3120
95940
92970
36689
27741
49366
19400
70901
11888
90113
50366
44454
23911
23072
22183
12328
90646
86835
94673
6428
42278
85523
89582
27917
60051
75410
55589
62374
87611
40462
53687
84934
13384
97249
58144
67918
8064
99061
35320
39506
89441
99718
98314
89215
67485
10706
45830
81032
33723
97717
70691
62239
69718
45705
64078
63302
49594
75977
91350
27538
57003
46188
95480
62906
97282
43601
85385
92434
40264
76925
18384
21486
85660
29737
20559
15699
3158
41442
87873
50168
25873
21169
95979
21012
62477
98647
12070
30412
45435
28487
63064
8949
53734
40351
55211
34468
83330
71967
36510
61760
2399
14105
89991
60625
3770
79511
34977
79493
16440
54277
7308
58689
57340
79815
29763
52560
84734
85283
5052
70708
25875
74761
16166
26603
47530
12545
50374
33538
40666
44374
57512
46285
96584
63841
28740
69364
19010
42010
94329
77850
32723
32231
58989
41631
42508
10700
148
58969
16854
84170
44325
5709
19444
76306
14609
89283
45548
34237
68464
20637
16911
63973
60675
2107
95542
77074
15958
93544
14616
46942
60011
13709
23076
49087
72775
22018
82993
52235
93673
72383
17650
30588
48479
7242
37099
67044
93276
62822
35444
75030
69133
39827
8009
73559
25015
69461
9410
1161
17325
37638
52430
67404
32830
39460
69915
74809
81439
89224
76381
68327
63085
55304
92392
97643
42691
46688
77148
785
83558
79753
39044
21491
55018
96998
65016
68264
2409
61374
38869
64558
99995
21550
25784
24998
41071
29406
50571
78314
65356
78552
83541
44493
54892
55940
58941
32824
88264
1237
43011
39087
40764
83745
62575
23437
62133
8498
73500
29279
42840
78753
73056
61153
200
87662
2249
25564
47334
48862
56348
64060
63373
55975
76003
56656
72857
43204
42869
32445
74269
27035
59644
8615
64083
31657
26460
13007
79398
19966
77090
96779
64569
1838
11118
20035
98162
82482
38236
35253
79396
52541
18155
54479
58363
79085
91100
41007
18823
11981
22719
33083
40031
57084
58291
29081
28221
36733
55303
64792
19798
36106
92459
60566
56340
95340
29856
31661
96979
45386
61063
8700
8481
75336
27165
5376
24852
50409
20166
98102
62411
35894
51772
55416
51451
42597
36148
57487
48376
78243
50745
2107
15234
40528
56004
53185
28693
82045
28233
73200
43128
51819
64323
23121
33032
56343
58324
46543
86057
65357
17603
70961
48099
65951
71985
66351
22652
14149
82027
63527
33636
74667
42609
60962
6751
92766
82064
58225
70411
11347
42750
89982
13976
98714
94573
59240
68521
3666
74124
60260
50076
44658
99462
4669
83922
7762
57377
91931
58286
53989
81004
86398
70109
25007
26873
97260
41825
65230
54257
33969
70762
53255
8069
75337
54943
30291
98448
64138
82020
18641
33289
59306
11992
65631
67575
96549
27264
1146
77156
55915
74944
25045
61485
88475
20168
47756
6017
23200
70864
19966
64606
32954
57992
62042
54746
45472
67283
12705
17109
86344
53863
19782
712
77852
95095
45809
5343
21213
4389
19204
16921
2607
30925
62291
11008
62307
18780
99097
77111
79956
57451
36617
78235
35671
19701
10582
20062
8711
73999
95452
32400
83670
90958
81532
47912
55051
13526
93740
53435
75071
92441
63069
65912
63709
17070
30412
99119
12822
51308
36762
24689
61584
59644
93413
26341
6352
10557
70197
43865
71849
131
96313
25320
67517
10481
74287
95000
1494
903
27146
25015
8870
87105
66971
80285
53739
6460
75186
15684
13778
14358
75611
28021
38134
96962
43307
85246
57743
51887
71306
91809
38299
52517
69714
12943
93251
52889
57734
66202
13517
79488
70175
32311
8491
17890
68237
14894
16939
55419
99447
42980
30054
47421
63388
2593
47759
59997
22196
11039
65558
3616
62698
24196
25785
13536
89547
53488
55729
35872
10575
97681
10973
87697
60756
75047
90554
36613
47638
1027
35482
70811
87326
94010
57210
10505
96142
14059
56049
41791
67064
76313
17275
39875
79687
27613
67787
89959
7954
80878
29708
24644
67099
28856
43559
38891
62775
44177
19548
80295
40768
60170
94660
68953
12731
35904
58974
84828
91605
507
77804
14213
52191
35490
39331
59174
16833
87209
58503
16784
73559
98259
8746
37206
18535
98693
70533
85019
25066
22603
54899
66135
15866
66537
54962
6559
17112
94486
8672
18413
36154
10745
86657
56871
12308
46912
42131
97578
49960
26508
72510
61444
76053
53318
10705
83553
34201
4610
33100
87370
33703
82895
75921
76899
61358
3994
29613
39548
60508
40299
62690
90929
91655
62511
67639
99575
95324
77233
49100
51881
82138
92527
66450
24588
69475
32677
19662
92685
1900
10998
45438
78800
18482
93924
74102
46838
67921
87078
30633
30016
21768
11364
27420
57133
53602
84901
5815
34289
28196
38418
70659
31620
57400
74274
11047
34353
56431
72546
58876
12924
85613
26527
97393
27072
22363
66913
96482
3069
74799
52666
64982
53000
93612
11851
3757
50368
50740
59478
83308
25757
68421
98534
41125
69812
77264
87458
87817
63732
54928
89388
21345
97830
1731
18058
39775
20297
67184
661
29358
73616
98907
26364
32815
53622
73701
60007
80073
63843
90114
21060
80538
191
61700
65846
76259
77377
54751
58157
62850
99682
90154
12404
94473
53153
91025
18804
35962
39622
14262
33716
607
92087
69413
19700
93379
83856
94226
64914
63827
87295
60569
59744
34180
39671
96717
37442
18446
14674
14361
79518
26484
40199
34909
66026
21171
89911
49373
74211
81332
6464
90477
28376
22355
22368
65457
58165
98747
69111
84616
88855
92289
80488
81454
82981
11100
18963
22817
96082
1358
57310
39334
40105
3345
21479
92760
70074
97114
99272
80947
50165
29968
15448
1266
41824
84146
92890
39502
11961
71293
80035
34871
7572
94202
25660
81166
53758
36419
53758
24162
5148
129
11690
49519
59171
12699
87615
8909
57743
85432
26898
96105
22128
3367
39654
41538
94332
99089
85868
57847
98075
57565
61725
51288
23209
40566
31826
95231
48610
18477
31283
49301
95299
24191
57702
71779
38341
34791
63709
75363
62545
67794
80584
96591
45156
65937
37196
22551
70623
23549
23844
22400
93215
6257
97858
22223
34896
34865
46171
15067
7269
97631
74508
84176
84732
77161
95776
49997
92144
9265
27681
97503
29434
22261
24760
33917
4067
48558
67143
74338
36945
39192
48478
32344
92767
59389
8831
85564
75283
81744
521
15942
46659
49692
26963
40600
26478
91166
97727
50620
4956
57897
53432
50402
79722
80367
82902
36550
62410
6998
15343
51305
58501
34364
5328
99729
95302
72528
73533
92942
72702
35558
72354
17304
3197
36302
30458
83982
28852
39767
33515
73098
50922
51556
24404
93432
62836
34203
96491
99750
47639
51263
61632
35890
87244
41518
83136
99103
23720
33801
70611
77655
29866
68648
30425
28754
45102
24882
66785
32799
48802
2824
5601
52785
76406
13198
84750
20386
72340
5229
29698
27646
91160
40988
95029
22747
54762
44575
61178
6981
26615
38783
47995
70524
17034
78896
63993
49824
43117
76111
31781
21340
47205
32253
64570
72657
80306
5088
42195
37740
89119
76248
32849
53440
17538
6019
6477
57577
28271
98891
77687
29647
35969
1025
55912
28454
37170
78763
78567
42648
8286
94157
20607
63161
87359
10045
70037
35773
97223
30983
84235
60468
41847
28373
63866
61048
65167
49503
25062
99900
45420
43993
58308
39803
29233
85024
47210
96611
19494
13774
82463
33798
19764
11460
13579
9350
35820
11042
66614
2784
85351
72745
54004
54646
62828
60498
16349
52106
31908
83702
26136
37359
41731
1567
32705
41454
31965
37214
74458
95263
50294
47119
28412
50262
75817
55221
43555
83636
15601
23770
51206
27147
97187
42026
48686
4198
3211
25376
15297
89077
95856
42848
99634
156
54571
60970
34745
63959
99105
32813
32045
14779
55342
76910
51913
74114
60010
31038
63343
49886
28885
10737
28594
56536
45110
80522
63455
19070
93996
84464
37722
79471
58096
47559
51540
98623
22585
96713
94746
60184
58877
75970
10112
72001
99747
28129
43556
86666
28742
26621
50337
24586
9964
40121
80312
90368
91701
89476
64449
9223
45852
18521
14768
12047
75315
54648
27015
3529
20707
41856
43951
95839
47723
89379
80340
41153
59013
2172
53872
61699
31185
43762
38616
25844
49915
86264
92260
90328
68704
33409
15778
42869
97900
16229
10103
62763
72306
88023
65188
34805
14419
78579
78616
38525
41785
53837
22407
40606
40679
51545
32369
84336
1616
79667
42048
33827
18681
11163
50977
68461
58515
26140
35670
39301
96387
36748
93148
72601
26633
13807
42798
7442
28775
321
80283
95224
14385
37200
45736
5026
51538
44017
89082
33030
50117
90555
26995
73078
88449
72216
24383
39314
33958
19516
2173
56816
69699
29589
84375
50667
39253
67531
27447
1143
49083
58276
53715
20269
44844
98468
36878
80210
47744
93191
32581
27967
77415
54524
62518
36494
76031
49659
80608
14673
33513
26535
65355
55930
9896
11454
37397
96084
23463
80726
44510
77487
8588
90910
65302
84742
86012
86936
76488
13949
75982
90556
33743
43964
50638
76622
76805
45556
21665
18284
5645
63668
65576
53745
67986
17427
64377
22097
6091
48563
49294
58490
14932
57504
47567
77563
50583
51848
6032
94454
20598
9507
98362
25467
87783
35046
49124
23263
35176
77021
65092
62936
33974
58233
21299
81928
79937
20536
65645
31692
7587
48811
82869
64646
66192
52175
5867
1093
47554
33984
9914
62137
98508
37165
26635
35214
94575
20578
10748
46770
70256
83586
91401
91764
25406
48244
88021
68584
46825
8357
26317
98490
74390
6540
52593
78918
11446
41955
76115
71642
87500
17320
47483
79412
44749
87078
39218
55073
52918
26611
67660
25354
35234
29085
58130
18343
8516
44370
21130
48001
7543
61146
97678
12281
61113
9483
1011
60745
22985
37382
95255
79047
91499
76598
49035
17982
79613
71408
88008
92897
29953
20984
68794
34954
88145
2179
94095
1232
56002
96490
8567
76994
19338
25704
54477
73939
6017
13511
11154
61235
37034
66042
19745
6426
40906
78335
6225
51475
17361
75741
80347
38392
15582
81669
51294
96217
79003
56448
94322
36263
6039
94636
47965
2174
38508
73104
96780
77934
99353
83620
30385
31140
33508
59135
76441
64096
55202
31437
14805
14195
63831
5767
44455
51290
22906
63770
45922
19978
27008
41079
63210
24158
38342
72645
23988
60516
7803
23947
90303
56186
14008
87588
54227
72582
516
16670
69241
27667
10567
96164
82545
48464
4527
38791
83214
22270
92710
81636
65384
51392
3059
90754
58233
6076
96372
54867
2357
96916
79792
85380
12118
47105
17782
50463
21090
25657
1584
40094
82852
86828
10140
37138
60434
98287
53537
11040
67466
8871
4145
90436
96957
98123
61488
5416
54022
2026
50967
16695
69492
71701
74910
68211
15272
32648
99438
38786
3751
15423
63195
73134
29519
13645
86674
87591
26553
74702
15791
51872
30442
70080
23818
92562
20983
221
69536
55828
92648
5989
37618
53541
84000
43371
41031
92754
51178
82030
15948
34635
44257
293
48565
5033
78654
75860
80932
82410
53995
71447
81980
93736
97338
70976
68618
23416
62551
91521
90051
80363
94008
4367
9176
83796
28685
7754
85251
68184
95844
44804
11293
98517
46769
46022
38302
64628
20864
34485
84304
24676
6706
26197
33567
31934
3923
5835
8117
74177
97931
42046
31671
72274
27173
2572
78612
41284
52748
697
24388
15611
72188
56862
31201
79798
34227
99230
46678
77535
89424
29051
96914
40176
16161
39473
30645
43997
55458
84272
3611
93116
91978
70507
50912
64266
89329
47635
75195
81421
57543
21853
32682
96627
90887
49212
14219
86468
4208
81996
69866
82767
92875
79034
36969
82193
53369
96589
26235
96540
38307
98581
75889
80216
75022
40329
17089
37986
1427
91736
50841
28636
7696
36532
50532
34686
23454
50126
57586
2327
29340
99918
61011
82999
7699
1262
50332
30225
42669
88013
28031
98670
92111
2726
86149
66744
45292
29095
76827
39865
20758
68696
96841
88407
95891
6156
53517
79475
23902
76721
80442
29606
24535
27437
93201
65504
85932
92092
16264
10559
15275
50687
57257
70698
31788
45597
78188
78066
75208
88720
61950
87740
9304
79210
97857
6103
16663
73107
43909
50426
46047
1070
1917
69568
15912
98739
52183
82778
71319
53988
91630
27094
94251
53740
47100
66800
36126
17821
76838
82402
65635
25335
75610
97886
73533
14813
82445
92941
20916
86143
90573
68886
42325
25690
62292
81547
54847
44120
32588
58468
33134
35445
91974
65734
97326
77006
22656
96927
10790
20578
61911
750
58123
41489
26041
3581
98245
51387
24428
41292
43755
61288
84126
22784
81090
86926
23993
60480
98561
12598
24397
68797
10956
33839
18714
35289
94107
57388
20314
9956
50362
80594
42626
78265
86211
19453
15209
58863
96723
38808
27255
57401
4650
90539
82445
85674
21706
99271
54525
13280
75414
32852
28946
19530
45949
28167
30912
98790
13590
40821
90536
23955
14451
61391
29820
69750
6422
38286
79265
89239
79338
14189
70781
1257
77731
32487
50073
74845
5414
63748
40058
53727
52324
2123
12661
22659
75668
91355
15470
77680
61335
61015
46541
94638
29636
16823
40521
52764
37811
34577
37553
46862
47582
73079
7765
89198
62066
91519
80941
60857
60021
16974
62388
76209
70274
87773
23794
50334
46445
55447
84609
23415
79902
29327
52702
37714
8105
64345
45352
50131
64261
87234
8783
34976
10458
68219
7182
35519
66924
55699
44857
40328
44294
80944
33490
9149
49647
41955
17673
89039
40409
21416
15638
1601
51908
56722
47685
61096
92951
38675
96803
34688
2742
98790
60747
78367
48985
43840
85573
2221
34903
76102
35681
59391
30950
26249
29170
10195
36259
31297
50236
94924
95089
75981
43410
96792
94644
57734
14675
62907
61453
86636
69651
27962
92613
72366
82384
78426
43689
275
48952
69853
5750
65547
12072
30494
76518
28952
41990
35543
29498
40436
21251
3057
65779
4684
94678
85339
81817
29882
27458
87491
8702
43292
82
15233
94279
57029
94533
23827
67826
80397
7220
34806
16742
75513
77258
57582
28409
94819
17505
69498
24616
87780
5737
44390
31724
42985
67209
44511
86880
9995
23259
64141
79082
34118
9747
52992
15506
56690
16484
44579
82507
90864
24865
40057
99300
4265
74337
24030
82035
52398
36304
75216
46711
10026
67732
24053
88423
41089
75321
23153
62272
32573
75219
49759
39049
7109
18599
98227
23976
18156
94410
85162
88753
64991
601
48505
62593
36823
59855
17948
41122
17285
76116
58607
16499
9819
54201
45448
12215
61111
29226
95661
91220
58424
76819
81022
31891
20564
41802
21938
38002
76594
18076
55331
3305
12953
39490
77808
52818
58211
84285
7451
77852
56376
8560
96120
20274
24045
98670
75111
32507
38766
70741
90131
70348
97259
44839
61945
2769
91784
77702
43257
74321
27838
42280
70209
20741
48386
55246
60970
43382
37515
83588
67006
86214
84362
58012
89473
22080
20566
27429
93600
2174
54395
40467
2481
92390
78969
5996
15007
87364
17828
16629
56557
93308
10405
2414
32373
22649
19949
33384
27360
66334
82370
17924
29861
8362
66880
24146
45269
81901
29767
15693
99057
26544
98899
82401
3781
91300
39625
30554
99429
42503
60437
28297
11518
48942
6374
3133
37564
77675
55102
44436
42815
8966
22936
2463
9476
7269
99317
70665
29420
62821
99054
42383
60804
8894
45329
85130
28643
54351
13403
21105
38273
79875
95715
33391
27051
22613
86801
12062
22286
81275
88744
96263
88500
43574
32001
65382
80300
92833
10208
72724
52422
61874
26899
89503
48624
54950
99366
68423
40873
95223
93204
79974
88078
52207
17350
74124
15391
1396
67290
86901
39397
55777
81641
27005
73715
82039
63903
63290
24474
37822
59324
36469
10144
44911
63244
15914
76652
91367
33849
8218
13779
73911
94079
32162
16009
89010
98979
89826
79975
61028
34688
57789
16969
81612
27021
49500
5855
81198
19227
78429
70542
94997
4375
43207
14409
41642
11675
56182
79557
96049
89163
69959
50481
4654
28428
63346
58464
24572
88259
12977
80984
51253
9396
21006
78798
73097
16699
27276
53722
74170
12025
55156
61724
96168
57679
62160
92046
49148
37134
3550
34829
74160
65139
56041
26860
87446
71258
11899
80036
1275
33486
44774
70738
54325
82056
67960
15729
20996
72925
19665
65551
44391
2948
64901
4680
28205
25382
18301
54651
97946
53367
82058
41198
70503
94686
32862
93205
87592
18508
84548
27955
6989
64585
98491
87778
73419
49863
83738
8321
30812
82478
54875
99228
54956
13984
18551
44170
74178
28002
3803
60101
9765
70649
16924
80408
24771
15836
78663
29128
26375
12314
60174
30035
54041
63985
92245
11049
88468
98261
39625
40398
85159
36850
80651
50195
81611
30045
10131
44324
81558
46462
38409
60290
43923
35092
73503
31126
89461
3857
13867
80955
622
23294
90885
93633
1819
34832
39729
40759
91298
75017
15037
54751
2115
66835
76435
66814
79733
30175
99884
98589
90669
38255
48256
25624
21712
65661
30540
71243
32553
43001
5570
66043
26664
12978
74436
70300
70142
40216
16617
26745
85832
874
84809
73378
891
56027
24473
38441
34775
71751
58450
75128
39681
47476
66853
51097
148
70448
75773
31844
61933
98238
62794
24339
96861
97665
19629
91484
72668
61648
44799
5813
42339
9940
26395
26912
56009
83825
87988
57042
39341
83019
86704
42435
60674
52391
28649
96187
11392
85987
92018
54520
28846
18848
91681
80264
64461
51576
40618
16670
99398
89866
98340
47855
37303
44832
62255
34329
9586
31232
40477
66637
33460
4768
13120
54569
72505
98299
61508
12243
32334
62728
54884
62812
28465
37602
16790
46557
48027
14934
40590
40825
96973
86893
25189
6813
51263
21299
42625
32134
3198
47544
20024
19602
75421
66034
32990
60592
77974
51945
55081
53366
58065
88690
86636
46784
3617
98378
79568
36900
3687
87863
21021
54632
99479
41270
65669
5276
15500
47522
97438
18116
23789
11988
98107
55814
8986
32952
18600
17740
72399
94649
92924
33217
59902
87365
88453
23782
22364
16297
76029
44740
90869
47746
77627
2192
75114
21725
4176
42000
83394
48158
88984
75021
19222
44040
97878
55153
50796
10144
22754
13494
29157
3780
43330
29165
28600
40806
13312
7203
20853
82435
88821
44781
9164
57312
67483
51753
61927
30955
43994
82664
49850
3401
41920
74866
19039
6311
7259
77631
9575
92754
48466
60950
97317
85123
42802
56105
51618
12627
96257
27158
1108
16502
99462
85817
97243
99252
69724
78032
57345
4534
37937
1382
82300
62690
72917
81215
86622
50478
62246
21348
15044
12372
92812
46771
1425
91376
68858
52776
56886
37376
72667
37825
29401
24046
80885
63512
42116
43320
79677
66990
74946
73359
18237
30135
30342
47905
38604
11988
72856
84845
61364
76124
74988
32286
10882
30761
92218
28190
47068
4439
88993
65677
94304
33071
6889
46915
24653
35880
62486
91418
9411
3555
49030
48889
44849
21314
50689
18831
93510
69845
84066
53335
14463
97384
21419
69312
92075
56105
86886
63783
18976
3693
93137
85543
31105
8957
75402
62047
37308
5521
87239
30847
43645
83960
72565
27225
1869
48673
64510
74675
31987
74482
49464
95102
64390
80557
54259
49820
26415
71520
28821
26975
8513
39538
60712
78821
58874
92070
47574
55863
36179
13144
17868
62765
64360
63323
9909
75617
90259
55318
50381
85123
61518
85860
58133
62064
11243
98122
38
23672
35928
64134
41309
46122
4962
53585
70065
12973
78005
29880
79120
38349
91057
96983
18155
76135
55310
51941
36650
88971
48378
14790
57028
96124
27932
69536
34474
8273
59905
50620
24655
81007
68005
48989
42124
32865
7060
36776
62685
99404
94070
94845
44440
45236
56788
60863
244
49199
20632
15087
41215
50197
72180
7119
52140
32495
82805
97751
58256
31984
22262
60225
96932
39651
97517
69250
17339
591
44702
12611
19684
92093
68869
97907
82671
13755
66933
78912
66766
92295
46951
8873
53955
35119
55478
28527
99385
97808
35524
11824
76599
80344
89910
13559
36181
31694
1951
2024
21921
66881
5434
67551
38339
22761
96838
70679
55263
12721
28768
36914
46497
34405
19007
78127
58177
27669
86554
72021
95766
82299
80893
7062
36318
98403
40817
73186
9813
95724
88368
23921
8671
21345
56887
60940
18049
48564
63388
79259
82437
52314
21700
83052
83550
71161
11767
80768
96249
57065
12323
19345
54369
87779
25742
40360
62788
21484
45316
45450
36965
79202
40249
49961
80969
313
59352
30222
46969
9241
28666
71196
51966
63137
36238
31890
59691
73021
67887
14152
81683
72532
7899
38901
68990
44263
74267
93731
93499
76610
70029
22196
47665
23548
45625
81461
87712
55845
93177
23599
405
51825
96577
79743
9929
7287
50333
72110
53094
38819
5449
88666
15448
50310
94054
31942
78005
16430
3384
23979
72065
54914
67719
4308
24678
57251
9882
88227
72522
37722
39402
1447
58252
73307
56351
69855
97007
83367
36276
61171
67461
32735
55373
97064
69192
61281
22232
8084
83189
86408
59242
52911
50551
84187
37287
70408
71262
52612
3355
56904
11840
34103
69993
39227
81678
69621
23216
57281
83185
38778
28285
64560
74688
73110
80397
43185
40758
30553
54817
76647
66869
63049
15862
52448
32448
12616
42625
87083
23063
78471
21390
338
22415
1944
25893
32764
70962
53901
88833
18483
66255
69001
33283
83909
47640
41759
38787
61222
15776
5536
91852
40772
14149
70823
74067
38998
43308
25270
77683
96739
61253
84629
47253
92816
85861
56971
82308
71664
5171
78233
55624
77711
42046
90804
50584
75360
79406
47247
52727
44876
96114
23747
97261
77275
39258
95927
53513
99019
54406
35003
23696
78362
43221
2402
89867
10774
64324
56883
25193
12104
36199
80744
91393
70353
6724
96255
727
48326
2500
88962
39541
30206
14914
36768
14855
2968
86500
3383
55707
67776
67301
15092
37532
52690
25787
36317
22708
51312
91972
22773
82269
30106
65642
42242
1472
67416
68825
60113
72459
66637
30025
5179
34316
95967
16497
17203
86745
32685
75469
25156
97321
17311
15508
48188
50849
44576
54602
10567
74753
14006
59266
5793
32470
8649
48524
97295
23432
98764
87342
80103
60246
6086
66158
6820
72798
91134
22923
38160
52846
8892
21660
57375
98084
37259
16274
2402
77275
14739
25236
33996
5788
78964
85331
490
90346
44754
60637
68472
48862
2260
17809
52228
71523
44012
96666
93149
44930
18372
86071
55218
68860
77149
75706
82016
12378
96355
53076
1743
91423
14286
28779
45343
99459
35093
87906
16633
8249
49189
32333
22415
2371
31224
32500
99742
92729
18080
91022
16758
63908
10112
27183
87676
91631
34188
27560
64830
92050
76674
19671
92848
60149
73796
72842
79754
87054
90681
73785
43964
1899
4016
12312
46867
23633
80461
54191
81745
61163
37567
31719
77392
30910
675
3395
98780
45372
22016
41069
20091
92251
67439
23297
28158
6626
18521
40885
17564
29521
46281
87204
2217
45818
84756
40472
59948
30174
27461
10086
29204
82591
8484
30357
25585
27468
19967
95698
26068
37606
91154
67159
70268
71843
74829
10796
66342
31533
99942
82413
44423
38350
56562
17188
44386
16476
91650
77561
44590
49769
61582
65198
56700
5721
55054
31929
95209
68574
24391
58535
75091
98224
67544
32961
14038
61902
97734
59550
99186
52941
68642
44812
78167
47754
92980
95798
99944
73074
38746
15291
5758
52466
19272
58346
7213
55358
41966
43206
83173
90145
76031
45750
93201
46201
84956
22447
74880
74443
60755
54629
42362
93284
3344
96235
1734
8040
20412
49285
11994
2445
90906
19978
8759
19206
24032
23342
53585
65502
92510
75205
16441
1621
67018
73530
53969
71567
64492
61729
57108
83094
29478
92709
4723
71828
83197
18198
18286
10196
65319
63593
63720
34840
17489
64548
46432
77548
19633
49918
79092
45542
4914
50793
72680
43493
86477
39603
62275
6010
83183
68373
36384
55904
50634
99434
5911
49905
20192
92379
93041
47898
13854
67654
30990
86752
50985
77548
54542
45394
7335
68963
89898
88387
40518
79538
66440
53036
42417
81726
31101
16576
76595
67596
19976
35737
43678
12660
8351
97076
24748
20592
66500
26523
55412
23003
27776
31650
67959
47428
45491
18909
67882
71779
71823
8175
38335
23272
73194
55137
2540
51293
95945
85628
74329
97155
62432
94360
97875
82684
31201
4442
88564
94813
13367
14591
20670
15218
11924
94060
22610
55149
96023
20201
40018
43374
66382
85050
36633
48004
12392
77782
23651
11479
41718
271
15251
44317
54673
43849
28219
38124
79787
81147
40013
98810
17096
69857
10459
31018
59904
47997
65359
38174
17283
866
97982
50505
40862
4139
99387
80443
39145
75425
68842
93672
67729
77255
48467
22922
32033
55284
46303
91384
69856
12347
47372
20822
9982
29879
94515
7129
1195
16165
26656
98160
45537
73168
18194
43326
20014
61841
56682
49840
5828
11459
83176
9814
8306
83554
13377
72153
3343
88623
7533
8798
13465
20453
99409
50836
67673
79274
42480
90653
37988
32469
71576
36541
36835
3967
22218
12969
66993
93746
25171
19285
13381
86747
53763
10696
32049
66353
7825
1352
64251
23156
86595
38693
44597
87924
9923
11879
45416
48231
85980
5842
34249
30900
53103
25972
23578
12037
38722
49137
78191
89559
39311
65614
8501
11931
78806
2608
8754
50256
40212
54393
80423
8593
96694
49135
4498
6041
44204
8884
20575
41534
89785
7547
67375
38444
99782
22925
13414
16607
5926
17307
74092
84382
65524
87836
86535
60331
60649
57112
88621
7361
29381
80706
59520
63742
42071
89837
77575
6942
1893
56328
2166
56188
77887
98707
32221
33877
24753
33940
6751
90047
48857
80981
76310
74098
38933
2547
26046
46323
44188
13085
36415
3929
93517
66600
72870
62489
61234
53061
76867
68918
12148
83308
27263
56917
52220
61779
42360
66195
69250
7234
61500
20460
43824
31069
46968
47718
58782
51785
31785
50989
13188
73884
64447
94338
33875
50553
3448
97823
71535
95271
19630
55277
12980
71240
19658
36102
3625
3833
50083
12232
65461
1119
21748
55535
59311
50406
22597
28869
78079
74843
49309
82582
34527
3791
79209
30151
17086
99028
2276
46813
22061
626
64289
64200
93002
11001
67602
98657
86783
2186
95743
31717
79057
49270
20414
3437
30684
53967
38033
41503
2182
70335
99082
97039
98386
95776
90842
91361
85867
68660
61418
91799
57972
73535
31725
93060
38699
87186
46415
30107
60155
99397
95696
67709
93029
85087
76332
87669
22679
49082
5950
22847
58511
48772
41393
69400
20116
91378
39709
64531
64557
97123
47805
84300
36872
28918
12419
37860
58185
86901
12286
26171
81543
14633
30471
81500
59913
12825
11414
57052
69688
55641
95242
4131
25239
62591
31649
82093
41988
20549
62330
49862
42093
5463
89995
68988
19421
80067
36711
30878
55965
19034
26613
87353
20908
74855
28593
75759
23581
49475
96424
99863
59076
38611
81570
69580
95515
29107
97489
53063
6847
48694
328
90290
73270
18923
74417
23859
46631
93121
53556
62453
60515
36717
79265
39122
34215
55975
7976
33281
79458
12005
22173
88566
61220
87735
96293
7961
47237
11528
26341
37238
89994
91666
41451
1357
34859
69949
73379
80822
67135
82541
87793
42283
67787
99922
816
48509
57595
53852
42398
66023
55809
63842
1560
99802
67894
86890
42236
99596
77984
36761
96758
16107
28655
20687
38358
14892
57671
70180
50004
93590
4971
35889
5467
34340
94776
97482
69463
28303
27853
43484
74
48893
67818
83317
19317
41884
20373
64860
28293
33559
57198
11898
17875
60753
88040
77133
54165
84810
56693
69425
18408
95120
57010
77950
54450
31181
54112
98983
51310
38686
22155
33266
22574
44016
31726
74804
5842
19774
82845
60486
6485
62677
88383
57979
88345
50102
76440
83342
50615
92720
29817
34069
47338
37993
26266
98570
23187
14372
87942
27031
25021
28310
79996
80830
30420
4140
45714
42707
96258
92953
69472
83152
94413
2757
56067
53015
68692
58490
80095
77813
22026
1273
61220
68721
15693
87526
1833
83790
72267
57898
88108
64836
41975
65809
29816
2624
21618
90840
20245
6853
91939
39331
15224
65251
26999
80828
23519
48558
89175
35185
86429
68137
30080
58577
91110
36836
17860
73232
38534
95051
44202
27874
44619
30465
53124
4465
55450
63202
82531
25052
92202
64349
87772
36066
1960
8882
41378
689
93752
70852
88634
32050
18783
75446
32041
82185
6091
86779
72441
69499
37381
71704
79110
45134
74270
43076
15255
81983
58079
85603
95662
1099
18117
63638
1161
87478
38890
81887
63756
93883
10743
47982
71003
78066
23707
37291
96872
77209
86257
5400
44645
32356
96847
52478
95270
38743
42070
58389
34634
90394
74762
73132
40355
33745
46232
36006
61969
88912
34376
58742
17573
85517
47031
99048
69823
57728
58212
3867
52008
81374
91655
20629
45585
9431
35865
61452
9070
86648
48628
26174
79314
51712
7577
26291
11245
23932
15459
32834
14634
71700
14937
17017
75544
85628
37291
17485
17634
2112
1436
12470
28295
11146
85471
89245
90814
1338
58025
45272
93003
54280
92854
51376
53057
64361
99120
96668
15332
16740
56701
59034
71751
79267
63292
1636
78475
22372
35235
37181
27980
97149
8231
1829
8364
87555
51938
87415
74066
50211
45686
