44739
41823
7047
7928
83629
5172
15379
89030
74823
4475
86290
34841
61037
75256
77910
30814
51898
44568
92711
79629
33174
7630
5517
57579
20129
1073
71755
96080
66378
60744
53275
13827
89286
73409
50732
857
3309
63746
53811
93851
72558
59189
68594
49818
43371
31127
98916
77010
41731
29471
22675
33296
56334
75036
97214
46705
95592
82707
69196
8799
69520
44266
54200
57422
5022
87397
57401
2245
76067
66631
28260
82459
80058
19653
10698
4778
50935
1299
68990
21927
20972
15337
26482
32912
93795
65751
34942
37141
91670
32575
70494
86017
3114
51271
59349
86325
43495
38109
73534
2622
69898
81526
7814
67977
88223
68026
12450
66066
12612
47529
38856
85979
12421
50279
26483
23961
89918
43680
23927
21777
89212
13678
32390
47342
78509
71145
82894
51386
29017
49719
33697
14520
15050
13393
99636
98290
76949
44394
32041
70745
23192
75251
27312
90164
84431
99200
86911
23248
23460
12729
34998
17558
88006
99200
48000
85988
25247
58318
83722
67543
60457
91861
98780
90291
64853
7845
77342
97183
70705
64901
25307
63657
79965
17184
89842
56310
86684
66208
68495
12288
94133
83257
45922
39493
47679
1210
93901
56838
10256
41600
22185
2131
58268
48320
94833
33864
7964
28731
55831
64895
79778
40895
93611
93448
71567
64790
50775
92988
46113
16335
26853
53865
29260
69091
45760
74415
92671
97111
97957
98199
1601
30824
50153
79664
52892
66155
92370
87497
1487
52956
77198
19767
52599
148
34098
81500
32640
68503
54726
12627
48757
85607
26056
44363
9570
56424
13393
69341
63135
78704
67509
69099
93036
48046
29198
79268
65509
51930
64279
85101
60167
49441
35789
83892
42263
51603
42285
1355
23079
4372
27657
84418
1247
27987
76986
47430
85714
42839
56052
40207
72986
81124
68023
94724
94903
83013
66856
62924
16547
11536
82227
29358
11982
64914
58215
60438
56598
29609
20769
5229
5990
22076
81536
42997
8749
92946
3040
50974
56568
70696
86658
52280
74511
50315
62608
95899
79052
53595
83997
34360
92800
52337
36980
69989
11416
29208
1686
69607
54752
82386
31009
37441
41651
92282
83221
83900
12690
9351
28008
86751
47272
47631
62265
23987
91351
80854
36700
60037
66307
32705
17352
18146
43398
35173
80976
35045
74857
26992
44361
61637
26017
99782
82946
86153
66163
62091
62383
30545
23663
1943
74786
70173
25167
7923
62522
56263
27624
60978
30688
42401
76123
69031
75542
10359
68044
35023
99358
33436
47445
73958
46847
33962
78086
5966
87632
14287
73059
11601
72885
53834
42136
79358
71988
5659
54588
53811
8501
51631
89944
74949
83216
38043
31284
10319
54615
39112
59098
67797
74573
23532
61836
24351
59890
389
78683
10810
93804
79332
67545
52077
61383
23120
61295
88392
35538
448
22601
36057
68622
87191
10103
25332
53499
77131
58230
67630
15539
77621
58532
24420
50791
9986
75231
20408
61277
82865
67637
11370
33845
63628
37684
32418
74803
14435
65263
18386
72291
28387
6697
21046
38465
82298
2057
19548
85749
18213
77154
46674
68905
9965
60080
15133
50924
54127
48487
26305
81428
23892
94648
68546
69161
94607
81753
24371
82943
54876
69820
60925
87293
18887
96300
49457
61901
70134
81530
86472
31489
82139
85774
49961
49387
91726
97941
81530
42811
74378
30215
12911
84288
19174
45631
46244
28681
83565
57776
78977
48859
16177
81607
97337
30529
44690
63704
67455
84363
64580
81024
8765
41564
4964
41087
78705
35539
37647
8361
51596
42234
76345
44790
43829
5947
10733
36079
62171
48900
59696
25098
68789
90474
75711
51735
16186
30587
40251
64042
71206
7908
16531
65326
43759
21224
49744
81336
51271
8258
27337
78016
35032
18406
11028
13412
66788
96473
83369
33571
96624
12741
40763
89506
5512
48974
75233
82896
2992
58472
36589
54893
90771
43360
61865
90717
64800
58068
81887
53679
90165
60298
61259
99794
83357
5003
91751
68995
21777
1283
11004
52524
32460
9477
93611
98015
3801
79184
77713
16682
29441
21302
50506
6978
56839
10860
14823
12379
79339
89408
68472
43199
51195
54853
30730
96483
94709
62211
78153
10331
32665
22151
36211
41642
81109
9607
83043
94691
31261
12798
20642
68489
85431
8232
86173
18676
3631
90166
70684
28547
58972
38263
25702
54383
62956
99078
281
14266
89495
49502
63470
49488
60545
88728
65848
50689
10975
89741
30982
66210
90054
1535
51654
14781
4587
58836
2321
80622
43601
36532
91212
84119
56492
61573
66529
89012
57979
62441
8351
76956
98665
18299
4100
10555
62602
18110
63883
36696
75274
99398
37044
41228
51925
84997
31845
96201
3897
17137
73220
38392
24261
96272
64207
73114
40688
42732
58015
75749
7089
87196
45121
26174
67352
71828
95486
63082
25556
73950
12278
1469
51831
18670
13075
76820
14395
54191
69808
42180
66552
54583
78870
9163
67155
66797
79002
28798
75881
79294
96343
34253
85282
86801
87805
4822
9221
23492
95830
66700
49824
3206
47022
57844
95604
84804
14300
66611
46080
17264
51863
22844
90087
84586
62142
57742
65611
53038
95752
6896
78525
4363
53282
58274
10637
1132
66466
61302
14149
21531
24169
90224
59457
32781
96169
52643
45496
25598
57640
32451
8515
32451
13927
3618
41715
35749
14794
62337
91213
5774
18424
10881
3897
28154
79403
23113
27730
37761
82996
59924
26782
5790
42578
29624
32416
7848
34233
80300
39695
70316
41963
62185
42965
30811
36402
31245
42134
43628
2768
62360
87607
96873
65109
79887
66510
80942
49338
37998
88994
36362
74104
51307
90146
34491
11144
81308
18585
45714
20762
93715
5946
66231
27518
6845
32255
81537
44861
29109
45326
58836
60465
96304
65717
39938
8268
92432
96976
83115
41114
94669
76119
18201
9763
91333
71483
69933
3522
74598
64627
91854
86956
37890
10053
63345
64119
26020
19596
65509
64754
49327
42962
6189
74851
77632
38250
63179
18719
49393
95851
57618
10535
94523
30986
14555
61156
71975
22944
11498
69560
94621
33608
4252
89816
2352
50257
65614
30797
97178
84382
10862
54951
31115
48438
34852
67189
98877
30204
17423
44196
58255
10327
20297
81424
91847
77388
24734
88404
16314
94004
3173
87509
86885
13732
86492
14553
42743
87079
82273
75948
16780
41391
98854
34865
85198
61378
73781
60926
55788
65671
87559
45082
72999
9230
51882
20836
99456
11514
61916
60813
44807
12012
90408
43536
64774
42162
56475
82548
