46690
72114
42351
45998
35992
48452
55034
53281
92099
17374
89600
60378
18065
64054
43960
82651
70416
62678
61051
17982
49233
79942
10966
13078
81277
42777
10750
45307
91898
81649
68594
47625
74649
61836
12146
89454
28719
89215
17594
6222
34593
45011
84149
18816
56735
22474
42370
12030
9004
89873
46886
65120
43152
67677
3041
56167
19391
1652
53360
68790
25811
58800
98630
40138
84905
39352
86758
42927
85586
48707
82206
2672
26937
73317
60435
12790
39277
70380
29201
63499
92425
40602
85623
8782
65049
71930
65101
72703
45863
72764
39724
72522
33682
3924
47088
46187
81929
80966
34761
67615
