27842
84860
69504
74004
56552
28948
2196
9125
78537
57158
80758
60152
13220
16387
75356
21105
83836
77774
1347
93968
71082
73015
86317
36326
35735
65969
2699
61578
36775
88914
898
68033
98517
23366
64874
5673
97931
28290
84713
74660
32941
58664
41552
2984
16883
61710
37913
21770
58768
82993
7780
46306
91698
1475
34612
7992
3344
61977
87566
43962
94737
16466
40990
47814
50940
65367
19290
75778
72339
69959
9354
21624
52625
83058
8004
66743
23608
51023
52745
56493
40875
85591
62259
68276
83731
20052
46075
73207
85576
42629
48116
75707
33518
75155
19899
77975
25996
84572
55704
19895
37470
3286
38483
66818
1708
5502
63318
76942
92458
5781
96067
11156
23789
41960
73124
28120
41078
52310
5268
23699
38379
58189
96420
16256
87944
59941
42269
73987
59002
17916
17762
13999
56084
83256
81056
23260
55086
97811
430
55189
67532
44715
29265
41373
82121
20729
86286
22821
68859
67490
22737
66654
18901
54485
35562
2466
5739
6828
27605
83969
59601
76376
79606
86634
26507
96867
68830
66302
68122
14963
26372
59277
45080
78864
21699
63608
36201
13803
72611
68107
44905
94357
87711
36061
46658
67618
26878
38341
12191
97482
75505
17204
61654
20560
8962
67064
57706
70826
20540
46304
1249
77080
20804
8410
41519
33760
95217
11190
49889
38519
56440
17367
97361
88810
32834
10147
90714
20079
13284
53996
53084
72327
86651
92976
2879
5110
73953
30174
93405
42110
12513
92533
52317
60659
30397
77141
34272
89110
1425
94494
8828
11431
88810
49216
62290
72191
46087
834
28709
50826
82390
66419
72524
20943
82494
95946
36730
90092
62172
99757
10740
87148
36426
97380
222
81354
1647
54404
39842
64456
86231
5421
87278
21871
99659
1518
93836
94015
94457
51660
79094
74743
12632
9381
75041
26685
24081
23565
93396
47211
41164
80689
98974
62375
63949
48516
28127
98459
29363
26614
85636
36545
12679
32553
48433
56491
35371
29888
50183
45182
36194
53948
36837
23068
44701
42835
22658
81975
20807
17490
26220
34318
43829
25452
57014
25512
58428
2138
99095
78460
60211
8476
65049
68935
51532
96297
10770
67370
24055
48128
81097
6303
64386
99156
6140
79487
94160
26008
60371
37451
38223
85900
70848
41804
75992
63153
2645
77545
73698
12369
67745
98271
60546
3064
30306
49009
8703
35385
78933
40819
76415
20089
82670
63182
48439
49700
56937
22553
33323
2986
82001
25079
13369
96120
64835
10589
34526
9823
70960
17867
47004
63655
93387
91711
56537
80832
32092
29605
40571
81449
37891
17873
7057
92808
36036
72366
26156
35004
61631
59060
46126
41200
41665
22590
49355
33087
72990
70901
84085
8125
75209
48357
49980
45113
97455
78814
7730
17503
14604
76290
48468
93413
64690
67014
92312
88989
41123
43149
41015
61381
7533
47027
19439
44523
60286
59765
36976
12798
6720
88101
92382
72500
16177
87430
90945
79841
91552
90410
16239
50791
54914
52348
86105
79870
2574
7477
55328
77277
36836
23133
48011
4470
41119
73088
70580
55203
73620
84061
82660
74594
67380
84025
77948
41967
33375
29925
18969
10526
40626
40674
42606
16742
43127
49045
51522
38440
83377
66404
56461
10816
86728
20634
60660
34169
77993
63228
91609
55021
50073
37559
52785
18128
42001
87366
90652
23551
68201
80115
6658
13961
71005
93347
34643
10589
93344
23792
18386
50111
1469
39604
41109
32811
37821
62149
9314
72747
82797
50582
96048
96646
80607
84072
54318
8268
8882
58852
23227
46407
32743
2159
87500
36572
30353
90734
63112
85599
56815
53081
15078
40622
1699
81760
59024
79122
23559
6034
14193
98008
2215
73297
48779
96354
70413
25290
29073
85152
58103
91175
8893
67361
35834
22337
99214
36389
69997
64805
71031
34084
52989
91145
54338
78981
25858
9240
42032
99551
28743
74099
56454
78164
19375
57596
12166
24905
75418
72178
12970
19309
37312
15293
94981
94303
56463
8931
38064
59338
92155
13880
63929
90037
14481
58317
49416
91513
45105
28836
31719
68089
1291
22264
46122
74179
82812
18505
9431
2686
23220
83650
84441
4179
29992
24647
71471
9316
22975
18233
83570
72060
71430
571
93391
76935
64093
51833
82944
31330
89095
68090
38685
91603
86734
48088
7111
86769
95056
33862
89555
48694
91030
31783
94722
40150
48178
27146
98824
14121
23346
41047
270
32526
51705
44766
40452
92735
17793
89674
87274
51359
98403
24182
17525
58781
84119
3386
32325
36776
93020
67311
44979
2250
5255
37491
72381
65395
8673
83467
23648
64484
59731
56375
37931
3735
28348
98745
85679
52906
62089
90276
75525
59883
25719
21965
23325
26643
68409
42033
6603
86564
88496
89489
68220
87270
99222
22958
26370
74354
50302
80430
51039
10350
41430
39953
14510
55555
64098
48554
9510
3107
73787
36041
17730
12455
30369
27188
42272
84799
66438
33850
36882
36714
48138
76702
17608
92836
6054
31124
30188
96661
8831
99834
25780
58440
23420
50015
28627
66813
5064
12428
37480
91217
77269
12428
33252
15806
64960
60309
79801
86108
86619
60549
743
17960
71702
21638
50004
58582
26125
88003
70432
50515
61381
3982
19242
43715
44466
53874
77372
9676
55948
8763
15223
50944
33822
90485
99403
89005
36438
27201
21563
14043
71234
19536
95749
49786
46121
4549
88690
79846
18518
65861
73630
15017
44710
60777
28052
29771
72464
69486
58967
69983
78376
99873
14610
55261
54241
35863
20358
67745
10512
18861
87757
16261
10890
2394
63767
30055
94192
99736
46607
18412
96642
68257
33130
62384
82420
59051
77894
92434
22539
11823
18657
56054
20923
11577
59771
63042
14156
3960
82469
56215
88245
96215
23089
90808
14412
1885
47811
56963
30592
27649
59557
36051
83067
81913
45555
43570
51664
30055
65261
76728
89331
91652
9495
29880
22975
65684
60639
44482
60136
80696
47240
21841
41945
31089
7414
80373
88370
3188
67632
26079
35706
61647
20512
75688
44755
19287
63355
96685
5599
33048
13724
16884
69306
56643
28840
17687
81508
15311
46539
61756
11810
7924
13328
3479
25395
8259
15568
84632
50938
70405
44027
95573
95119
19004
36992
5827
27635
78416
75149
12304
24772
21346
8919
87852
95886
91712
8414
65716
19025
76554
41219
17935
90465
32214
3526
85463
8359
55490
67829
82509
65134
8979
78847
72615
29508
79832
14992
22066
41585
98374
97479
7854
3652
36526
25641
79972
29655
14361
74032
98
