50856
49195
50107
49858
50076
49868
50676
49028
50264
49989
51269
49622
50111
51299
50214
50068
49518
48464
50860
48130
50029
48279
51345
50511
51205
49095
48735
49436
50161
50316
49471
50702
51123
49120
50651
51241
49185
49143
49494
48880
49449
48197
50910
51234
48798
50745
51115
50831
48123
50570
50276
50216
49039
50447
51243
51697
50725
49480
49462
51563
50010
49575
50434
48052
51421
50397
50327
48241
50114
48802
49976
49484
50230
51935
52049
50367
50735
51204
48614
51464
49330
51811
49847
50360
49243
51275
49732
50444
50572
48523
48617
50115
51872
50536
49103
48988
52233
50164
48260
49021
