53946
7456
90639
65296
61537
50612
60408
44055
15168
87818
63502
18621
15162
50800
47711
87648
47004
12748
42191
43342
75567
35195
30687
25635
53483
34257
89269
11681
58457
48811
41229
4609
76855
79496
17881
57062
9408
38384
50182
56822
3773
22253
93097
83601
37202
27411
60936
24502
45612
30719
69981
75448
76949
64936
35490
88516
13269
44738
19011
10648
78975
23082
92841
97479
90916
29524
61289
33952
44790
42992
95765
60706
32477
61685
47801
40003
57509
28590
70720
21370
28583
4050
68644
90962
40048
79725
67337
19862
36662
42531
92965
88181
31928
89358
79968
96723
135
45467
57337
2118
