49447
50206
51704
49789
49592
48966
50110
50291
49991
49972
51429
49741
49275
49924
50742
49786
51286
48785
50683
49831
49526
49358
48721
50717
49204
49821
49056
50613
48687
49306
51405
50592
50569
51403
49149
48072
49953
49352
50241
48798
51321
49966
49738
51909
50799
50671
51607
50711
49214
49556
50308
49449
50116
51116
50377
47481
49396
51200
48314
50259
50385
50002
50321
51326
49322
52036
48776
50887
49246
49831
51081
49075
49336
46941
48858
50557
50746
49060
50652
50691
51151
49382
50295
48970
49628
50366
48108
49176
49178
49334
50573
50831
49519
49782
49335
49918
50364
51505
50160
47806
49408
50912
50239
51171
50151
52614
49586
49396
50306
50400
49357
49712
50670
50587
49864
48678
49726
50155
49553
50634
48735
50493
51074
48221
51490
51067
50416
50518
50276
51234
49347
50515
49441
50591
49694
50076
50362
49907
50715
50048
50064
49049
49647
51135
50076
49150
50930
50978
51216
49226
49950
50192
51129
49874
48331
49943
51859
51690
49152
49689
50923
49994
48613
50662
50066
49789
49775
49833
50967
50574
50527
50162
50550
48845
49115
49890
51543
51008
50281
48486
50728
51013
48961
49459
51162
50130
49873
50195
50113
48745
49522
49590
49195
51164
49234
51025
47901
50413
52178
50497
48202
50282
50335
51990
48820
49671
49511
51352
50938
49830
51563
49880
52099
51649
50737
48641
50400
50157
50873
51287
50955
49904
51187
50598
47591
50020
47946
51439
49591
48313
47977
50700
50850
50903
50266
50645
50497
51640
51053
51200
49599
49363
49519
50845
50119
49850
49440
51395
50451
49556
50438
50971
49350
49523
49822
50076
48986
49496
49865
49602
49200
48296
51213
52445
48980
49344
49959
49907
51388
49460
50292
48789
49183
47246
49948
48776
48577
48497
48668
50280
50966
49051
50397
49219
50565
50831
50496
51696
51143
50555
49986
49843
48321
51827
50824
50749
50359
50256
50481
51153
49440
50431
51948
51285
51452
49671
49556
50706
49454
49005
49898
50756
50655
50917
50586
51560
49942
48075
48761
49947
50184
50885
49639
51831
50662
50853
49636
50807
50516
51855
49649
49250
50640
49399
50448
51608
50436
50745
49706
51196
49162
49718
50964
52071
50852
48784
50655
50114
49841
48997
49565
48922
51106
51342
51483
49649
50736
48204
49808
50275
49930
51751
49589
50528
49170
51179
49843
50745
50931
50645
51212
48866
51547
51246
50983
49903
50048
50089
51333
50978
50513
49619
48818
49822
49975
49787
50929
48915
49019
49899
51048
50409
49674
50769
49638
49812
50426
50834
50784
49937
50799
49706
49463
48972
50862
50447
49121
49422
48109
50182
50538
49669
48548
51721
49433
49371
51312
51198
49789
49666
50967
48816
49631
50292
49556
49832
50010
49143
51636
51280
50007
50282
49768
50821
48450
49478
49199
48565
48718
49741
47775
49557
51685
48732
48408
49085
48766
48731
49510
50508
47971
49824
51629
51355
51341
48566
49350
49375
50683
52417
50389
50759
50711
50361
50048
51660
49607
49472
47365
50538
51492
51536
49627
50773
49843
50695
49518
48382
49042
50614
49544
51897
49369
49666
49749
49901
49159
51093
49616
49850
50654
45026
50333
48858
49927
50335
48458
49281
49675
48694
51092
49620
50621
51214
50872
47994
49145
50179
49062
49362
50628
50092
49071
49825
50340
49227
50158
49525
50328
48982
49118
50020
50703
49748
50818
49650
47806
48445
49867
48416
49820
50136
51666
50442
49066
51451
50345
50689
51445
47978
51302
49544
48995
50541
51896
51142
48734
48447
51512
50279
52204
50186
51467
49705
49116
51040
48201
47975
50728
48334
49083
48923
51364
49108
49371
50623
50453
50120
50337
50751
50603
48861
50006
50245
50020
51255
49740
50680
49066
51619
48177
50739
50736
48336
50854
50250
51663
50063
48945
50001
49890
49964
50832
49021
49767
50766
50696
52219
49510
50283
49779
50931
51445
49021
48005
49362
51503
51145
51763
50938
50568
50877
48779
49547
50497
50351
49781
50820
49603
50343
49861
48501
51544
52714
49346
51671
49720
48934
48639
50472
49582
48489
48924
50205
51394
51082
48083
49397
49091
49371
48260
49541
50224
49116
49950
51015
50270
50526
51239
48808
50902
48530
49383
49035
48543
49570
49661
51448
48634
51568
51628
49476
50875
48678
50340
49421
49126
50605
48257
50626
49485
49093
49749
49837
50210
51819
49356
48976
50318
51474
49348
48809
49215
49246
50587
50482
49538
49599
48600
50571
50259
49694
49609
50477
50669
50658
50529
49422
51515
51009
51286
50974
50722
50392
49208
50751
51373
49333
49650
49117
49206
50099
51027
50396
48402
49205
48209
49764
50114
50153
51786
49314
50217
49486
48513
52038
50621
49333
50229
50098
50309
50398
50212
50156
48861
51814
48726
51422
49330
49664
50236
50360
50405
50270
49896
50928
50995
49112
48645
51102
50767
50122
49759
50373
49683
50439
51684
48180
49891
47427
50528
49362
50842
51827
47495
50597
52115
50533
49924
51562
50422
50794
48518
50503
50512
51086
50162
50713
48034
49681
47998
51359
49477
49958
52806
50834
51270
52036
50593
49929
49294
48389
49052
49601
50678
47399
49428
49881
50687
49415
49045
49940
49702
51391
50787
48509
49660
51733
49868
49754
49765
49989
50615
49625
48623
49804
48719
51177
47617
49920
50506
51076
50355
49024
51289
49733
50614
51470
51057
49984
48102
52006
51493
49579
49584
48813
50339
49624
50857
48077
50800
49941
50911
50246
48248
50029
50100
50391
51566
51231
50177
51841
50322
50436
50077
49269
50507
49304
50313
50671
50667
50902
50439
49145
48867
49410
48637
47533
51008
50456
49681
49817
51359
48645
51358
48822
50618
51494
49078
49600
50921
50085
50000
51599
48792
48117
51489
50557
48812
52073
49721
49499
49506
49374
48499
50690
50121
49184
49420
51629
48734
49698
48642
50407
48416
50821
49699
49589
48770
51126
47874
49813
51536
49841
47625
49955
50542
51031
49884
51659
49300
49179
50678
48022
52787
48736
50404
50999
50371
50486
48847
50450
48303
47898
49014
49815
50477
50659
48835
49638
52012
50533
50506
51688
49433
49022
50413
50113
51547
49419
47295
48645
49532
50816
49111
50998
50156
48330
49408
50059
51718
50020
50680
50784
50478
51367
50097
50046
50060
50108
49869
49506
49350
48392
50590
51601
51888
51443
50410
51262
48704
48536
50578
52363
49165
49203
50705
50514
48524
48806
50581
49881
49232
48820
51657
50306
49596
50129
50237
50539
49583
52161
49712
49567
49361
50726
48969
49855
50733
49466
48884
50490
51745
49824
49975
49322
49397
49820
50261
50200
51016
50405
48942
50902
49585
50125
47894
51774
50418
50169
49151
51108
49922
48434
51818
50267
51536
49797
51667
48024
49792
48846
50793
49737
50763
49193
49342
50873
49569
50793
49117
48025
49135
49245
48625
50231
49174
49749
52168
49412
51881
48085
52395
50502
49719
48970
49387
49693
49445
49954
50495
51208
48613
49509
49108
51115
51017
50082
51345
48629
48470
50951
53491
49230
49560
50458
50891
52648
50284
50440
51691
49126
48741
48871
50887
49338
50463
49036
50383
50957
49074
48991
49731
49925
51213
49419
50847
50374
52876
50366
51373
50299
50071
49449
49004
53543
49550
50025
48987
49503
49069
49383
50673
49880
49742
50772
48762
49741
49827
49824
50286
51321
50011
50300
50874
49541
49663
52235
51054
52817
50589
49160
49074
52036
48635
52225
48852
51309
50556
49284
49943
49987
49160
49651
49803
49577
48166
49590
51176
49479
50056
49927
49956
50593
49958
50392
50900
49296
48920
50584
52017
50259
49297
50942
49781
48480
49446
51641
48169
51263
48481
50146
50325
52011
50673
49887
49582
50347
49986
49341
49069
50333
47861
49749
48673
49913
49271
50635
50630
49384
48547
49953
50261
48812
51578
49826
50926
48952
51010
50746
49638
50825
48474
50323
50080
50769
50903
49471
50293
49192
50317
50889
50195
49854
49997
48664
50908
49777
51873
51969
50042
49074
48345
48934
51838
50112
48886
50647
50636
52086
49712
52012
51073
48910
49515
50879
50143
51033
51585
52226
48016
50494
49571
50460
49906
47149
51639
47983
49013
48285
49294
49608
50021
51400
48528
47808
50397
49519
50805
51471
47906
49545
48865
49903
48154
50824
51133
50008
50067
50203
48651
51212
50955
49231
49692
48287
51175
48512
49895
48565
48313
48745
47936
51065
48101
50629
49216
50143
50606
50684
49084
49606
49979
50482
50021
49812
52060
50023
49040
49491
49760
48595
50883
50565
50560
51093
48372
50617
48255
50697
50565
50103
49883
49231
49306
49107
51468
48199
48027
50904
49802
49893
49281
49936
48760
51650
49248
51285
48234
49328
50732
50058
48827
48823
48383
49725
50111
48299
50098
50790
51187
50530
49611
48668
49700
48738
50353
50037
50557
50252
50194
48954
50194
50658
50716
50754
49404
50127
50097
50774
49357
49437
50611
46883
49913
50142
48349
51573
50017
49499
51354
49565
50463
49068
50023
47671
49580
48809
49409
50792
50017
50213
50368
50862
50633
50893
49653
49957
48837
50335
49418
50651
49988
51005
50877
50039
50620
51483
49212
48981
48387
49993
49794
50588
49264
50294
49310
49656
51495
51055
50523
51481
50798
48741
49776
50153
50706
49324
48809
51371
49325
51625
49589
49372
50658
48652
49197
49157
49724
49621
49830
47206
48775
50938
49710
50189
50609
51361
50255
50291
50653
50279
49863
50135
51325
48958
51271
49920
50142
51185
51040
48207
50150
51065
49740
49679
49130
50066
52098
49662
50401
48230
47940
50437
50444
48209
51374
50057
50727
50698
49831
51524
49193
48434
48889
49290
50549
49484
50326
47951
50524
49144
50437
50201
49770
47364
49851
50741
49989
49657
49287
50827
51320
47381
49664
51268
49030
49244
48408
50133
49469
49556
50037
52013
49541
49280
51463
51208
48668
49187
50263
50444
49157
48681
51096
52005
50442
49545
50243
50798
48414
50203
49552
48720
49220
50489
51022
49894
50013
51823
48806
51043
50533
50605
49948
50570
49186
49358
49600
49983
51390
49578
49725
50342
48912
49479
49520
49536
50515
50631
49883
49734
48931
48557
49519
50849
49010
50049
49968
50414
48806
49530
49999
48880
48948
49387
48365
50015
48508
51367
51303
50778
49054
50511
49909
50020
49374
50181
48323
49807
48650
50503
49004
50197
48806
49613
51888
49298
48568
50217
50823
51097
50379
51115
49872
49357
50707
50193
48449
50745
51459
50216
48303
50098
50323
52022
51215
49788
48665
51443
49276
50197
48821
50598
49775
50229
50946
49507
49513
50550
52024
50806
50243
50614
49203
50674
49968
52198
49280
49452
49691
50783
50227
50264
49625
49909
50306
49523
49578
49464
48782
49885
48986
48950
50276
49891
49407
48988
50013
48737
50056
50642
49915
50968
48499
48907
50121
49076
49255
50027
52236
49922
51046
50489
49031
51989
49573
49608
50236
48587
48982
49421
49563
49579
49872
49393
49964
50267
51116
51293
50717
51104
49749
49073
49847
49159
50843
49952
50974
50162
49856
49299
51691
47150
50071
48434
50421
49690
50174
50832
51637
48295
49530
50380
48859
49942
49970
48742
50393
48687
48323
50209
52528
48682
50534
48461
49402
49908
48816
51281
50141
50168
49194
50000
49712
49861
49908
49294
50084
51571
48869
49481
49560
49021
50897
49120
48266
51018
48803
50591
48435
51442
49052
50739
49732
48363
50661
49204
50738
49686
51538
49930
49738
49679
48771
49103
50639
51351
49710
49283
51021
50260
49385
50045
50199
49029
50635
48890
48623
49779
50325
49832
50599
48741
50582
49615
50216
48311
50208
49458
48674
50336
50182
49446
49975
48657
50466
50942
48314
50788
50658
51168
49400
51078
50745
49757
50298
50075
49577
51876
50483
50248
50104
51075
50321
51651
50022
49695
51068
49521
51918
50041
49448
50427
49635
48524
49957
51268
49430
49492
48654
50125
50408
50154
48594
51258
49444
50094
51457
49614
50928
50127
49272
49412
50064
49752
51207
50479
52882
51369
51394
50737
51070
50449
52454
49123
50708
50661
49358
48847
49023
49948
49045
49376
51773
49919
51214
49375
49872
50452
51069
50428
50371
51197
48669
49558
50193
50569
50899
49253
50308
49560
49018
49559
51091
49085
50204
48431
50851
48495
50128
48818
51261
50864
49659
50604
49115
50126
50288
48133
49460
48838
49904
50775
49452
50431
51813
47962
48591
49745
50855
50601
49835
49824
49564
47647
50518
50904
47446
50957
50994
51412
48849
51103
49603
49397
48360
50193
48188
48150
49643
51349
49497
49786
49059
48935
48848
49054
48497
50192
50040
50223
50597
48641
51778
50199
51446
49900
50012
49645
50883
49445
50154
49609
49049
50477
49261
49463
50592
49280
50556
47571
48403
50726
49604
49584
48540
49618
49503
50320
52040
51465
50788
51550
50268
49658
49633
49405
48846
50856
51380
50648
50788
50090
49977
50973
48608
48951
48466
51538
48746
50159
50964
49784
50180
49880
47639
48400
50706
47909
51665
49029
49006
49735
49370
50627
50134
50489
50418
50708
49762
49486
49051
50711
50444
51309
51215
51266
51119
50300
50687
50784
50533
47774
48521
48813
51608
49866
50071
51277
50171
49372
48980
48482
50364
50254
49249
48396
49584
49916
47540
50649
50825
48523
50837
49537
48180
50575
48707
49668
48488
50157
53137
49214
49229
50258
50141
51227
48587
51476
50170
52285
49781
47397
49139
49462
47814
49805
49768
50691
50205
49091
50869
48726
48660
49247
48052
50218
50711
49695
49026
49559
49279
49869
49421
50592
47679
49165
50972
50502
50807
50024
51367
49339
49888
50192
49843
48239
50885
48560
50529
50318
51213
50244
51700
48330
50929
51623
47608
49500
49362
49669
49350
51534
49917
49481
50513
48946
52076
50124
49527
48255
50273
48954
49317
50918
48620
49658
47962
49953
50022
49872
51496
49967
51161
48356
49336
51236
50486
49742
50170
50428
49013
50325
49906
51122
51387
50277
49498
50278
49962
50416
50285
48245
51358
48711
50154
50124
48936
49948
49871
51150
50594
50695
50327
49999
48709
49075
50902
49851
49002
50026
49694
49071
48114
49861
50577
48248
48769
50069
51209
50076
49400
51643
50524
50540
50222
49690
50183
52010
50013
50893
51453
49488
50328
49404
48656
49751
49206
50971
50902
50050
50946
49760
50415
51212
49768
51131
48650
49509
50450
50891
50882
51040
48385
51181
50632
50242
51516
49345
50363
51430
50374
49341
51121
50883
49169
51413
50822
49908
50591
49149
50951
51433
51393
52141
49363
49528
48951
50391
49749
48092
50239
49422
48278
50785
52527
48149
48213
50898
49031
50182
49403
49644
50580
50545
49288
50691
48018
50991
51295
50607
51713
51233
48398
49315
48707
49967
50791
48633
51325
49435
48844
50149
50788
50250
47239
50491
48976
50238
50236
50782
50391
51695
51752
48706
49600
50230
49947
49399
50070
49156
51082
49752
47861
50524
50375
50997
49320
49572
50881
49265
50207
49164
52644
50839
51326
49791
50683
49420
48842
51280
50475
50321
51677
47836
51999
49113
50211
50395
49895
48992
49822
49162
49022
49713
50320
49229
49815
51392
49494
47233
50213
51693
49809
52048
48529
49442
50385
50775
51193
49719
50159
49929
49991
48404
50589
49067
50923
51352
49623
48778
50032
51370
49777
50062
49989
49969
49251
49719
51472
49315
48932
49333
49432
50491
49770
50980
50259
49846
49613
50689
51264
50382
51098
49008
49458
50655
49496
49567
49734
50586
49662
49980
50289
49889
50616
50773
49648
51959
50762
51818
49557
49359
51275
51037
50995
49460
49583
48831
48930
50121
50830
50608
52055
49673
50109
50631
49035
51411
49049
48539
49633
51595
51086
50765
51578
50426
49961
50156
49377
49731
48028
49176
50410
49749
49873
50240
48433
51007
50243
50587
51835
49122
50618
48655
50604
49205
49518
50892
48935
49240
50073
50681
49597
50593
48871
50604
50257
50345
50454
51040
49972
49918
48958
48307
48429
50483
49329
50509
50436
48930
50338
50748
50737
50452
49507
49474
51270
48749
50728
50678
49014
48725
49954
50484
51595
50558
49754
50958
50991
49867
49012
48642
50177
51371
49761
49071
50512
49097
50236
50070
48436
49240
48852
49353
49383
50169
50318
49976
51173
50003
49085
50466
50920
49164
49862
51151
49345
49849
49584
50752
50066
48094
48991
51612
50446
50472
49662
50460
49875
51533
51124
49462
51220
50187
49852
49776
50358
52471
50509
49092
50970
51509
51347
49851
48338
50245
50145
50703
51758
49758
49279
49125
51590
49035
50316
47761
50921
50640
50257
50104
50194
51790
50507
49792
51789
50356
49885
49359
51259
50953
51314
50174
49273
49834
51134
51272
49462
51113
50314
50792
51497
50446
49159
48454
51025
50886
48296
49644
49061
49616
51000
50271
49878
52039
49653
49826
48405
50489
49002
51171
49703
49352
51782
49839
50698
49524
49789
51905
52142
50012
49389
51502
50839
49043
51388
48676
50682
50399
50075
48908
48892
49767
49509
50682
49972
49539
49582
48782
50400
51033
49113
48960
49302
48317
49846
50330
50754
50599
48735
50377
50283
51368
49330
50092
51447
50262
51039
48742
48011
51184
48871
50373
50783
48105
50649
49559
49568
49791
52015
49598
52966
50006
50012
49206
49927
49774
50766
47973
49076
49774
50599
50241
52364
50121
50310
49763
49549
50145
50160
48781
49305
49337
49784
51161
50719
49485
49881
50859
49198
50261
48884
50146
47276
49874
50064
48897
49420
48864
50242
50033
48314
49614
50535
51905
48545
49845
48259
50431
49816
50290
50547
48465
49696
48636
49430
50762
48886
50988
51086
49379
50500
49942
49573
49206
50989
49192
49255
48294
47641
49541
50207
49390
50262
50658
52955
49632
49876
49910
48509
50313
49443
49895
50684
49168
50034
49453
50750
51364
49133
50245
50290
49786
51225
47927
51026
50053
50582
50533
50639
48517
49983
48314
49960
49606
50122
48967
49597
50031
47746
49977
50377
51215
50241
50078
51411
51153
50174
51823
50991
51471
49800
49351
50412
50924
50503
49285
50187
49100
50236
49479
49314
49824
50891
49982
50599
47387
49758
48204
50115
49786
53084
50129
49764
50443
50089
50078
49491
48989
50586
50015
52060
51032
49713
49725
49573
51326
50287
49964
50165
50824
49878
50215
50607
49747
51301
50112
49093
48285
50605
48941
49466
50453
49746
50274
48573
48398
51893
48924
51273
50285
49326
50568
48732
51956
50898
49924
49180
49033
49824
51834
49366
50317
49982
48420
48639
48771
50620
51930
50001
50045
50965
48370
51134
49306
49690
49229
52049
49559
50989
49598
51331
50046
50055
50720
50863
49682
49941
51118
49808
49511
49530
50518
49875
50884
48635
50210
48608
48973
50880
49330
49401
52436
50377
49433
48563
50110
50563
49733
50403
51878
50260
50243
51494
49816
49997
50145
51291
50285
50244
47993
48792
50404
50465
49936
49861
49495
49578
49402
50625
48762
49931
50683
50178
50684
49101
49416
48742
49763
48152
48455
50706
49679
51237
50478
49091
49160
50817
49950
51300
50831
52209
49173
48487
50818
49680
51247
48817
48590
50135
49981
49531
49733
50270
50969
48710
49883
49816
50361
50857
49653
50037
53061
50777
50615
50535
49972
50364
48550
49117
49843
50135
49681
50053
50002
48986
48811
50466
48978
52249
50498
49326
50481
50766
50232
49411
48775
51484
50265
49372
48921
49103
49290
48708
49594
51591
49456
52374
50125
50287
50471
50815
49445
51524
49472
49291
48276
50409
49670
49407
49917
50086
49989
49265
49712
50679
48442
50102
50677
49809
50371
50903
50247
50842
50422
50619
49127
50611
50353
49951
50115
49095
49493
48777
49305
49651
50072
50291
50566
49427
48996
50399
51532
50637
49889
51212
49592
50546
50959
50819
51304
50250
51595
50408
49554
49045
48380
49464
51649
50588
48133
50384
49294
48889
49711
50714
50399
50689
52391
49989
49372
51245
50948
51288
50377
48815
48701
50310
47585
50881
49843
50392
49803
50221
49625
50289
49050
50579
50414
50031
50689
49028
51879
50146
50099
49100
49831
47885
51446
51683
49062
50656
52308
51208
49805
48924
48511
50219
51247
51552
51656
49542
51051
48145
50210
49934
50025
49012
49677
50731
52217
50757
50242
48822
50787
48549
49571
50114
50331
50460
50741
50011
49499
49490
49762
49204
50836
50249
50855
49866
50723
50259
51417
50871
49540
50868
49201
51068
49767
50185
49730
51662
48863
48442
51835
49269
49853
50218
50264
50308
49347
49080
48984
50870
51299
49013
48627
49587
49856
49684
49137
50151
47694
48964
50933
50395
50304
49169
48913
50022
51279
51234
49688
49249
49330
48273
49838
49272
48994
48249
49982
49148
50475
48455
51827
50183
49786
50269
50335
49841
50616
49886
52112
49957
48901
50627
49680
49239
51361
49945
49987
50374
50691
49765
50150
50070
49835
51163
47701
49789
49457
49210
50842
49441
50192
49468
49334
49646
49660
51193
50928
50078
50301
49399
50195
51759
48876
50699
50278
48735
50982
51854
51013
49480
50102
50469
51002
49227
49973
49471
49859
50087
49655
50445
51177
49783
49543
50775
49948
49711
48297
50219
48370
49342
51635
47873
49851
50846
49130
51150
50662
49940
50646
48858
50140
50153
50694
50826
51007
49766
49036
50660
50182
50579
50325
50522
48203
49964
49574
52348
50846
51747
49312
50596
49375
49459
49524
50820
50655
50837
49843
51750
49128
50080
49539
49220
49921
50868
51278
50269
50869
50560
49448
49598
51007
49328
48740
51005
50318
49551
50014
51230
50659
50759
50283
49799
48195
51595
51110
49903
49808
50033
50697
52016
49842
48665
49824
50243
48457
50685
49315
50753
48843
49394
48007
49661
49873
49530
50154
48574
49513
49699
50364
51553
49905
49410
51585
50055
50758
50381
51600
51563
51524
48420
51322
48303
49668
49710
49311
50050
50584
49669
50406
50539
49022
50644
50096
50005
48738
50908
49215
49342
49008
49786
49416
49014
50395
50851
49315
49746
50480
50167
49295
50287
50129
50883
50467
49554
51251
49493
49422
50584
50644
50659
50849
49874
50984
49106
49738
49482
47763
48725
47784
49965
49275
51084
51292
49792
49765
51901
49609
51112
49098
49656
49787
50759
50765
50159
49575
49979
48976
50030
50651
51674
50204
50317
50833
49469
49706
48885
49725
52001
49983
50739
52379
49097
49397
51509
49249
50062
52435
49861
49581
49485
48500
50041
49600
50730
50127
49201
50815
49418
50508
51069
50047
51498
49683
49041
49975
50580
50115
50809
51392
50648
50244
50125
50859
48181
49915
50761
49539
50177
50133
49816
50220
49646
49720
49360
49026
49146
48743
49458
52171
49189
50480
47397
51052
51313
48729
49283
50268
47394
50352
50035
48730
50065
49389
50470
50412
48845
49464
50220
49172
50239
48899
50298
49788
48677
50650
51444
50423
51316
51421
50203
49774
50552
48184
49408
51493
50785
48543
50860
48913
50273
50820
50831
50595
49811
49163
51233
50301
48566
49662
51052
49746
49977
51066
51415
48032
49775
51040
51279
48987
50394
49684
49186
51478
49498
48270
51467
49941
50448
49032
50151
48383
48990
49062
50340
52244
49553
49600
48877
48894
48814
48859
49315
50712
50702
51008
50040
49309
50827
48115
49421
50827
48831
48956
49566
50512
51341
49763
50870
49555
48876
51078
49683
49909
52078
50035
48180
50478
50221
52016
49655
50394
50791
51238
49315
50451
49979
49587
50013
49072
49281
51268
49972
50375
50635
49953
50854
48350
48471
50577
48995
50499
50483
49226
49966
49956
48027
50779
49496
48897
49118
48938
48388
47893
51764
50679
49594
49705
49616
50151
49561
51546
49895
51077
49804
50623
49046
49246
48513
48862
49365
49241
49128
49538
50394
50904
48637
48992
50398
49605
49209
51449
49633
51170
50542
49499
48824
49639
48816
50837
51313
52055
49951
49758
50794
51159
49504
49057
49608
51329
49354
50582
49027
49900
48241
51503
48767
50625
49440
48979
50187
49831
49352
48885
49604
49907
48928
50569
51901
51224
48392
51009
51453
48302
49938
52073
48418
49742
50598
49371
49183
50262
49885
49095
50458
50241
49598
49722
50509
48028
48556
50778
48924
50045
50683
49999
49697
49611
49240
49674
49823
49973
48696
49026
50365
49878
49441
51047
50334
50141
50978
47277
49487
49366
49590
48417
49961
46425
48914
49857
50092
48016
51510
50613
51140
49836
50412
51541
50632
51377
49586
50920
50846
51066
51807
50831
50465
50811
48616
51424
51928
48781
49074
49732
50173
50433
51096
50331
48091
51922
50089
48674
48300
48887
51497
50398
49545
50666
50139
51684
50407
49660
50257
49338
49377
52986
51133
50733
49211
48745
50505
52362
49987
50192
49553
49489
48396
49890
48119
50539
48662
51346
50584
49341
48139
49264
51504
50633
49391
49781
50424
50108
49237
51157
51376
52352
49690
49939
48993
51367
50407
49952
50913
48408
49981
51370
49873
50343
49178
48312
49589
51901
51322
50047
48922
49416
49161
50931
48219
49177
50060
47872
49362
49751
50581
50577
50496
48642
48970
49342
51021
48939
49820
48297
48804
48385
49157
49863
49417
49082
49539
48622
51143
50175
49815
50076
51571
48880
49523
49695
48503
49708
49648
50332
51589
48796
49282
50292
50220
50477
51802
50091
49885
51207
49027
50688
49367
49974
49818
49279
49868
48977
49079
50602
49756
48828
50827
49829
50303
48908
50984
49963
49619
51363
51157
50506
50948
48922
52514
48687
49928
49522
50635
48411
49342
49919
49940
50112
49620
48512
50201
49786
49237
51876
51280
50492
49820
48884
51976
50731
50429
50163
47612
51521
50026
49727
49743
48677
48575
49184
49947
49710
47329
51531
49934
49418
49633
50573
51035
51654
49503
49852
50375
50798
50677
49396
49556
51925
51225
50438
50045
50369
50106
49677
50229
51015
50594
50163
49421
50182
50004
50558
51206
49339
50440
51508
50310
49429
50231
50467
50049
51317
50649
50075
49881
50436
48406
49582
50594
48931
48473
51517
48545
49298
51590
49954
49754
49352
49240
50457
50866
49282
49904
51280
49607
51378
50826
49195
49783
48824
50186
49764
49716
49932
48570
50889
51372
50520
51284
51568
48669
48323
47215
51031
49554
48620
50329
49994
50756
50998
49306
50583
49918
50293
49283
48479
49079
50229
51103
48812
50724
50288
50004
50382
50485
51234
50402
50092
50072
50780
50647
49672
49283
49784
48560
50123
48891
50486
50916
48795
49342
51575
49662
51009
48660
49961
49105
50144
49869
50026
50204
49612
50630
48966
49675
50108
48914
49775
48547
49301
48343
52077
48766
50719
49787
50017
50669
49423
48681
47957
51754
50100
49383
51162
48487
48524
49424
50122
48328
49475
52403
50212
50557
51420
51544
49864
51045
50326
50804
47966
49835
49742
48366
49561
50144
49889
48315
47495
48965
49053
50026
48857
49956
50236
49008
49014
50556
50509
47875
49914
48760
50999
50350
47926
49446
50213
50437
48076
49267
47471
50242
50867
50368
49301
50975
48823
49426
50864
49609
48660
51179
50498
49523
49598
51438
49494
50413
50399
51356
50885
49669
49754
48135
47792
48436
48173
49944
48857
49406
50558
49326
53133
49980
50311
49379
49289
49653
48124
49742
49759
50237
50167
50203
48100
50135
50892
47635
49912
50568
50738
50334
49245
48949
51645
50494
50220
49089
49761
48924
50679
48203
50804
49116
50040
50824
51965
50018
51617
49846
48994
50428
49966
49500
50936
49759
50989
51402
50114
48919
50127
50209
47893
50257
49339
50073
50652
50931
48413
49031
50404
50442
51398
49077
49386
51049
49590
50603
50776
50071
50304
49857
49850
51485
50052
50164
50533
48890
51150
48838
50008
47977
50308
49410
50656
50252
50299
47928
48674
50070
50016
50657
48470
49107
49906
48403
49772
49243
50457
50489
49925
51000
49568
50849
50395
51054
49854
50057
51053
48857
49540
51764
49914
51161
48209
49883
50258
49054
48953
49812
50271
49477
48944
49228
49875
51550
49782
51655
48446
49811
52240
48963
50329
49821
50753
48826
49453
50564
50831
51053
51326
49875
49785
49037
49936
49186
51085
50125
49862
49884
50761
50959
50378
51253
49732
51255
49327
50948
50861
49848
49536
49374
49987
50326
49636
49244
50135
49239
49347
50060
49805
50445
48694
51098
49333
50114
52359
48978
49925
50076
50368
51379
50414
49486
48949
49134
51383
49786
49771
50564
49403
49065
47211
50088
48696
50703
49640
49176
50605
51260
49960
50050
50452
48438
49569
50380
49613
51394
51002
51214
49647
50254
50506
50806
51568
51363
49790
49419
51048
51788
49181
50063
51714
50831
51349
50925
49857
49429
50935
50888
51249
53336
49134
50071
48298
50844
51614
51776
50686
48603
50728
51563
49290
51054
50005
49739
50049
50069
51930
50237
50186
49861
51366
49804
49232
47644
50003
51186
50106
49630
50508
49740
50267
51435
48511
49105
49822
50265
49497
51401
50932
51015
49813
49652
49973
50223
49725
51477
50060
50994
49934
49103
49401
50651
50718
50415
48573
49999
50263
51846
49505
50024
49844
51556
47509
48581
49014
51219
49117
49816
51412
49794
49315
51867
48173
48714
50911
49571
51659
50831
49096
49877
50209
50426
51496
52295
51252
49238
50161
48859
50133
50101
50439
50602
49397
50862
50934
50182
49591
48905
48748
50799
51763
49335
50697
50287
50745
48434
49153
50421
51467
50333
51459
48464
50794
49650
48883
50940
48895
50208
50880
51082
51320
50633
50192
50385
50656
50428
49572
49305
50704
48334
50305
50564
49015
48838
51982
49088
49248
52393
49935
50495
50762
48399
48474
51257
49965
50715
49849
50445
50193
50868
49426
50727
52115
49899
50219
49566
50719
50095
49867
49839
48671
49926
49906
50566
50303
51099
49388
51144
49096
50405
49822
51542
49490
50182
48986
47400
49157
50628
50178
49661
50969
49359
49128
50286
49247
49262
49564
48253
50253
50458
50154
50951
49817
49309
49013
49830
49622
51190
48394
49652
49854
50681
49293
50638
51165
49628
49592
50222
50646
50252
50465
49223
49815
49982
49095
49349
50328
52376
49933
50726
48498
50561
49416
49184
49561
49815
48865
50845
50275
49380
50234
50637
49230
49802
49510
51191
50101
50657
49895
48501
50761
49520
49263
48814
51789
49594
50989
50123
49347
49530
49102
51209
51725
49609
50039
49828
50243
49712
50456
50322
48543
49150
50102
51290
48941
50839
51992
49959
50344
51109
49051
49031
49789
50700
51216
48510
49742
50064
49152
51257
50572
50524
50328
49910
48386
49674
49256
51197
49405
50440
50337
49322
49686
50085
50215
48071
49657
51208
48934
49176
49393
49905
50086
49672
50576
49763
50978
50676
51787
52676
49577
49701
51113
52093
50695
51717
50680
51335
48517
50413
50626
48190
50118
50094
48336
47023
49932
50071
49984
50734
48418
50073
49786
49063
48958
49315
48634
49450
49508
51230
50734
47347
49296
49717
50325
50051
49178
48363
50746
50863
51172
50300
49839
49269
48519
49342
51367
50443
51204
51337
49714
49629
48882
50823
50774
49980
49168
50006
50812
50316
49822
48037
49157
49460
50844
49931
47863
49158
50343
50622
49142
50897
49912
49718
49799
49659
48957
50531
50033
48831
49949
50383
51313
50648
51122
51027
48974
50412
50220
49924
48669
50571
48947
49963
50915
50237
50426
49208
49777
50340
48274
50308
50483
51894
48104
49863
48514
50709
51723
50154
50005
52882
49884
51742
48826
51744
49995
50554
49323
48171
50323
49089
49486
50906
49532
50492
50283
49834
48241
50235
49738
49492
48003
49996
50745
50742
49745
51739
50799
49121
49479
48175
50222
48937
51113
50750
50668
49155
50402
49640
49009
49211
49640
51456
48427
49643
49265
50419
51426
49519
48255
51511
51237
49723
50087
49128
50312
51885
49783
51515
50912
50358
49573
50568
50110
50122
47760
49563
49919
48438
50846
49822
51587
48691
51448
51086
49848
51493
50553
49831
51288
49317
50687
50297
50334
48607
48551
49638
49931
50425
49132
48266
50174
49508
50126
50494
51241
51467
49720
48594
50081
50892
48534
49472
50556
49625
48320
51318
50279
50557
49144
50215
50955
51101
50722
51150
51161
52470
49349
51549
48849
48585
49249
50389
49441
50166
49505
49244
48844
50083
49030
49911
49602
50370
50089
49769
50907
50194
50008
50178
48526
48143
51022
50341
49352
49218
50284
50046
50529
50684
49864
48603
48040
51289
50279
48953
50576
48455
51388
49845
50684
49542
50371
49551
50340
50220
50059
48118
48454
49167
48969
51511
49979
49708
51284
49602
50270
49578
51490
49923
49988
49791
49253
48786
49341
47417
49393
50083
51877
51211
49224
50248
49824
48233
49505
50522
49995
50134
49279
49905
51279
49234
50397
50688
50133
50749
50312
49064
48446
49540
50388
49890
51898
51067
50951
51121
49721
49578
49784
49508
48810
49484
50321
50595
51148
51257
49136
49608
48852
51433
50035
50105
51691
49471
50991
50483
51955
48729
49060
46610
49837
49391
50919
49053
52634
51669
51020
51238
52039
49327
51094
50104
49484
49440
50236
49772
48753
49636
50176
50162
50680
49884
50083
50329
48166
51878
50344
49987
51040
51069
50626
50063
49183
50352
49470
48176
47774
48965
49170
50995
51098
50748
50064
49370
51319
48456
50092
49028
49588
50037
48967
50684
50206
49747
49897
50713
50320
51232
50836
49975
51218
49813
51635
51403
51021
49689
48974
52482
49885
50768
49870
50375
49839
50454
49229
51465
49961
50218
50428
48191
50678
48986
49527
49551
49237
49836
51657
51433
48854
48464
50020
50212
49898
49071
49417
49682
50136
49575
52006
49871
50359
50572
50053
49257
49105
50188
49311
51647
50597
49873
51000
48623
50332
50724
48498
49044
50499
49711
49649
48089
49197
50140
49551
49467
48822
51174
50636
50503
48006
48488
51163
48638
49963
50772
48552
49617
50320
50273
48363
49251
50454
50228
49271
49635
49051
51594
51034
51077
49748
51887
51127
50038
50868
50029
49422
49910
49087
49936
48863
50877
52604
48740
49799
51986
49436
50911
51641
49826
49772
49944
50083
51010
48975
52037
47986
49019
51093
48380
50566
49841
48953
49432
50470
50817
50207
49458
47925
49984
50694
48419
50807
50468
49859
49422
48976
49659
50162
50003
49801
47653
49541
49922
50169
51259
50890
51591
49070
51022
52131
50813
50897
52278
52479
49507
48249
50511
50177
49915
50448
49551
50429
50162
48830
49999
49812
49456
49523
50977
49568
50857
50056
50820
49884
49562
49108
50318
49402
51478
47905
49820
48823
51809
48021
49335
50320
49516
48749
51578
49503
48748
51316
48768
49810
49837
50230
51279
49340
51024
49671
50042
50984
49737
49183
51103
49511
50110
50015
51177
49843
51654
51235
50411
50207
48860
50261
49050
50066
50568
49043
48565
50427
50391
51259
51713
48764
49790
49287
50766
48998
49602
50965
49756
49367
51703
51007
50237
49703
48175
51361
49072
48698
49442
51501
48697
50502
49335
51820
50467
48647
50244
50289
49838
50104
47883
49974
49538
48518
50023
50327
49253
52509
48495
51266
49789
49374
50015
49959
50804
49517
50987
50792
46943
48914
49478
50669
51184
48906
48410
50627
51520
50172
49537
50548
50259
49393
49780
50199
52055
50253
48701
51240
49658
51050
49008
49503
49070
52195
48573
49148
51519
51210
49515
51152
51095
50181
49382
49325
48797
49878
52416
48982
50169
49949
49727
49775
49340
50503
49819
51317
49260
49438
52215
49735
49923
50368
50304
48303
49582
50873
49232
48671
50644
48851
51536
50074
48053
49436
50826
47707
49773
48199
51384
49548
52105
49020
49862
51260
50050
49497
49846
49824
48340
48685
49979
50221
49183
49558
51204
50387
49952
49031
51106
49409
47963
50991
51185
50877
49707
51442
49709
47905
50807
49804
48565
50541
48018
49603
49832
48114
51430
50454
52002
50323
49362
50707
52041
50113
49306
49764
49436
50202
49308
49169
49822
48105
49653
49416
47797
50163
49923
49250
51200
50825
50535
50195
48838
49406
49691
49899
48960
49109
50569
51171
49552
49579
51131
50984
51730
50174
50198
49253
50049
49551
51153
48622
48746
50944
49706
49104
50082
50377
50222
50116
49784
50538
50859
50140
49401
49504
49639
51159
48766
50979
51060
50735
49894
50913
49494
51372
49268
49736
50549
49453
52088
49049
50285
50672
50511
50722
49934
51945
48971
47653
48972
50397
48698
49869
50891
50184
51332
51722
50112
50143
50428
49865
49979
49220
51034
51256
48706
51083
50700
51840
49340
49619
50098
49432
50925
51109
50741
50354
50378
49586
49046
49695
50929
49122
50075
49858
51136
49896
49467
50673
49299
47815
50321
48511
49262
50261
52050
49077
49931
49691
51011
49804
50008
49890
50625
50317
51033
49060
47981
50373
50054
48590
49829
50454
50261
48242
49908
50019
50226
48897
50606
50107
50459
49906
48476
50540
51752
51468
48760
49636
52283
48251
48450
49503
50575
50316
50386
50809
50273
50437
51088
49296
49490
50333
50975
50373
51337
50117
50511
48031
51041
50743
49458
47094
48536
49790
48921
50283
48695
50037
49556
50727
48315
48989
50718
51699
49883
48298
49398
49354
50051
50655
50889
49605
49271
52250
51774
48833
50866
50989
49760
50414
50891
50744
49019
48298
50004
50160
49964
49922
50215
49909
48932
51231
48990
49340
49959
48742
49523
49750
49743
50290
50026
51672
49519
50810
49139
52315
50811
49633
49614
49598
49499
49601
50938
49944
49651
49728
49642
49658
50696
50186
49411
49864
51454
49725
48580
50283
49892
48800
49729
49693
51731
50057
47550
48664
49438
49703
50875
49934
50294
50315
49476
51258
49919
50365
47993
50219
51410
49850
49873
51106
51467
48568
51314
50273
49714
48567
50469
50383
49764
49015
50651
49701
51662
50354
49022
51237
50626
49532
51361
49759
49871
49419
50211
50670
49169
50283
50068
50052
50712
49325
50161
49858
51520
49146
50307
49420
50279
49756
50395
49345
49507
48147
51469
49559
49396
49084
49733
49292
50886
51579
49351
49806
51860
50133
48284
49010
50924
47717
51019
51520
49122
49609
49869
49426
48392
50511
50638
51579
48106
50463
49108
48525
49346
51102
50539
50508
50044
50799
48114
50804
50581
50465
50284
49784
50544
52184
48850
49334
49621
50398
50860
49365
49366
50117
49233
49029
50644
49493
50065
50660
49899
47807
48192
50559
49245
50818
50104
49756
49246
49902
50549
51278
51680
51021
50345
50262
51573
49542
51656
50864
50175
50756
50170
49681
51107
49924
50319
48892
49408
49839
47801
52512
49448
48857
47831
51177
49941
49439
49608
50536
50920
48237
50804
51413
51121
49866
48912
50261
50455
49877
51450
49930
49817
48508
50394
49257
50862
50122
49773
48174
50103
51363
50396
49829
50040
50880
50686
50321
48116
49299
50485
51572
49633
50360
49924
49198
49386
49402
50618
49501
50790
50802
50562
49728
49893
50589
49732
51125
51038
49344
51710
50023
49292
49771
50413
50599
49986
51415
49898
49309
49659
50812
52250
50697
50582
50302
49750
49798
50145
50432
47673
49683
48711
51093
49512
50636
49901
50100
49271
51523
50529
51808
48542
49451
49361
51385
50070
48582
48504
48867
50687
50573
49989
52979
50270
48837
51003
49322
49920
49377
48953
50146
51382
48840
51479
50438
52015
50595
50873
49566
49621
48212
52344
49244
50525
50370
50861
49473
49747
51728
49451
51839
51204
50231
50717
50326
49887
50412
48972
50163
51310
50500
49318
51820
52029
50621
51655
52382
48638
52198
50756
49854
49098
50534
50262
50819
50081
49891
50450
49232
50511
49784
50361
48784
50905
50631
49685
49588
50214
50152
47743
49006
50602
49619
50463
50848
49902
49564
51425
50647
49327
48776
51086
50449
50354
49191
50140
50492
49583
49504
49584
49425
48767
48429
49772
52120
48949
51753
47782
49319
50052
48919
50306
50850
50692
49314
50343
49381
50465
49979
49486
47971
49196
48843
48482
49841
50298
51451
49898
49286
49073
50174
49508
49924
49730
49894
48541
50307
49068
48190
49419
50681
50464
50135
51616
48446
50241
52145
51332
50139
51409
47078
50852
49292
51243
51418
49269
49529
50438
49951
48950
50187
49526
51165
49110
49900
49662
48911
48245
49171
49491
48901
48791
50546
48338
48132
50702
51657
51717
48961
50071
48891
50062
50854
48399
47591
50000
51244
49783
48425
51346
50410
49386
50810
51168
49545
49926
51201
50248
49658
50631
47937
50611
50385
50548
50520
49068
48778
50223
49944
52267
48831
48842
50775
48928
51068
49888
49235
50064
51292
51356
51590
48296
48674
48590
51067
49113
50106
49626
50366
50385
49980
49580
48677
50036
50252
49450
50350
51023
49472
49018
50191
51180
49846
51190
50415
50644
49802
49010
51075
49160
50320
49288
49103
50065
49950
48896
51590
49993
49158
49259
51456
50295
50341
49029
50230
48954
49265
48989
50340
50424
50035
51108
49699
50395
52684
50538
49966
50706
50469
48796
48448
48754
50634
50120
48725
49349
50702
49519
49610
49759
49244
51758
49622
50911
49983
48885
50537
50489
48770
48729
49874
50366
52112
50427
52576
49084
48981
51278
48553
50501
49778
49143
49464
52626
50296
51149
49022
51593
49460
48808
48153
48738
48652
49068
50956
51585
52243
49667
48887
52469
50882
50530
50359
49594
49934
49062
50893
49255
49711
50353
49154
49554
50465
50392
50656
49589
50734
49527
51784
50400
49496
50841
48822
50187
49608
50846
49126
48817
49677
47712
49896
49559
50973
51576
49598
49875
49779
50761
49324
49960
51465
50422
50657
49652
48130
49269
50019
50712
50236
51192
50248
48567
50443
49732
51297
50168
49458
48283
49452
51358
50578
51474
52158
49946
50172
49477
51055
49946
50079
51701
51820
48961
49783
50310
48740
50382
51152
50162
49051
48772
51039
49997
49789
49538
50439
51081
47480
51261
51148
51555
49755
49231
50364
48665
50104
51375
50593
51046
49152
50401
51242
51137
52308
49084
50173
50073
48714
49424
48104
49300
50652
49259
50750
49688
49081
48491
49921
50280
49572
51553
50449
50521
49141
50938
50824
51495
51851
51270
50689
48086
52251
51253
50792
50508
50160
48730
49339
48462
49172
48388
48711
48746
50883
49469
51354
49705
48942
48856
50280
51288
51315
48337
49093
48700
49424
50973
50438
50133
52038
51274
49232
50079
49287
49145
50972
50819
51655
48582
49372
50143
49469
49318
50927
49452
49790
51694
52109
51645
50147
50438
50128
50316
50667
49860
50826
50078
52518
49218
49664
49346
49779
48308
50438
49973
49633
48834
50324
50242
50200
49442
50316
49962
49519
48881
49130
50637
50820
49486
48771
49595
49419
50081
49935
48469
52075
50699
50038
50620
50746
51426
51765
49897
51224
50079
50143
50130
49236
50058
50216
49505
51301
48764
50370
50419
49065
49692
49885
49501
50255
50652
49361
49511
49219
48871
50813
48092
48089
49127
50685
49248
50174
50891
47762
49117
49543
50434
50818
50066
50990
50568
49578
49759
51144
48075
50503
49650
51533
50559
49092
50567
50446
51617
49982
50530
48041
49421
49820
49931
48435
50222
50959
51097
49247
50290
50250
48840
49406
49698
48714
50159
49322
50286
49803
50606
49758
50603
50397
50880
52566
49997
49275
49423
51614
48895
49818
47668
50052
49538
48182
50041
47986
49598
49135
49087
52716
50815
50521
49866
51242
50194
48488
49698
50777
50825
50211
47928
49134
49607
48522
50108
49646
50266
49815
48660
51251
49990
51110
50137
49611
50280
47720
48424
50375
50057
50104
51557
50418
52135
50231
50664
50789
48839
50016
50597
49829
51152
49978
51004
49655
49702
49806
47689
49256
50240
49153
49324
50299
50457
50253
50468
50977
49727
49909
51068
51111
49803
48900
50109
49982
48777
49386
51439
49106
50548
49710
48228
48992
51877
49855
50545
49489
50742
50768
50640
49034
50779
49751
50842
50967
49887
50566
50955
48703
49687
50424
49280
50833
52279
49204
51908
50622
50657
50204
51184
52256
49042
51555
50851
49370
48783
48793
49661
50249
50803
47996
47942
49330
47766
49996
49947
49798
51229
49372
46361
49395
51471
48646
48961
50623
48676
50843
49737
50070
50601
51050
51757
49700
49502
49769
48339
49322
49949
50728
49198
50643
48921
48505
49514
50445
48893
49833
50608
50151
49335
52167
49280
47438
49268
50932
48436
49717
50530
49823
49705
50156
50471
50911
48552
49717
49731
51632
51564
48966
50145
50881
49911
50982
47939
49606
48591
50293
50680
51473
50139
50416
49778
50165
50395
49864
48949
50091
50821
49741
48477
49705
50342
50339
48836
50855
50191
50166
49773
49492
48568
49552
49316
49747
51367
49830
48644
48912
50790
50474
51691
48289
50579
51121
49467
51222
50084
48112
49703
51678
49011
50130
50230
50308
49253
50351
49261
49712
48666
48972
49788
51439
50386
52062
49965
50395
48513
52024
49092
48776
49204
51211
50902
49295
50544
50669
48792
49943
50777
49422
47978
51469
49849
50732
51087
49078
48712
49549
51976
50937
50313
50130
48128
50351
49405
50846
51403
49101
51235
50216
49319
49783
49551
50691
50451
50704
50144
48622
50782
49206
49834
50355
49235
48875
50961
48440
50005
49736
48131
49954
50758
51253
50762
49337
50279
51697
50492
50120
49674
48386
51399
49819
49899
50583
49558
51770
49274
51414
49477
49353
50415
50063
51090
50279
49348
50438
49041
50899
49869
50035
50050
50080
49574
48306
49200
50084
50242
47403
50187
49496
49519
50516
51770
51926
48788
49394
48386
48952
50992
50671
49699
50922
49373
49137
50733
50885
48385
51092
50257
50028
50060
49655
50278
50897
50372
49297
50709
49473
51187
51282
50087
50161
48641
51093
47424
48026
51625
49361
49033
49563
49257
49418
50186
50899
52140
50160
50498
49191
50326
50983
47425
49061
49098
49660
48955
50458
49904
50069
47924
49494
48388
49838
48969
48800
51293
50181
51038
49880
50111
50491
49837
48451
48968
47410
51089
48767
50460
49165
49916
49899
49960
51658
50031
50484
50188
51771
50148
49410
49848
49985
48863
47831
51642
48387
49495
50948
50053
50589
48879
49795
49965
49740
49266
49545
50694
49139
50215
49794
49183
49648
49229
50085
49814
52489
50464
49093
49757
50973
51037
48534
49315
50794
49615
49647
48169
48596
49666
50212
50738
48753
50465
48746
49163
49449
50962
49274
51215
49455
50174
49037
49372
48730
49631
50346
49411
50389
50009
50871
51794
49747
49465
51103
50602
49719
52014
50501
49910
49607
51272
50020
50238
51744
49915
49573
50464
50172
51621
49564
50611
49967
50331
50266
49875
49365
50592
50859
48714
49841
50785
49446
49937
50866
49306
49234
51418
49699
49547
50266
48917
51190
50987
49397
50556
51726
48451
50176
48865
49529
49560
49135
48843
49431
48954
49875
50796
49235
50428
50952
52035
50375
50183
50883
51676
49332
48483
51063
50786
50710
50198
48436
50481
50619
50993
48582
49073
50738
48947
49603
49813
50429
50078
49711
50599
50039
49197
50143
50633
49758
49189
48238
49074
49111
49924
50636
49031
48882
50550
48633
47943
51677
52061
51038
51135
49570
49138
49506
48608
48455
50186
49370
49486
51726
49707
49637
51530
49245
50587
48330
51121
51522
49523
49197
48970
48180
49974
49312
49866
49373
50778
52061
50008
49636
50488
50448
49379
50024
49763
51521
49164
51483
50245
50277
49483
50771
51990
51120
50061
51003
49079
51438
50231
51452
51462
49255
50422
51075
50057
50724
51545
50197
49717
51274
49908
49666
49003
48427
49863
48575
48707
51592
49635
49010
49261
50583
50558
49490
49175
48315
50632
50134
48478
50269
48679
49485
49721
50272
50598
50307
49505
49287
49094
49456
51408
51042
48668
51574
51709
50743
49622
48657
48226
49689
48953
49671
50651
50148
49673
50479
49702
50358
53074
49703
49451
50590
51530
49823
52218
50332
50088
49606
51623
49492
48780
49581
49239
50170
49483
50346
51337
49423
48223
50533
47907
50662
50141
50656
49809
52474
48866
49121
50887
51155
48333
50234
51095
48520
49754
50524
50849
50698
49123
50581
48925
49358
50732
50726
50092
50425
50720
49407
51479
52158
49472
50292
51145
50159
49736
49396
49102
51171
50973
50428
48852
49473
50734
49175
49179
50943
48547
50840
50309
49714
50731
49547
50097
48599
49810
49020
50447
50028
49722
48851
50857
48398
50848
50484
48478
49424
51446
50926
49932
49425
50183
48148
49621
47653
51837
50914
50982
51831
50879
50584
50993
49726
49746
50651
52001
49061
49517
48782
49617
49936
49479
51708
51504
49652
49550
48485
50553
50207
52378
50551
50519
51293
50046
48352
50337
49361
49405
48623
51114
49283
50518
51200
49555
47737
49914
49852
48892
50388
48469
49688
49287
50049
50684
51311
49768
47844
50279
50730
50961
49907
49887
50009
50135
49014
50568
51250
48409
50850
49197
48721
50096
51221
50755
49128
51116
49597
49537
51355
49038
49176
52021
50318
49242
51422
50018
50628
49505
48432
47528
51796
49618
50422
49834
52184
50868
51342
49004
49426
48847
49860
49198
50024
48967
49216
50423
48498
51014
49319
49477
48767
47960
51021
49567
50273
49226
48197
51074
52043
50105
49774
50783
49973
50111
50923
48782
50477
51814
48993
49386
50962
50673
49372
49992
49241
48643
50562
50786
50800
52111
49456
50167
51703
49016
49693
48330
50265
50957
49183
49884
49454
51187
49453
49272
49701
50463
49791
51077
49669
49843
51773
50415
49044
50412
50515
49731
50147
51858
50503
51118
48854
48160
50264
48316
51866
50516
49901
48830
48921
50004
50630
51021
49332
49788
50517
49082
51741
50184
49901
50298
50320
50152
49725
50319
48744
50297
50361
48746
49925
50559
49184
47846
49038
49896
50860
50255
50130
49617
51315
49919
50247
50272
49541
49462
50500
49994
48234
51356
50439
49243
49948
51442
50892
50116
49903
49265
50807
49717
49753
50459
49870
49048
50990
51027
49585
50046
50009
50720
48337
49882
48565
50324
49482
49625
48808
50301
51190
49971
50102
49851
50717
51179
49470
50263
49501
49365
49325
50184
50555
51210
47982
50814
50499
50474
51547
49642
50814
49320
51645
49816
48605
51771
51087
49270
50677
50530
49690
50492
48164
49277
48004
49483
51387
50470
50987
49139
49894
51817
50198
49268
50655
49289
49047
49513
49785
49906
49167
50444
49615
49885
50585
51793
49494
49927
50239
51300
49984
49663
49854
49979
49811
49587
51096
49331
50412
48315
49315
50582
48033
49981
49067
50747
50836
50456
48839
49848
48863
48494
49412
48670
50226
48255
50663
49089
49530
50236
50321
48798
49660
47626
51352
49656
49542
50135
51941
50485
50688
49629
49857
50890
50121
50739
49528
48517
51926
50108
48912
49614
49372
50173
50080
51459
48710
51965
50708
50939
51247
50306
51084
49058
51533
50000
48720
50636
49372
48718
48825
49163
49496
48798
50188
52060
49661
49984
52540
49331
49714
47579
49823
51163
52000
48603
50601
48923
49794
50820
48391
49859
52296
50898
50039
49525
50501
49954
50510
51443
50796
50512
51144
48635
49160
51778
50541
48653
48983
51741
50893
49385
47857
49754
48500
47397
50178
49893
49504
50739
49312
49979
49115
49838
50793
49164
49736
48423
51981
47357
49015
50287
49496
49262
49233
51193
49575
50513
49087
48828
51473
49414
49391
51120
49486
50139
50718
49491
50369
51559
49505
49514
51074
48857
47627
50954
49705
51411
49862
48572
50550
48228
48507
49932
49554
49147
49821
48560
49239
50289
49487
50106
51571
48344
49301
51522
52377
49552
50481
50918
50955
50418
48619
50881
49543
49004
50872
50877
48485
50361
50494
49499
51361
49110
48899
50035
49773
50423
51767
50014
50907
49659
50277
49936
49865
51911
51233
50186
52470
49207
49789
50897
50866
50314
50729
49858
49693
49770
50050
49212
50184
49406
51771
50741
49699
49183
49858
49440
48936
49895
49749
49654
50473
50075
51000
49405
48873
49212
50273
51084
52464
47746
48920
50093
50111
51285
50657
47268
50739
50150
51381
50786
51269
50751
49639
49303
48841
48482
49648
51776
49236
50283
50106
49265
51207
51192
49638
49376
49859
49316
47395
50853
50430
50894
50151
48004
51479
49789
49406
50459
50590
49288
51010
49209
50176
50660
49011
50383
49197
50391
52142
50124
51473
50231
48877
50638
51420
50820
52047
50370
49711
49102
48780
49859
48418
51438
50593
50599
51571
48890
50827
48964
52016
49975
51135
49971
49581
48113
49247
47943
49611
49827
49923
51544
51744
51150
52096
48441
50170
50828
50641
50172
50281
47488
49895
49450
50968
50477
51588
52108
49807
49791
48826
50202
50332
49116
50166
47610
49785
50532
50137
49568
48596
50020
49002
48277
49471
51468
50498
50188
47994
49720
49514
50253
50341
50695
48222
52075
49506
49384
49199
48748
50182
50626
49883
51165
52069
49221
48858
49496
50964
49287
50474
49375
50021
49714
48892
49481
49021
51200
48583
51128
48877
50480
50669
49399
49502
51180
48158
50182
47037
48949
50913
50290
51278
51417
50699
50846
50059
49692
49357
50257
48441
49375
50642
47895
48611
48922
50047
51245
50673
48415
48931
49793
51048
51600
50905
51367
49173
47734
50906
48735
50176
49328
50956
50272
50109
48954
50032
49702
48983
49804
48829
49137
50909
51714
49600
49555
51108
50329
50693
49253
49847
48424
50199
51249
50074
50412
50562
50671
49187
49925
50783
50292
50037
50080
49643
50266
49618
49965
49968
49260
49008
49236
52187
50137
48671
50108
48501
49635
50072
49791
49446
51749
50082
49110
48237
51035
48416
49328
51470
51126
49241
48805
49520
50610
49425
48248
50478
50467
50860
48504
47846
48634
50023
50873
52039
50108
49463
49876
49526
49993
50010
50708
51173
50013
49969
49947
50038
51091
50579
51493
49944
49613
50105
49741
49172
50294
50276
50015
49141
51622
49978
49608
51330
51087
49787
49871
49302
51236
49650
51329
49843
50614
50461
52150
48631
50430
50236
48535
50395
50268
48394
49985
50729
49867
50167
50057
49807
51495
49237
49799
50583
50590
50197
50498
48149
50393
50240
51444
47659
50050
50097
50907
49455
51166
50513
50860
49994
50344
50732
50972
49116
49768
50323
49909
51209
50388
50021
49204
50975
51126
48777
49727
51468
50421
50602
52023
49959
50348
49811
50690
50476
50342
50244
51806
49130
49937
49265
49715
50070
50840
49266
51093
50563
50316
49124
49014
51567
48762
51516
52683
49656
49222
50577
52134
49705
49616
49000
50962
50154
49986
50860
49443
49719
49264
50377
47948
50830
50798
48718
50768
51021
51790
49579
50311
49427
52332
50515
50630
50437
50700
48564
50232
51563
49973
51756
48412
50448
50122
48910
50245
50194
49485
48611
48847
51087
49609
48667
51293
50062
48857
50387
51561
51324
50730
49661
50134
52251
50601
49260
50426
50449
50538
49865
49228
49249
50168
51148
50140
50007
49301
51719
47680
50349
49424
49578
51066
50195
48387
49159
48187
50418
50899
49836
49264
49820
50649
50065
50427
49672
50912
50181
50054
50761
50029
48055
51921
51087
49743
51086
48582
50864
51607
50802
51182
49833
50854
50841
50498
50267
49040
49651
47987
50046
48637
50513
51960
50791
47648
51619
52216
51178
49591
50772
49508
47683
50351
49804
51115
47556
49459
49670
49907
49747
48950
50122
50794
48212
46892
49615
51059
50694
50965
49811
50006
49328
50933
49442
51970
49436
50142
49392
50074
50064
50042
50328
49902
48979
50011
49183
51421
51052
50409
51358
53023
49853
51114
50008
49933
49406
49116
49536
49468
50175
50654
48399
49784
50727
48997
47815
50573
49955
49464
51206
49001
48766
49991
50107
51335
48922
49486
48193
50584
49491
50914
50875
48228
50798
50633
50937
49938
49417
48954
48424
49312
50377
49373
51825
47801
50172
49903
50030
49081
52113
49565
51814
48811
50536
48935
50265
51360
49815
48510
49242
49610
50750
49978
49904
52645
50209
49239
50705
47891
50638
49241
50996
50811
50620
48757
49912
50833
49985
49567
49525
48810
50089
48551
49587
48890
49523
50529
50217
49834
49563
49190
49587
49348
50833
48155
51061
48082
48921
49400
48984
49866
50975
51233
49569
50889
50435
49215
47753
48741
49440
50585
49597
51071
49192
49238
49624
49305
49745
49624
49975
50502
50355
50162
51485
50053
50246
48402
51554
51183
49739
49307
50094
50440
47742
49803
48584
50668
48389
50153
49932
51645
50448
50792
49884
49269
49721
51336
50510
48088
49783
50112
49397
48781
50632
50897
48724
50952
49814
50613
51157
49207
50831
48701
49794
50516
49674
51539
48091
49402
51023
50933
52365
50684
48449
50581
50301
50730
51142
50169
48633
50284
50765
49652
50331
49646
48828
48456
49893
49953
50449
49748
51505
49284
51794
52732
48999
49910
51208
49565
48448
51337
50599
51404
50396
49111
47728
48893
49814
49965
49437
49455
50008
50728
49184
49058
51611
49162
50296
50347
50080
49756
49967
50313
49510
50737
48700
51413
51181
51089
50313
48564
49117
49636
50947
48315
48114
50265
51474
49752
50010
49899
49859
49999
49846
50320
49386
50020
49792
50957
48731
49603
50010
50154
51900
50704
51156
49550
50207
50095
51748
48901
46812
50309
49131
47989
50656
49957
50691
51102
51276
49613
49382
50891
49676
49374
50049
46653
49598
48253
49200
49600
49369
49952
50655
48918
51457
49846
49065
49716
49520
50140
49934
50831
48266
50298
50707
51834
49814
49332
49098
51062
49354
50168
49857
50226
47736
49956
48244
48315
50213
49530
49922
50061
49908
51210
50323
50893
50450
50287
51508
48666
51048
51266
50729
50028
51783
49946
50883
50050
50343
50883
50830
51201
51714
49822
50726
51851
49411
49518
49017
48697
50478
50221
50075
49453
49765
49804
49428
47832
49625
51557
49581
48509
49822
49880
50437
49635
51377
50174
51114
48202
51395
49952
49519
50236
50544
51815
49777
50635
52687
51055
49369
48172
48157
49123
50098
51697
51731
49946
49146
49605
49693
50852
49874
50073
47205
50227
51458
49684
48832
49957
50329
50694
49957
49272
50517
50276
49914
48878
47962
50279
49602
48849
50870
48788
50048
50619
49452
49992
50861
50415
48649
49537
49759
49988
50820
49888
50029
49755
49244
51186
49002
47627
51474
51400
48751
50641
50627
49567
48916
49886
51720
49377
48767
49115
49368
49374
49047
49633
50629
49859
49606
51898
49745
51349
48316
49656
49281
48904
50291
50595
50413
48396
51112
49654
48617
50315
50475
48597
50937
49454
49835
50013
50637
49569
50655
50617
48943
49314
48978
48585
49098
48820
49808
50764
49701
50633
50231
48179
47188
49906
49761
49977
51062
49468
48729
50848
49914
49213
49516
48646
49216
50849
50242
50567
49598
50030
48917
50851
51814
50939
50401
50126
50435
50587
47768
49464
49478
48453
48907
49967
50478
51150
51114
51287
50182
51415
50253
50563
47965
50649
50067
50093
49903
51137
51400
50750
51548
48756
50525
49693
48246
50888
48655
49105
50492
49487
48520
48591
51743
50801
50455
51616
51725
50524
50395
50163
50082
50877
48520
50527
48926
50418
51143
49734
48964
50679
50345
49386
49004
49177
47724
48455
49635
50408
49669
50907
48477
50307
49595
52107
50767
50239
50074
49321
49625
51280
49216
51172
48885
51579
50091
50975
50748
48373
48584
48755
48610
48955
49569
50243
49888
49541
50664
49928
49726
50052
51398
50772
49408
48855
50145
49214
50646
50604
48632
50304
50395
51320
47788
48854
48694
49829
50073
49296
50187
49780
52573
49645
48298
50559
50759
50588
49219
51589
48464
49710
50535
49255
51706
52571
50231
49961
49831
48620
50340
49387
49766
51711
51297
49898
49897
51085
49080
50121
50312
50263
50195
48017
48528
49155
49200
50841
51685
48975
48852
50391
49329
48945
49117
49651
48284
49902
48886
48884
49435
50004
48508
49354
50641
48961
50897
49682
49904
50435
49675
48473
50813
51224
49296
49992
50816
51255
48770
51139
48061
49830
51123
49760
49898
49503
48842
50583
50987
49957
49128
49713
50797
51746
52478
49032
49245
49782
51559
50518
49463
49917
50272
48729
50296
51140
48545
52328
49872
51334
49424
48415
50853
49752
49568
48697
49865
49504
48749
49131
48780
49905
48375
50412
51526
51982
50361
49248
49614
51493
50804
50322
49675
50347
49568
50564
49505
49001
50624
49772
51309
48810
51384
49740
49871
51621
46943
51168
50544
49229
51223
49172
49608
50511
50021
50465
52028
48907
49382
52159
50870
51821
50197
49887
51918
50197
48773
48680
49865
50487
51580
50276
48619
48836
49599
49936
50844
51324
50064
49189
49004
49039
51030
48075
49568
50364
50466
49435
49566
51193
49481
50912
51198
49727
51068
47930
50116
49741
50531
50002
51142
48198
52829
50045
50441
50073
50792
49316
50128
49460
50412
50468
49945
48919
49610
50120
49106
49228
51062
48478
48806
49596
51367
47429
49541
49595
49869
50722
48201
49900
49944
50633
53313
50689
51475
50000
49490
48778
49972
51290
51406
48977
50448
50065
49317
48447
49835
49969
50269
50266
51030
49492
49302
50520
49697
50732
50738
49909
51285
47884
49913
50542
49385
51045
52354
49425
50002
51408
50173
50127
48872
52244
50370
51294
48903
48887
48188
51571
49319
52435
49482
49852
49618
49817
49958
51004
50595
51202
50771
48821
51477
49500
51438
50909
50594
47652
50561
49522
50770
50766
50208
50241
49570
49549
50073
49242
49667
50611
49423
50415
50993
49477
49515
49014
50609
51459
50676
49470
49366
50293
51358
49991
51457
50081
52137
49740
48569
48857
49508
48054
51272
50976
47539
48780
49666
50761
50452
50717
50219
50119
48500
49820
49394
50456
50195
51088
50875
49905
49695
49947
50558
50403
50111
50804
50028
50312
49881
49906
51862
49271
50254
50430
48902
50526
50541
50154
49159
48827
49577
49735
50003
50265
49709
50423
49945
49274
48322
48626
52095
51054
49597
50487
50488
50223
51343
49629
49441
50924
49392
49493
48970
50912
48856
49864
51581
50095
51200
49795
48979
49548
50647
50531
50734
47353
51555
51222
49925
51652
49782
48200
49993
49121
50335
48805
50392
50028
48650
48583
49984
51500
50960
51094
49774
50114
50083
51648
50588
50683
49258
49595
48849
50662
50153
49076
51046
50350
49711
49634
49460
49345
51089
49399
51188
50719
49771
51049
49671
51186
49998
49825
47846
50871
49147
50470
50512
49836
49966
49633
49802
51558
52353
50027
50051
49464
49701
50324
50268
50197
49070
50566
50919
49080
49764
49316
49805
48621
50754
49474
50898
50907
48983
51417
48083
50132
49189
49650
50007
49025
49803
49870
49024
48921
50306
50820
49088
48603
48664
48652
51912
49245
48925
49379
50578
49799
50593
51050
49498
51595
50455
48422
49541
49938
47632
49054
49261
49999
49354
48362
48299
50293
51323
51091
49416
49990
49337
49304
49997
51897
47684
50986
49588
49617
49731
50291
50017
49556
50207
49397
51696
50106
51045
49918
49798
49590
49971
50302
49338
49685
48960
49651
49546
51306
50043
50497
52099
51617
50211
51344
49395
49428
50343
50686
50544
48821
48504
50073
49598
48381
50445
49703
49589
50657
50213
50170
50012
48950
50079
49652
49948
49294
51444
50788
50824
49870
49751
51201
50342
51464
49323
49982
49689
50000
49417
50545
50399
49095
48720
50123
52001
50332
50514
49499
50297
48812
48234
49339
50530
49727
50372
48473
49853
47954
50363
50569
50514
51147
49452
50059
49847
50178
50334
49923
49555
48899
49288
49444
50158
49873
50293
50935
49546
48522
51020
50510
50682
51293
50170
49299
51479
49371
48997
50199
50800
50171
50252
48992
52212
50078
50195
48592
48467
49730
50867
48817
51368
48809
49726
49522
51469
51347
50177
50246
50837
51107
49202
48677
50438
49316
50548
51148
49520
50883
50789
49991
49559
48897
51212
48145
49119
49392
50719
50148
49456
50054
50006
47845
49680
49861
49652
49246
50230
48997
51641
49350
49782
48768
51105
50157
49601
48914
50084
50983
50069
50228
47409
50372
50055
48562
50213
50386
51212
51500
50059
51392
50101
51154
50749
48333
49575
49411
48155
51621
51176
49074
50571
50196
52027
48882
49795
49060
51210
52114
49361
49523
49569
49629
50972
49433
50872
50846
50187
48488
48694
49040
49774
49213
50392
50326
49276
50798
50030
49675
47660
49274
51203
49477
51191
49521
49857
49383
49834
50786
49009
49051
49430
50756
49770
51340
48219
48785
49770
49976
51102
49358
50548
49077
50739
48317
51439
50754
49227
49375
52301
49916
51102
50483
49970
51436
48612
50889
49589
49865
49471
49898
50164
50355
50633
50060
50447
49535
50272
49754
49916
51020
50845
50122
50622
50293
50270
51725
51711
50478
50942
50005
51162
50794
50972
49510
49504
49732
49340
49939
49547
49360
52119
49823
50336
48665
48770
51735
48845
50119
51033
51620
50045
48878
50012
51916
51532
51065
48956
50155
48801
51080
50694
51464
49049
50651
50116
49892
49240
48639
48458
49973
50186
49702
51957
50041
48539
48797
50583
50169
49693
49193
51543
50162
49256
49087
50906
