49460
49806
48064
50316
51091
49640
49654
50229
49834
48841
50165
50209
49621
50114
49778
50847
50934
50108
52063
49848
48050
49345
49115
50219
50283
47302
49655
49507
50719
48861
51498
49291
48138
48673
50676
50658
52498
50316
51551
50438
50372
49207
50656
49702
51199
48605
47623
50247
49451
49448
49968
47867
47845
49711
51362
50827
48326
50290
51619
51130
49979
49770
51201
49183
50928
49966
48450
48216
50417
50867
49434
50322
51540
50430
49151
51257
49167
49034
50929
48066
49534
49597
49507
51664
50355
50097
50158
48038
50778
49188
50807
49849
51043
48681
49662
48911
51912
49297
50285
51086
51359
51143
50219
48446
49617
49483
49251
48912
49466
49667
49193
49642
51611
49815
50403
50170
48900
48638
50715
51504
50579
50732
47576
49432
51838
51096
50651
49924
49213
49466
50608
52576
49828
50265
49912
49183
49248
48437
48836
48791
49963
48136
51298
49969
50029
50844
49125
48829
50293
49961
50270
50234
49641
49461
49392
50728
48478
49147
48950
50384
50181
49625
49065
50237
51480
50698
51490
50154
50110
49985
47799
49350
49809
48567
49426
50503
52948
49042
50277
51363
50054
49795
50204
48840
49986
50001
49878
49975
49780
48042
49772
50076
48732
50670
49031
49263
49350
50811
48885
49074
50056
49614
49392
50053
48708
47496
49006
50612
51657
49302
49915
50999
50227
49617
49308
51477
50133
51263
50625
50318
49721
49160
51886
49933
49392
50697
47961
51327
50293
52341
50483
49857
48982
51046
50302
51739
49507
47589
52074
51688
49992
50259
48283
50876
50814
49692
49859
49044
49698
49305
51516
48315
50214
51077
49378
51337
51783
51281
52076
49828
49574
50649
50391
49779
49274
49846
48985
48742
50484
50561
51692
50398
49104
49926
49937
49792
47656
49297
50913
49455
49929
49009
49894
50325
49824
50890
49459
48305
50642
50645
51010
48293
52038
49630
48983
49840
49953
49973
48704
50740
48635
50467
51246
52340
48662
50711
49983
50948
49066
49507
51252
51483
49031
49963
50542
49588
51343
50797
50861
49881
51289
48546
50105
50511
49871
50379
49772
50659
51650
50335
50309
48714
49230
48813
49648
50730
50118
49782
51601
51577
50653
49024
51565
51575
50818
51858
50211
49208
50214
49961
49096
49892
52278
49928
49889
49731
50217
49735
50686
48769
50188
48868
50812
52148
50336
49625
49922
51091
49887
50499
50034
51516
50417
51974
51524
49101
50957
48768
51127
49355
48509
49636
48842
49133
49261
50841
48795
50368
51191
50177
49777
50088
49172
50500
50711
50049
52510
51046
52212
49448
51123
48664
50019
49286
49171
50180
50122
50230
50298
49454
48214
49077
49669
51398
51086
51836
52702
50020
51115
49577
48939
50631
50842
52018
50769
48696
50731
51081
47760
49543
49934
50728
48906
50029
51030
49442
51837
49267
49205
49471
48820
49678
50705
51777
49176
50824
49146
48705
49686
49057
49987
51133
50203
47394
49503
49428
49390
51202
47867
51074
48397
50827
50737
50339
48689
50138
50755
50424
49211
49398
49433
51079
49120
50101
49064
49778
50044
50750
47798
49101
49220
49877
48549
51004
50567
50885
50073
50484
49489
49397
48889
49965
49688
48970
50375
50902
49789
49149
50514
48113
51017
50043
48337
50781
51696
49010
49566
50027
49089
48401
49767
48424
50636
50357
49401
51217
49052
49695
50466
51153
48371
49605
50775
52593
49159
51496
49501
50158
51093
52217
50676
48409
49871
49353
48749
49647
51285
51178
49947
49883
48069
50538
49854
48817
49651
48483
49656
52042
50320
49592
49372
48763
50140
50810
50859
49518
49671
50477
50852
50596
49669
49105
49827
48358
50317
50205
51098
50160
49480
50263
49476
48446
48915
49853
50927
48282
50547
49468
49420
49967
49915
50678
48474
51004
49522
49336
50032
49861
48420
49643
49168
49535
50145
51086
50952
50018
48589
50410
50542
47694
51018
47818
52156
48648
48872
51006
50398
51027
49227
50718
50591
51877
49794
49363
49829
48867
49393
50212
49856
48799
49875
51815
50371
49543
52190
50701
49976
48759
49823
51072
49608
50142
49921
51785
49044
48874
49245
49049
49702
49522
50780
50853
49583
50126
51152
50384
51165
51347
49314
51092
49305
51581
51017
50199
49854
49617
51267
50645
50183
49455
49740
50463
50555
51795
50762
49362
51747
50903
51527
49485
50897
50596
50700
49776
49274
50358
48588
49007
48511
48843
50128
50924
50941
51584
48642
48972
49497
48777
49755
49193
51398
48855
50536
49966
50957
49099
50161
50774
48899
51541
50678
50388
48608
50659
49105
50578
48528
48378
49494
51657
50609
50075
50185
50249
50771
50807
50357
48422
48425
49581
49974
49878
49893
49238
50035
50064
49696
48468
50842
50498
49658
51170
51216
49749
49042
50033
50316
50257
50412
48395
50106
49211
50046
49747
50728
49442
50931
48723
51328
49724
48515
48946
50148
49171
50827
48699
49955
50058
49824
49181
48532
49199
49929
49654
48358
49178
49752
50058
52628
50030
49725
48450
49991
49520
50345
49951
49648
51163
50610
50276
50695
50311
50367
51834
50894
50178
49533
50042
52426
49937
51573
50074
51498
48121
49350
49828
50548
48827
47334
49677
49669
50272
51584
51790
50820
49649
51222
48869
48826
49136
51217
49171
52486
50579
51618
51463
51348
48915
49735
50615
50398
48296
47791
50287
51555
49611
50204
51014
50291
49491
49765
50395
49081
48523
49714
49801
48198
50989
50081
49069
48686
49182
49535
50280
49472
49135
49663
50508
49215
52265
49196
49750
50793
49035
50358
49633
50605
48509
48601
50261
50140
51235
49549
50106
49884
51254
50529
50412
49640
50790
50683
50072
49087
51605
49667
51655
51761
51551
47876
49954
49146
49932
49778
49213
48655
50338
49950
49033
49485
48245
48813
48445
51097
50816
50530
48811
50612
48916
51559
50572
49671
50838
50164
49997
48725
50103
50521
49552
51076
48034
51034
52015
51033
49205
49025
50892
50237
50853
50460
50310
49996
50217
51184
51260
50701
51332
49685
49269
50588
49145
49248
49947
50297
49925
51334
49696
50631
50471
51378
48622
51820
51549
50985
50087
49515
51112
50898
50307
49188
48200
48840
49841
50828
50290
49541
49339
49588
49399
50122
49709
49776
48315
50206
50352
51163
50042
50159
50922
51603
50350
48366
50998
49920
50930
48797
52346
49870
48618
50320
50547
50326
49470
49395
49137
49396
50501
49484
49203
50151
49082
48638
48975
50963
50490
49999
50900
50885
51543
50736
51361
51066
49981
50049
50896
49847
50471
50589
50623
49982
52848
49070
50459
49326
49736
51653
49559
50101
50443
50353
48983
50456
50037
50650
50024
51317
51054
47911
49307
47100
50087
49681
49331
51137
49950
52563
48968
48548
50567
51086
51646
51128
50318
49612
50586
51307
49479
49777
47289
49741
50417
50731
50186
49749
51532
48781
49144
52117
50658
52807
50978
50051
50673
49764
48589
50189
49341
50701
49310
48136
50742
50173
53698
49997
51109
50445
49039
50642
49113
48530
52199
50716
47875
48826
51047
49694
48620
49664
50169
50773
49620
49808
47831
50118
49813
50942
49149
47590
49733
49223
50527
50362
52118
49737
49489
50704
48565
50977
51420
48582
49546
49320
51141
50743
50321
50607
49814
48206
51166
49999
49544
49344
50783
50738
49410
49594
50708
49242
49776
47151
51289
49986
48794
50535
50508
49878
49827
48731
50957
51185
50466
51025
48829
48753
51655
50375
48915
49658
50241
50738
49758
51756
50124
48169
48185
50044
50181
49645
50805
48486
48223
50098
49519
50113
48313
51418
50839
50502
48722
50286
49697
49086
49972
50645
49031
53654
49217
50387
52898
49829
50949
47996
49066
50587
51478
51150
49134
50070
49992
51175
49893
50154
49642
50252
50744
49135
48935
51659
49537
50259
50073
49335
49181
49578
51024
51049
48786
48485
49048
49907
52197
50505
48936
48973
49646
50533
52138
49392
50953
51070
48471
51628
50416
48052
48836
48559
50418
49460
50949
47902
51742
51266
50519
49689
50439
49541
51155
49657
48901
50356
50355
48985
50889
51319
50832
49547
50705
49614
50511
49764
48518
51631
48166
49720
49065
49307
48910
49954
50661
46591
49708
50013
51161
49724
49769
50828
50546
50779
49768
52398
50851
49783
51132
49940
49028
50087
49799
50063
49432
49360
49206
50423
48583
49932
49564
47656
49264
49864
49970
49770
48141
49900
50134
47040
49430
49490
48820
50538
50898
50300
50140
49777
50286
50160
50629
49443
51072
51170
50709
49440
51248
50980
49399
50479
51122
48793
50466
48943
49120
49172
50005
51088
49224
48474
50302
50143
49877
50873
48436
48709
49402
49708
49792
50990
49655
49884
47833
50558
52037
50625
48872
48943
50553
48924
49155
48722
48993
49507
51003
50062
49995
49724
49325
50411
51527
50103
49899
48898
50429
48312
47978
48370
49864
50713
50071
49060
49403
50894
49019
49875
49568
49624
49770
50189
51203
48692
49748
51063
50638
50649
50346
50342
50349
50386
49162
49880
48457
50681
49316
49159
50083
49943
50139
51775
50102
49828
48717
49704
52184
50961
50096
50201
49925
51439
48762
48288
49178
50289
50003
50455
48709
49942
49593
49354
49548
49168
51347
50413
50158
49205
48535
51424
50120
48662
48721
49463
49500
50174
50576
49100
49698
50426
51501
50027
50629
47473
50297
51106
51008
51159
50868
51693
49191
50129
48732
50251
49984
50751
49728
49348
50951
49828
51062
51351
49837
50709
49454
49960
48541
49247
52347
50238
51940
48902
51763
49252
50426
50081
51395
50022
50137
48678
52035
51130
50357
48894
49433
50313
49329
49540
51117
49665
49414
48526
50334
50330
49740
50439
50636
50025
50304
49320
50709
51792
49204
49983
50178
51305
48673
48011
50532
50576
50299
50161
50918
51958
49850
51041
48236
50365
49876
50175
48996
48176
51121
51242
50431
49908
48954
50469
49119
49454
48732
49828
49773
50604
51227
49885
51033
48731
49778
48974
50057
49948
51131
50167
48709
50207
50164
51067
49626
50689
51113
48219
51163
48438
52371
51725
50904
49405
50757
49908
51985
50932
50974
52245
50496
51352
49945
48669
49680
48672
49876
51058
48427
51320
49118
48537
48147
50789
48988
49784
49038
49681
50865
50422
50227
50432
51131
47935
51493
49871
49238
49238
48242
49600
50260
50663
50472
51079
50638
50311
49035
48905
49899
50043
49504
50217
49281
50190
49010
50013
49371
51442
49923
48175
49744
50472
48932
49310
49108
49578
51142
49946
49437
49478
49204
49396
50897
49605
47594
49275
49522
50185
49012
50007
49697
50426
48883
50479
50742
51170
51972
49850
50505
49870
50801
49330
47631
51362
50282
49994
50889
50771
50119
49827
50204
50387
50917
48930
51036
49993
49166
47720
48075
51791
50620
50223
50170
49759
48983
50146
49491
49623
49134
49965
48561
50540
49433
49250
52108
50744
48830
51300
49494
47324
50510
49947
49603
50127
48875
48061
52802
50874
50373
49785
49651
50859
50251
49133
48899
51513
48728
50103
51056
52107
50558
50005
50741
49413
49348
52453
50016
50499
50082
49317
49029
49758
48718
50754
50866
50586
51305
49625
49700
48508
51162
51434
50147
49691
50186
50260
51196
49280
49465
49837
48999
50374
49252
49772
50711
50619
47795
48504
50767
49571
50298
51147
50099
50700
49930
48809
49667
50911
49228
48651
50163
51235
51062
51244
50284
49741
49227
51726
49995
51609
50262
49162
48338
47597
49862
49677
48942
50633
50174
50462
51359
48825
51506
51026
51571
50076
50334
50842
50375
51047
49406
50265
51017
50009
51093
48209
49879
51452
50306
50185
49179
51251
49740
49815
49607
50425
48631
49529
50784
48883
49521
51535
48495
49540
51632
49628
49690
49915
49093
49824
48971
49874
47983
50229
49644
50073
50719
50743
49579
49705
47842
50474
51182
50342
50039
49351
49437
49423
51021
50085
49266
51082
50468
47985
48417
47999
51519
49824
51853
50220
49569
48008
49126
49608
51344
49909
50574
49485
49268
50738
50556
49390
48881
51124
51387
48446
49483
50039
50503
49682
50307
51097
50022
50990
50898
49633
49823
49866
50062
51192
49134
49260
50302
50090
49715
49071
49812
50500
49263
50566
49670
50652
52348
49420
47972
48299
50145
47788
50413
49658
49291
50316
49458
50881
49065
48275
49541
49782
50283
50218
48988
50914
47877
47644
51845
49950
49901
49827
49895
49554
49161
51926
49553
49844
49223
48871
50369
50562
47390
49296
48442
49338
47476
48854
49293
50795
48980
49842
47764
50019
48089
47809
49997
49330
48701
51313
47131
49980
49761
49165
50693
50844
50993
49601
50881
52551
50192
48720
49822
49532
49644
49570
50511
47888
51674
49637
51565
48705
49901
51037
48467
50384
49358
51842
49087
50759
49519
49332
50117
52138
51766
49641
49968
49756
49235
50273
49842
50137
50976
51756
49982
50507
49975
50769
51488
50982
51738
49504
51939
49478
49241
48829
50402
50728
49614
50477
50904
50853
49965
49781
50880
51056
50717
50158
48806
49225
49677
49657
49888
50330
50266
50860
48014
48275
50564
49028
51831
51194
49673
50091
49684
49883
50852
50395
50978
50115
49065
49863
50997
49741
51099
48288
50255
50334
50872
50536
51747
50025
48835
50351
49420
49042
49758
50243
48611
50793
50912
49321
51207
50710
51583
50234
50153
50361
48294
52206
49067
50542
50967
50350
50785
50625
49471
48998
49015
49703
52339
50013
50112
47660
52253
52222
50674
49494
47872
51573
50898
48360
49822
50065
50579
49581
49680
48731
49852
49469
48018
49445
49411
50490
50819
48231
50341
49709
50570
50303
49664
49442
50921
51038
50613
50147
50255
49671
49017
49105
48651
50257
50488
50582
48444
50715
50124
48714
48253
50387
51224
50340
50563
48589
48676
51226
50684
51745
49401
49310
48972
48952
50797
48112
49282
49539
50484
50783
48184
49404
50171
50328
48177
50308
50350
50846
51176
51020
50796
49852
50241
49225
50238
47051
49277
49031
52652
49565
49697
50707
50081
51018
50852
50097
50356
49903
48152
50698
51594
51163
50393
50764
50753
50094
50797
49745
48998
49788
48531
49342
50875
50024
49188
50718
49108
49208
50508
50456
50763
50453
50570
51250
49470
49765
49108
49185
47959
51749
49048
50264
49980
50392
50963
49532
52060
49271
48399
51883
50452
49421
50599
49055
52567
51079
50649
50445
50972
49403
51148
50029
49098
49995
49447
49284
51299
50524
48797
49622
49682
50004
47799
49165
49463
49510
48287
51458
49116
49206
51118
50804
49989
49551
49820
50560
50013
49463
50656
51515
49930
50880
48585
50593
49957
49441
47683
50251
48869
50210
50496
49703
48251
50640
49861
48990
49076
48226
49977
50527
50464
49184
49710
50088
51878
49395
49424
51339
48150
49627
50311
50689
49726
50979
51166
51569
48776
51113
50254
50262
49855
48589
51119
49424
50445
49022
50713
47527
49528
51375
50087
49788
48531
49690
49755
51234
50145
49326
50655
51348
50261
50886
49848
49604
48887
49156
50547
49404
49942
51920
50687
50751
49514
50666
50513
48166
50545
50323
50284
49551
48807
48175
50961
50108
48423
49218
49590
50851
49196
50504
50853
50883
50864
50465
51520
50270
48956
49935
50428
50908
49075
49299
51115
48349
51395
48210
48933
50564
49247
50649
48752
49346
49021
48732
50541
49690
48737
49948
49497
48221
50173
49954
49490
51325
49220
50189
49212
51207
50809
51738
49772
48920
48825
51121
50948
49511
48654
48186
50838
50471
51976
51498
49804
49100
50562
50994
49517
50107
50431
49643
50361
49618
50178
50479
48498
50670
49681
51125
50150
49007
47906
51066
49612
49686
49657
50706
50544
48044
51186
51005
50544
51715
49414
50071
49461
51498
50111
50639
51347
50337
49069
50723
50601
50720
50410
48878
50108
49592
48916
50240
50033
49998
50211
48458
48258
49668
48769
49392
50772
47816
51144
48997
49422
48200
50989
51598
48850
50956
48912
49673
50034
49861
49649
51933
52476
50160
50661
50630
50679
49119
49760
49651
49554
49778
49231
49483
49309
50758
51118
49452
50729
47668
49963
49441
50200
51687
51621
49609
49314
50315
50211
50632
48842
50512
49905
52819
49524
51058
49683
49875
49376
49355
49484
49861
49708
50270
49721
49236
50241
51785
49070
49981
50459
49983
50062
52875
48275
51099
49655
50435
50413
50483
50544
51900
50893
49611
49956
49514
49611
49901
49451
49847
50523
50501
48865
50477
50706
50539
50730
49714
50727
48874
48769
48523
48804
48059
49830
51704
50153
49832
48045
48305
50937
49894
50060
50567
49847
50474
50015
49344
47915
51053
51500
49747
50482
49114
48508
50587
50137
50345
50874
50437
51012
50633
51815
50216
50393
50855
49522
50487
50034
49746
50324
49170
49026
50101
50026
49444
50461
49573
50927
49333
51338
50280
47700
48998
49038
48782
52245
48669
50219
49434
48510
50407
48663
47485
51088
52581
49884
48371
49957
49840
49146
49913
47034
49632
48425
50619
49414
49205
52517
50125
50249
51118
48981
51970
51087
50849
51373
50498
48754
50202
52514
51243
49939
50218
48428
51295
49565
49026
49502
51390
48945
49828
49930
51139
50177
49626
50086
50013
51375
49336
50433
50798
49371
51075
49477
49272
49098
50138
49654
49256
50811
49571
48543
50125
50956
49562
49921
48956
50117
49076
48893
49563
50091
50772
51685
50709
51539
50241
50560
51694
49559
51325
50579
50637
48836
48554
51469
51751
50827
50111
49846
49303
48229
50538
51041
50353
49790
49461
50437
49465
49602
50787
49562
49710
49978
50085
49426
49682
51461
49884
48671
49420
48279
48943
50002
49199
49122
50052
51880
51069
51257
50752
49571
48665
49108
50147
49339
50658
50702
50783
49417
50443
48822
49674
50833
50772
50550
50814
50212
49984
49759
51557
48359
50903
50696
50319
49997
49900
51379
49442
49526
50449
50389
48697
48101
51105
50202
49389
51228
48565
50423
48587
49239
49704
50274
49914
48025
50586
50759
50333
50902
49309
49844
49660
50090
49716
49263
49712
48729
49806
51411
52172
50218
50620
49420
48573
49685
48843
51978
50603
49708
51579
50157
50350
51127
50054
50559
49395
48621
49286
50260
48190
49801
49075
49727
50220
49786
49665
49677
49580
51160
50725
49726
49569
49068
50130
50348
48609
49712
51975
51725
49244
49248
52510
50135
50567
51248
49925
50160
50041
50280
49784
50340
49553
48901
50913
49962
49297
49626
50007
50081
48424
51290
50320
50303
51001
51280
49400
49144
50258
49712
50339
48406
48851
50678
51759
50449
50342
48175
49899
48282
51877
51974
50306
49423
50335
51143
48592
50285
50016
49484
51062
50345
48903
50025
50417
50872
49381
49687
49925
49954
50012
52365
50448
49498
50040
49159
47581
52034
49082
50483
50629
51168
50840
48534
49868
51158
50486
49676
49766
48031
49755
50549
50144
49975
50577
48723
49432
48132
49849
49518
49289
49396
50604
49221
48072
48916
49313
50388
49887
49827
50091
51866
50377
49635
49060
51127
51968
50989
49330
51982
49795
48112
48494
50961
49609
49110
47831
50302
49908
48369
49084
49370
48596
49637
50940
49759
51139
50075
49247
49455
49782
50251
48720
51204
49397
51187
49544
51130
50725
50061
49217
49488
49152
50367
49859
49735
48715
51006
50529
48797
49921
50835
51247
49239
49133
50388
50058
49515
48304
51382
52303
50324
51780
50579
48719
49813
50820
49217
52271
49506
49119
48281
50160
48849
51067
48582
50681
49989
49898
49004
52518
50362
49003
49308
50324
50372
49983
49042
50760
51763
50899
49098
50786
52397
49786
48222
49627
48617
49500
49192
50808
50452
50497
50720
50688
51596
48912
51245
51175
49255
49398
47688
48784
50242
50396
47845
51284
49426
49509
50619
50409
49985
48441
49169
50023
49731
50177
50989
50685
51171
49400
52227
49273
49604
49557
48385
49908
51474
50078
49857
48519
50303
49826
50408
50555
49774
51576
50410
49828
49846
48707
50150
48474
50365
49505
47821
51132
51131
48656
50390
48183
49730
52983
49375
49955
49165
49151
49551
50135
52778
50715
48544
48719
49079
51468
50045
50380
48619
49806
50283
50449
49307
50551
49754
49366
50713
51858
51058
51134
50616
49313
51502
49749
50715
50219
50576
49368
50650
50250
50696
48965
51467
49900
49849
50853
48154
50780
50250
48691
50207
51483
49517
50804
49763
50070
50736
49986
50349
49329
50958
49243
50081
49478
49143
50417
51051
50655
49115
50473
50214
51365
51252
49858
48626
49699
50934
50852
48660
50445
50392
49391
51475
50619
50360
49496
49302
49873
50951
49098
49533
50038
52251
48073
48860
50664
48270
48589
50410
49173
51581
49573
50633
51133
49266
50895
48308
50392
48425
49444
50144
49810
49962
49533
50315
49561
50034
49122
48912
50623
51674
50357
51083
49179
50751
48229
49122
49405
50387
50201
50626
48996
49643
48786
49599
50065
50085
50026
49337
51435
48992
48820
46905
49535
50897
50346
48789
50224
49303
50483
49075
48821
50840
50115
50080
50018
50181
49775
51051
47923
48862
49043
49143
49157
51404
49406
48845
51807
51648
49482
50165
50353
49965
50145
48361
50037
51553
50675
47826
49519
49975
51878
49251
51216
51035
49003
50064
50829
51060
50109
50230
48475
49490
49704
50363
51348
49540
50270
51075
49741
49639
47785
47392
50945
50080
50067
50561
49369
49924
48928
48674
49473
48295
51106
49337
51332
50486
51510
50254
49782
51000
50632
49657
50905
50073
50421
50441
50095
48672
49747
49973
50248
49664
50723
50203
50483
50247
49166
50064
51138
49612
51004
51582
48169
48330
49118
51608
49699
50624
49524
50027
49389
49317
50704
49323
49932
49545
50808
51568
50688
50340
50734
49408
49274
50585
49757
50579
51306
48408
49027
51223
49069
49815
50712
50021
50753
49521
49794
50527
50794
51486
50622
50756
50568
49961
50236
47299
48968
49114
50727
48833
48601
49263
49110
49231
49637
50231
50031
51777
50469
49139
49664
48922
50957
50338
48468
48748
49449
48627
49070
49362
49330
49820
48612
52142
50756
50773
50147
51922
51334
50058
51204
50547
50798
50354
50618
50930
50372
50895
50342
49364
49416
49466
50024
49105
48010
50418
51873
50196
51349
50297
50733
49277
49796
50395
49935
50740
49729
51239
50820
49389
51434
52264
49632
50793
49632
50807
49188
49385
50347
49485
48981
48960
49246
48539
49636
49751
50318
50299
49101
48902
48829
51362
48665
49745
49948
48567
48697
51165
48968
48953
51751
50596
50737
49623
48853
49691
50602
49948
50832
51439
49505
50581
51872
50862
50527
49776
51302
48819
49724
49511
48829
49337
50260
50479
50441
50233
51501
48654
49576
50276
49579
50062
50168
51462
49889
49687
50180
49888
52070
49562
48847
50041
50067
52045
50235
51876
48030
50023
50303
49559
48640
51352
50514
51845
49399
51564
50166
49569
49977
50878
48209
49021
50266
50383
50265
48023
51468
50674
50113
50014
51486
50112
49480
51092
50238
50680
50876
49642
49186
48710
49366
49422
50328
50249
47429
50446
49817
48715
51565
49217
49958
51036
51092
50751
48323
49861
48640
51364
50968
49726
49334
49252
51038
50373
47657
48922
51370
49992
49573
50090
49424
48962
51318
50343
49440
48043
50958
50684
48555
50199
50222
48504
50397
51525
50688
50011
50363
50804
49391
49411
50413
49634
50988
49393
49343
49287
48949
50321
49379
48786
50749
50072
50635
50256
49996
50622
49664
48662
49272
50071
50962
48866
49616
48587
49803
50009
47879
49263
51158
49841
50823
50926
51481
51368
50006
49278
50612
48226
49921
50794
50480
48113
51716
50062
50377
50390
50028
49399
49657
50270
50902
49186
49803
49941
50813
50060
51693
50407
48914
51727
52112
50020
50656
49325
50941
48793
50171
51018
48344
50889
51475
50240
50265
49335
47567
48430
48968
50788
50869
51899
49618
51580
49693
51350
50166
50346
47645
50499
49185
49658
49031
50500
51874
50125
52415
49670
47934
50143
49739
49499
49493
49100
51118
49718
49162
49110
49677
51057
50237
47709
50447
51120
49949
49377
50422
51183
48328
49493
49828
48877
49593
51133
48206
49641
48682
49239
48684
50258
48609
50225
50099
49236
51031
51750
49904
50366
49335
49568
49615
50758
48299
49288
50823
50963
50197
48168
51440
49091
50220
50040
50154
46646
48360
49744
49250
49421
49869
48648
51246
51526
50530
50265
51713
50918
51034
49309
49818
49896
51010
51185
49646
49621
50510
48709
50617
50694
50247
49857
50036
50157
50804
51225
50406
48969
52356
49916
48417
49679
48708
49374
50845
49045
49642
50908
50665
50589
49873
49615
48315
51483
48947
50401
51611
49510
50108
49968
49551
49864
48680
50668
49086
49963
49339
50087
49652
50342
50051
50309
49783
50551
50198
49675
49384
49717
50545
48914
49956
49666
51184
50377
50609
50377
49945
49015
49662
49099
48174
50488
48529
50763
50993
48574
51319
50442
49569
51672
48836
49475
47716
49870
48688
50103
51258
50513
50311
50492
48798
50226
48316
48931
50651
50858
47551
49994
50558
48741
50035
49792
49474
48171
50979
48914
50652
48989
49383
47704
50150
49667
50872
49634
49409
49843
52086
50374
50214
50345
50492
49286
51769
50816
52092
51705
50056
48346
51396
48935
49801
48716
49530
51681
50346
49461
49216
48850
47961
50313
51481
49065
48545
48779
50356
49584
49167
48863
51383
49171
48781
51797
50864
50759
51000
50554
51549
49290
52397
50781
49800
50077
50603
48910
48645
49859
50141
52511
48113
49753
48684
50790
50432
50570
48446
50573
52060
51134
49057
49021
51591
49983
50450
52768
50205
48427
50929
48792
50602
48737
50863
50558
50508
51210
50013
49234
49582
49220
49117
50319
49227
49093
50349
52173
49971
50550
51350
50047
49759
49467
48707
48986
51263
51191
51141
50749
50728
49547
49320
50711
50723
49738
50949
49845
50585
49745
49538
50814
49953
50602
50989
49577
50156
50123
48558
48916
50026
51438
50504
50140
50256
50756
49727
50317
48815
51655
50719
49983
50614
51048
48801
49375
50061
51193
49975
50489
50090
50687
52146
50135
49464
50089
50380
49939
47821
48042
50592
49747
50917
48835
49185
49294
49245
48598
49775
50367
51489
51253
50364
48909
49061
51382
51707
49704
50755
50402
48934
51984
49205
48357
51145
50144
47901
50737
51818
50788
51370
50826
50928
49716
50106
49100
49774
49297
51376
50806
51426
50278
50023
50913
48600
50917
49254
49295
49188
50397
52092
50394
50382
50382
49315
49067
49431
50253
50165
50198
48974
50515
50731
50214
50190
49687
49182
51085
51755
49061
50396
51086
49937
50398
47982
52054
50847
50558
50482
51341
52847
49095
52878
50430
50410
49506
49511
50538
49466
51080
48181
50054
48584
49633
49596
50277
51712
51692
49394
50870
50110
49086
50371
48423
50643
49994
49401
49917
48941
47913
49202
51442
52032
50261
49473
50715
48744
50543
51455
50606
50313
49878
49914
49947
49769
49381
50829
49715
49831
49836
50783
48231
48815
49885
48727
49217
50007
49916
49899
50415
50890
50537
51257
49751
50847
49632
51234
50398
50355
49870
50800
50028
49583
49187
49848
51693
49332
50128
52753
49135
49395
50043
49557
49082
50208
50271
49620
49146
52851
50744
50688
51562
50392
50510
49698
49473
49126
49658
50271
49632
50441
49241
50024
50417
51186
49912
51140
49274
49668
47500
49311
50337
50799
48254
50154
48691
49747
46964
49326
51494
49935
50152
50288
49888
52229
49350
50142
49618
49866
50776
51052
48708
52359
51545
50723
50583
49499
50312
49301
48769
49705
51074
49539
50770
49110
51470
49520
48007
47721
50551
49483
47655
49378
48855
52713
52074
50772
49303
48775
49718
51019
50144
50963
49365
49251
50098
49372
48567
49940
48675
49457
50097
50934
48770
51436
50897
52312
49406
50296
51489
51045
50721
48947
49499
49740
50646
51868
49562
50372
49734
50760
51347
49728
50943
49337
49855
48707
48930
51082
51167
50327
49699
51059
50290
48599
49300
49385
48119
50663
49320
50650
50751
51309
49718
51497
49295
51292
50717
49075
49437
50361
50647
49147
49014
52487
48840
49988
51871
49824
49144
50022
49385
50133
51493
49922
50328
48336
48235
48641
51176
49324
49333
51173
50635
49692
51006
51411
48191
50322
49075
50034
50228
49478
49255
52583
49420
50611
50129
48411
51293
48757
52100
50492
50459
52101
49662
48125
49595
48959
49733
50241
51856
50512
48647
49412
49398
48137
51572
49931
51375
50421
51077
52169
50889
49578
50442
50580
49606
50318
50164
49847
51674
49413
50993
50485
49237
48087
48720
49425
49374
48641
48636
49717
51367
50727
49213
50570
51142
49999
50486
50655
50493
50310
50773
50094
49440
51376
49643
49672
51033
50009
49953
47842
51998
50036
48599
50222
49634
49371
49328
48862
50591
50689
49852
48942
49248
51724
49241
50469
48961
50157
50823
49848
48529
50844
50059
48929
51684
49377
50353
49331
49349
52030
50901
50623
49787
50367
49900
48987
50927
49404
50530
48360
48711
48833
49834
51110
51205
50585
48613
48865
48682
50182
50457
49033
50295
50243
49545
48313
48626
49405
50013
48893
48723
47200
51035
51165
48873
49778
50154
48781
50629
50836
49530
49387
50129
49294
49888
49767
50355
49686
51203
50480
50816
49002
49610
50342
51503
49066
50337
49198
49829
51788
49025
51031
50950
50606
50159
50149
49230
52020
48014
49521
50450
50234
50130
50911
50466
50123
49142
51652
50100
49087
47513
50324
50942
50670
49833
50116
47871
51231
50010
49451
48843
51812
50263
49725
48493
50228
49616
50546
48131
49941
51482
48315
50678
50049
50503
49770
49490
49988
48933
49333
50034
51171
50497
49071
49170
50971
48841
49550
50933
50622
48485
50046
50959
49963
50864
49071
49358
48686
51413
50211
51023
48684
51789
49532
50610
50725
50702
49714
48784
48961
49710
49759
51649
50819
49995
49325
51614
50051
50121
51686
50227
48614
48490
49994
49629
50402
50357
51619
49122
50204
49128
51316
50667
50113
50534
51232
50045
49659
48380
51039
50013
50542
49626
48874
50999
48260
49393
50292
47534
49515
51257
49793
50015
51951
49517
49961
50826
50522
50631
50534
51110
50337
50259
49683
49340
49830
49805
49629
51009
48860
49929
49609
47748
50843
52100
48964
51121
48893
49834
48158
50606
51530
48895
50203
49699
50783
50306
49978
49459
51132
50510
49938
48804
49564
49179
49958
48939
50886
48333
51921
51110
49467
50847
52450
49341
51051
52581
49855
49415
48763
49437
50816
48621
50229
49184
49354
49882
51367
49470
49039
51000
50331
49160
47816
48488
48649
48101
50509
51307
49651
48089
50958
49817
49908
47760
50793
48925
49382
50742
50579
50422
51373
50617
52093
50180
48315
50231
49754
48400
50465
49645
48317
49742
47899
48331
49274
51493
51179
50560
48991
49774
50589
49736
52110
50257
50084
49309
49295
50309
48877
50777
49599
50966
51572
48469
53051
50532
50543
50396
48981
48588
49500
49754
51010
51011
50347
52146
50394
50740
50571
49420
50000
49274
50583
51008
49759
48993
49629
48241
50212
49524
49550
49198
49497
50480
50312
50761
50440
50598
48401
50756
48078
49291
50502
49322
50542
49810
50917
49556
50140
50640
51091
48145
49839
50661
50171
48919
51118
48354
48176
49798
48183
51890
47991
50864
50402
50648
50598
48231
49112
49663
51355
50793
48608
50133
48393
49730
51090
50821
49473
48344
50540
49466
50310
52038
49453
51234
49697
51233
49500
50033
50516
48813
49908
49097
50607
48098
50644
49585
49924
51218
50757
48930
50193
49956
51127
50726
49539
49482
49628
51140
47577
49324
49210
50834
49662
49707
50528
49312
50502
49331
46890
49581
50461
51659
51249
48353
49196
50917
49835
50867
49769
49729
50874
49156
48637
49366
50141
49604
49742
50216
50285
49809
48767
49553
49947
50909
51698
50407
49669
50439
49174
48565
49725
50941
49740
47895
49839
49086
49254
50267
50966
48702
50923
48383
49803
50294
51113
50021
51098
50920
49471
50551
50361
51589
47718
48989
50864
49616
50048
50882
50790
51519
47893
49752
48275
49719
49216
50710
49445
49941
48759
48671
50224
51500
51064
48209
51594
48743
51554
49988
49502
50581
49887
50046
50010
50176
49648
50795
50401
50390
48778
50182
49421
51914
51532
48292
49119
50308
50832
49934
49827
49265
51002
49676
51995
50768
50063
50267
48881
49886
49987
51630
49949
49647
50783
47690
49787
49850
51738
48874
51317
48919
49666
49011
50853
48570
50597
51018
49560
50590
50619
48269
49177
48926
49547
49715
49359
49840
49326
48623
51619
50124
49428
50598
49715
48924
49039
49091
52131
50176
52120
50769
50320
49828
49355
50590
49335
51068
49942
52171
51087
50542
50829
49951
51226
50154
52834
49623
49148
50813
50877
47718
48248
51369
48763
49257
50851
51277
49721
50551
49440
49201
48513
49750
50385
51915
50333
50846
49858
49635
48335
51100
50056
48480
48037
50952
49014
50551
49472
47423
50471
50014
50290
49444
49803
48565
51109
50651
49897
50439
49663
49722
49003
50329
48995
50652
49562
49366
48872
51383
50193
49126
49458
49780
48880
49266
50838
50119
49017
50211
50263
48908
49598
49481
50256
50027
49144
48486
49673
50855
50871
49708
48225
52889
49329
50349
49551
50214
49914
49935
50034
50175
49998
49698
49956
48922
49780
51003
50601
48497
49221
51313
49697
49096
49637
50808
48656
48701
50426
50992
49399
48824
48453
50706
49325
49523
49294
49580
51091
49356
49977
50156
49524
51934
49931
49634
47792
51382
52257
50796
50191
49642
50268
50597
50783
49766
50040
50634
51192
50922
51866
49917
48473
50651
49723
50654
49261
51680
49825
52053
50215
48262
49693
49192
51122
50401
48898
49648
50916
50589
50158
48638
49438
50348
51065
49635
50291
49067
49954
49239
50266
51058
50322
48734
50367
50670
50038
50164
49753
49919
49166
50008
48877
50533
48839
49374
49093
49604
48377
48202
49213
50350
51113
49400
51176
48891
49440
50727
49669
50220
48816
49641
49028
49158
48185
49972
50935
49961
50963
50696
51142
50339
50339
51020
48753
50023
47595
49218
49594
50959
50936
50237
50445
48944
49583
49087
48633
51421
48664
50537
50563
52260
50244
49873
50710
50171
50263
50129
48034
49630
50506
51035
51225
50180
48311
50873
49411
50745
51277
49490
48345
49629
48077
50028
50602
49803
50043
49663
47661
50630
50996
50692
49607
50233
50025
50184
49484
49586
51480
49729
51044
49508
51122
50201
49499
51200
49211
49225
50208
49862
50464
49067
51985
49562
49598
49156
47991
50080
48446
50831
50196
50441
48890
48535
50785
50110
50312
48920
51057
50142
50294
49259
50443
51137
49072
49053
50076
49270
50005
49495
48977
50412
50142
50437
49402
49369
51284
49978
50511
48163
50017
49320
51260
47630
51494
49169
51475
50898
50605
49386
51266
48626
49300
50164
49791
51499
51928
51410
49084
49009
51051
48551
50088
49115
51052
50126
51065
50762
50064
50318
50104
48979
50548
50232
49205
49219
49987
48933
50910
48481
49850
51095
48131
49830
50458
50397
50133
49767
51083
50679
49115
50487
49505
50869
50674
50482
50195
50788
48659
48655
50124
49140
47726
51313
49026
50138
49255
48088
51766
50506
50915
49609
49008
49106
50389
49787
49572
50146
49316
50107
48030
51677
49151
48810
51765
51164
50286
49869
47862
49968
50482
50261
49985
50177
50103
50345
49353
50385
50842
51233
50083
51088
51127
52058
50007
51054
49533
50588
49281
49917
50794
52315
48103
48665
49834
49883
49816
49896
50756
48897
49886
48280
50826
48887
51228
50907
48215
48034
51229
51221
51599
49471
49494
50100
49871
48282
50371
48600
49540
49184
50451
50774
49667
49524
50833
48410
49168
51147
48753
49602
48721
49951
48076
48494
49338
49512
49679
52056
49888
50874
49692
48638
49723
49905
50164
50885
49142
50744
47986
50293
51069
52193
49396
49524
48407
49305
50270
48903
51521
49853
49600
49775
51440
49194
50844
49377
49582
49360
49998
49766
50288
50853
51000
49784
51078
50279
50436
51635
50661
50188
50606
50847
49562
50204
49240
49851
50496
51094
48778
52438
50581
49236
50497
50323
49317
50488
50252
50655
48316
48783
49119
52234
49935
48697
50210
49143
50396
49579
48826
48586
48225
49497
50206
50653
50822
49846
50485
49559
50370
50302
48734
50039
50028
51884
48567
50404
50252
48552
49960
50700
50125
49813
50507
50625
51843
48351
50377
48256
50771
50314
49580
49630
50428
47866
50979
49002
49344
50824
49996
50273
50013
50936
50692
50456
48181
50027
51873
48540
49740
51488
50461
51212
50598
49249
50327
52290
50394
50519
50192
49785
49693
49753
50790
49798
51158
50615
49741
50281
49963
49554
50531
48981
49616
49126
49520
50198
50322
50811
50737
49358
50776
50685
48821
51075
48177
50313
51147
51118
47487
50125
49652
49771
51241
49961
50518
50249
49709
49838
49481
51036
50783
49675
50432
48188
49520
51672
49879
50612
52022
51002
50862
49379
49496
49836
50226
48521
51431
49742
49943
50477
49664
49648
49869
50416
50502
49934
50939
50440
48884
51500
49805
49802
50264
49411
49468
51192
51445
52219
50781
48462
50264
51351
51025
48321
49315
51430
49699
48700
51093
48790
50377
49957
49932
49119
49883
51133
50827
49159
49729
49557
49026
50240
50971
51640
48984
49428
48868
50488
51116
48544
50411
49429
50184
50755
51655
49365
49394
50164
50969
49836
48839
51571
50294
51310
49804
47710
51028
51093
48482
50063
49066
50448
49981
50848
49171
51134
51600
49551
49267
48330
48523
48021
48579
48856
49719
49606
49045
50199
49461
49720
49590
50776
50615
49160
49896
49806
49192
49001
48558
50196
47623
49904
50746
50147
49116
50321
48735
48051
50354
48544
50386
50487
48776
49425
51015
48701
49798
48622
47933
49338
49341
49820
49818
48872
51352
50211
50065
50839
49694
49950
49108
50973
49224
49158
48344
49087
48673
49950
50098
50969
49820
50862
50498
49370
49983
49233
49586
49076
49577
50905
50493
49610
49314
49098
48612
49746
50207
51144
49552
50908
49581
51654
48758
48872
49937
51082
50663
48431
49615
50308
50253
49428
48430
49187
49553
49150
50093
49635
51776
51414
50138
48957
49124
48647
50920
50053
50281
50310
50363
49103
50272
50511
51047
48721
50538
51209
48292
50323
49225
49509
49397
50614
49017
50859
50073
49499
50991
51405
50786
50928
49992
51129
48620
51532
52549
50283
49543
49752
50448
48253
52839
50969
51209
50811
50991
50756
50824
49109
50809
50860
50310
49853
49890
50042
50995
50528
50480
50626
51552
50208
48600
49556
50256
49466
50888
50797
50076
49569
50046
50558
50313
49482
50722
48960
50282
49303
49408
48806
51205
50009
49651
50517
50325
50160
50632
48215
48429
49864
50270
49892
50569
49466
49763
48334
50043
49721
49180
50094
51139
49476
50870
50218
51660
50341
49737
49607
49387
50752
49456
48910
50251
49783
49566
50076
50048
48919
50757
49573
49869
48003
49611
50712
49887
49795
48252
51932
49979
50705
49494
49752
49570
50199
51848
49704
51683
51549
48631
51632
49811
47831
48941
51110
51055
51555
50125
50081
49337
49755
51033
50691
48733
49381
49709
51049
51479
49773
48285
48556
49786
50023
51243
49327
49889
50856
48394
49953
49281
51031
51193
50792
50100
48347
49232
49816
50782
50968
50858
50278
49482
50477
49433
51809
51806
51515
50264
48974
48988
49282
51400
50263
49152
50560
49683
50136
50615
49926
49201
50400
50711
50535
51743
49585
50667
51599
52327
49756
50654
50419
48097
49480
50159
50049
49028
50858
49935
50338
49747
49453
49283
50188
49281
49975
49124
49776
51224
49109
49264
48746
49592
48993
49987
50319
52030
51304
51202
50607
49794
49791
50840
50241
51399
50766
51270
50197
52238
49232
50720
51148
50544
51036
50176
51610
49625
49758
51589
49480
49475
49616
49407
50368
50945
47120
50027
50837
48612
50039
50239
51436
51550
51597
48941
50669
50394
50033
49414
49980
50904
49930
49462
50244
48240
48551
48502
52135
49631
48564
49113
50354
51055
49822
50163
50873
51050
50132
51215
50060
49674
48868
50543
51059
49123
50563
48886
50501
49752
50037
51559
49943
50628
50293
50412
51054
50676
49659
50023
48393
48640
49339
51020
49579
50611
51174
48369
51036
48294
49078
49338
48857
51276
49632
50834
50953
50446
50988
49459
49539
50186
49221
49670
49973
51147
51154
50492
51166
48807
49272
47064
51146
50579
48571
49587
49510
48614
49435
50699
51896
50954
49588
47562
51966
50490
51916
49949
49880
49190
51101
51440
48508
50338
51066
49646
50070
51722
50895
51736
49918
49510
49974
50212
49989
49152
48758
49584
50935
50197
50804
50231
50414
50759
49177
50101
49525
50912
49452
50583
51540
49680
50051
50321
48743
50830
50154
50413
50862
48913
51808
50759
49538
49476
49683
48943
48955
50133
51199
48915
50324
50275
52295
49304
49469
51322
50225
48850
50222
48489
49125
50220
51665
49462
49995
49904
50605
50187
49681
49882
47894
50467
50826
50292
50003
50597
52889
50731
49999
50738
49748
50992
49204
49514
49536
49922
48812
51517
49663
49572
50445
48405
51211
51643
50246
50292
49599
51170
51108
50053
50882
50029
48818
50244
52734
50100
50445
49842
50645
48909
52132
50802
52253
50993
48788
49133
49692
52115
49486
47634
51356
47845
51449
49609
49705
49197
50477
50367
49660
48345
50120
50561
49017
48169
51758
50673
50190
48733
49931
48724
49516
50054
49838
50364
49421
49534
51226
50106
48726
51562
50518
51520
48996
49555
50381
51493
48951
50188
50052
50750
49557
50429
51205
50748
48377
50235
49880
49634
48829
48290
50276
51130
49975
50836
50742
48091
49532
50986
50206
49671
50279
50914
47765
51013
50004
51564
48934
49675
50156
50536
49805
50741
49151
50601
50019
51108
51911
49817
51626
49731
49932
51727
50876
50208
49087
49316
50061
51855
50324
50097
49329
50149
50281
49544
49560
50776
50147
52648
49661
49826
49559
49707
48838
50537
50578
51027
49550
49615
50969
50167
48344
48481
49012
49881
49562
49227
50062
50733
51416
50421
49742
51563
50209
50066
50248
52725
50839
47528
50460
51152
50178
49927
50490
50019
49619
50585
49710
49709
50287
49643
48439
49628
50326
51006
50212
48601
49723
48250
49553
49937
50295
48550
50148
49916
50472
50192
50322
50588
51214
50257
51065
50186
51189
48677
50778
50542
50760
50605
49459
50610
52193
49910
51014
49743
49377
50837
49551
50844
48456
50382
50415
48740
49829
48369
48952
50650
49225
49241
50848
49096
50540
51222
50278
49723
51117
49056
50664
49993
49539
51253
50901
50523
48582
47989
48952
50852
50021
51586
49708
50136
48769
51008
48029
51077
49160
48996
50158
50430
49898
49947
48744
49154
50374
50163
49726
48937
49857
49265
49196
51204
48758
51521
50664
48128
49410
49024
49277
49644
51405
50296
48441
50313
49095
47774
49844
50997
49941
48823
50598
50297
48997
51849
48212
49703
49347
50914
50655
49992
48782
48796
50445
49431
51223
51468
49903
50997
50002
50812
50576
49766
49139
49647
47592
50053
50135
49042
50312
50615
49912
48435
52003
49925
49640
51996
52142
50877
50226
50373
49693
50129
48522
50005
51550
49188
47966
49288
49861
51938
50385
48972
49861
52318
49467
48728
51330
50710
51239
50600
47984
49328
49067
49089
49632
51267
50027
50307
49627
51374
50788
47797
51511
49794
51052
49969
49048
50160
51134
49119
49423
49776
50330
48726
48341
51326
48414
50121
49414
49989
48566
50756
49607
49603
49787
48857
51165
50781
48901
51117
48845
49497
49274
49674
49298
51229
49348
48639
50782
51379
49837
50837
50153
51583
49747
48675
48016
49733
49081
49065
49378
49440
50261
49667
49783
48902
48640
50977
52181
49356
49853
51468
49297
50055
49832
51870
48377
49923
49220
49169
49596
49725
50647
50797
52313
50674
51408
49711
50180
50229
50618
50462
50166
50102
50693
49662
49886
49277
52789
50288
50375
50185
49739
50121
49892
50667
49671
50457
49996
49121
50397
49870
51064
49464
48567
49045
50084
50061
50381
51061
50563
50419
49349
49218
50457
49888
49843
50403
48823
51488
49234
51511
49199
49252
50207
49626
48173
49923
50261
52616
49854
48747
50329
48842
50330
51369
49222
50996
49155
48480
49606
50501
50175
49376
50348
52596
50138
50412
50274
51085
48663
48762
51169
50332
50953
50125
49057
49659
47863
50561
49596
48955
49113
50598
49695
49704
50041
50167
50726
49546
48919
49163
50595
47677
49564
49907
46794
48458
48990
47467
51224
50432
48496
49288
48503
49923
48977
48896
50156
51025
49842
50268
51385
51743
49410
49425
50250
49795
49033
48504
50821
51153
48473
49865
49191
50432
49638
50332
49488
49682
50020
48449
49588
47405
49979
49228
50962
51300
47263
49544
49209
49749
49694
49628
49974
50618
47805
50420
49984
50422
49276
49626
50112
50977
51278
50656
49964
50748
51622
50691
50547
48387
50554
51178
49061
50863
51311
49861
49792
49719
50136
47783
48653
49256
49666
49652
49246
49166
50841
49257
50914
50899
49791
50567
50268
47071
50747
51596
50073
50672
51486
49801
49777
51004
48840
49327
51926
50732
50415
50009
48937
49813
49014
50090
50385
50591
50681
51590
48169
50938
50205
48841
48443
49021
49789
49309
51274
50528
50401
49074
49336
50281
50032
49757
48889
50686
50228
50752
49167
49589
49065
50909
49055
51389
49719
48299
49670
49741
49977
49464
49457
50720
49634
49763
49004
49768
48797
49832
49564
50835
46480
48826
50015
50338
50321
50575
48764
51270
49639
51246
48276
50305
47897
49899
49138
49547
50037
51315
49229
50160
49433
49892
51385
46889
50970
50666
47189
49310
50612
50430
50273
49527
49423
50164
51420
49082
51156
49432
48760
49626
49868
49563
49656
50104
49532
51399
51128
49785
49749
49759
50120
50081
51243
49160
51503
49381
48818
49637
49063
50581
49181
49541
50555
49550
49732
52313
50687
49799
48047
50864
50795
50157
50433
48623
49298
50882
50348
50296
49485
50332
51177
48763
48998
50577
51213
49942
47440
50219
49695
49245
49634
49832
49297
50702
49465
49117
49141
50881
50954
51016
51716
49830
49165
51312
49739
48196
48435
48220
50352
49907
49301
50206
51419
49115
50364
48748
49739
50168
51464
51060
51008
50730
47014
48640
48557
49185
48190
49223
50591
49973
50837
48997
50041
50708
49110
49960
51062
50015
50890
50498
51892
51847
48848
51542
48049
49281
49273
48604
49825
49306
50869
51234
50384
49206
49782
50725
50357
51257
51088
48478
50677
49863
50038
50912
50343
49686
49078
50809
50188
49294
50742
50920
48702
47355
50300
49500
50712
48621
49536
50201
49730
50175
49749
52497
50501
50105
51528
50344
51359
50168
49201
50010
50064
52020
49801
50120
50670
49274
50402
50599
51012
49946
48744
50444
49175
50241
50171
51010
49742
49729
50359
50635
51532
48014
50365
50400
49391
49641
49427
49908
49814
51011
49330
51158
49750
48395
48965
52112
51340
49342
50517
47338
51327
49982
50185
51365
49811
48528
49876
50531
50947
50989
51811
48844
50111
48405
49625
50215
49921
49364
49915
48792
50169
49391
50572
49213
50659
49875
49740
51463
49024
49626
51887
50789
49550
50081
50661
51114
51435
49307
50633
49118
50587
51605
49662
48280
49701
48393
47730
48563
49711
50930
50793
49563
47863
50410
49410
49296
48588
50232
50209
48704
47757
49786
50381
49402
50560
49891
49959
49237
49472
49875
49889
49352
50773
50750
49679
48461
50708
50397
49954
50978
49027
48823
51284
48818
48001
49092
50862
50470
50263
50314
49834
52114
49602
51297
49915
50340
50927
51080
50178
51392
50498
49820
49468
50403
50361
49595
49600
50667
51155
49698
49813
51039
49095
48950
49322
49558
50949
49971
50248
51005
49647
49908
49703
50438
50907
48533
49571
51285
49100
48575
50048
50742
48832
50080
49198
49730
49813
49944
49814
49878
49560
49726
48845
48725
49890
50642
48404
49810
49516
49993
48880
49217
49451
50148
48356
50633
49086
49802
50041
50615
51142
50023
50381
50758
50850
50253
51118
48759
50634
49599
49747
49091
51588
51570
48989
50605
49784
49740
49989
50425
50158
49346
51302
50011
48793
49517
50913
52520
49436
50062
49912
52321
49369
50649
48799
49692
51039
48429
49876
50091
50066
50410
49633
49741
50303
49033
49539
49867
50866
48230
48906
51198
49126
49058
49904
49462
49259
49039
51131
51178
48953
50118
51577
49535
48578
50645
50491
50448
50017
50694
49222
49119
50244
49244
50758
52152
50894
48534
49177
49056
49390
48463
49799
50095
50176
50149
51574
52235
48582
48689
50878
50007
49902
48730
49148
49031
49929
49826
50889
49941
50310
49079
50240
51092
49562
49208
52185
50760
51150
50247
50837
49551
50442
48406
51288
49395
50808
49969
52243
49142
49201
50863
50542
49091
47973
48846
49541
51394
49377
49921
50216
49661
48874
51147
49962
50880
49724
50568
50810
49227
48601
50754
50955
48108
50425
49679
47892
49336
49110
49850
49010
49792
50098
50772
50907
48907
50597
49072
50183
49949
48415
51615
50691
51863
50323
49073
51197
49495
50484
50582
50204
52067
51745
50513
51570
49549
51389
49996
50210
49934
47853
49470
49886
50106
49763
49755
50137
50733
53018
51700
50913
49726
48322
52418
50739
51803
49404
49379
49617
48645
50925
49130
48931
49616
50490
49678
49974
50045
49824
49463
49104
48535
49756
52081
50998
50060
49365
49057
49751
50715
50679
51060
49475
50024
49324
49400
50224
50309
48957
49674
49771
49601
50790
48949
50920
50531
50032
50672
50995
50530
49485
50085
49760
51426
48893
50573
49122
50403
51211
49044
50128
49269
49786
48814
51966
51166
49744
51951
48838
48844
50026
49960
49723
49978
50690
49759
49493
50673
48139
50516
49187
50964
51330
51483
50390
50612
48371
49364
50831
48044
50461
51014
49317
50845
49359
50196
49991
50473
50793
52677
50718
50451
49283
49810
49211
49525
50087
49847
52177
50933
49217
48931
48730
48199
48505
49847
50270
49970
48771
50552
51127
49271
50463
47856
49388
50043
50042
50372
50199
49592
49499
49233
48493
48569
50101
49558
49140
49180
49678
48476
50851
50343
49441
49956
51234
48877
48541
50535
48311
49210
49660
50287
50997
49077
49824
49518
49666
51559
51418
48957
51252
50434
49904
50129
49821
50490
49956
49488
51920
50219
50115
50329
50168
49693
49895
51982
50453
50572
50639
49877
50002
48143
48452
49726
48820
50118
52009
50202
50655
51343
48543
50846
51845
50400
50928
49914
49716
49193
48597
48551
50004
51030
49113
49910
50418
49274
50945
52526
51095
49931
50190
47776
49725
48911
51018
50376
47124
51154
52195
48957
48763
50726
51915
49660
48213
50755
50178
50523
51487
50050
51958
49198
50032
50252
50581
50564
51238
49947
49540
50823
49455
48460
51304
51011
49111
48751
49198
50743
50172
48948
48094
50520
48341
51534
48322
51254
48313
49018
50183
51221
49855
49310
50825
49997
52027
49643
49049
50601
51086
51181
49092
50805
50239
51168
50310
49023
48997
51762
48897
51167
48713
50362
49426
50369
50050
50092
50578
49068
50417
48688
49447
48181
51067
47931
49513
50571
47818
51180
52123
50663
50366
48381
49940
49215
50656
50042
49888
49321
49546
51416
49686
49619
51045
50347
50876
50223
50719
49825
49874
49574
49224
50342
48934
50172
48695
50158
48888
48000
50668
49530
48897
51450
50376
50854
50170
48208
51118
49383
51010
49674
49556
49310
50478
48511
51159
49865
50094
48620
48603
52144
50996
49968
49715
49615
48871
47828
51359
50072
50348
49070
50334
51426
50586
50545
50281
49667
50331
49629
52221
49736
49410
49096
51530
50094
49599
50493
48845
50290
49787
50684
50644
49812
50565
52222
51334
51441
49973
50024
49419
50233
49441
49824
50106
49190
47823
48827
49871
50063
51254
49689
49682
49991
47740
49231
51231
50154
51922
49363
48086
49163
49761
50195
50045
50357
50814
50358
48446
50048
49793
48946
49786
50577
48136
50534
49746
49228
47555
51031
50960
50348
51507
51798
50851
49107
50528
49077
48892
50347
49362
49332
48993
51028
50561
48369
50269
49103
49947
50457
51987
49535
50616
50618
50235
49733
49489
50344
50352
51107
50815
50106
50113
50578
51143
50804
49663
50422
50997
50684
51011
48815
48727
50527
50988
48006
51766
51072
49696
49423
51089
51168
49930
49715
48138
50554
49166
48713
50218
50121
51574
50623
50758
50844
50091
49552
49240
50400
50259
49625
49796
49649
51298
49417
49836
50981
49558
49625
48595
49852
50206
49037
50372
51146
49658
50198
51837
51892
49733
50024
50596
49667
50247
51309
49888
51324
49494
50596
49155
49892
48062
52421
50789
50214
52103
50997
50862
50057
50215
50952
50896
50035
49858
48185
50049
50747
50369
48654
50546
48323
50689
51327
50664
49435
49966
50109
51287
49495
51443
50082
49825
49503
51374
49059
49775
49688
50468
49710
50985
49266
51419
49117
49285
52045
51410
49671
50164
50238
50479
51002
50563
48358
48616
48071
47803
50247
50725
50354
47864
51417
49370
49857
50911
48696
49655
49555
50276
49893
49503
48477
51442
48960
50529
49594
50702
50897
50739
50381
49647
50108
48209
50795
48850
49646
50054
47776
50327
51376
49560
49241
48788
49106
49536
50217
49624
50135
51904
49216
50397
48641
51989
49530
50962
48601
50887
48323
51226
47896
48319
50422
49820
50798
47635
50593
49361
52243
50685
48682
49587
48351
50979
47668
49935
49973
51487
51431
49362
49714
47484
49684
50264
49596
49664
49734
50224
49828
50214
50036
49634
49952
50385
49724
50922
50111
49905
50422
52174
50852
49581
48104
50062
49382
49138
51906
49739
50364
51077
51272
48796
47691
50755
52715
49622
49028
51133
49834
51650
49960
50186
49306
48974
48689
50885
48969
47548
51421
49891
49931
49552
49962
51023
50905
50081
50343
49563
49534
51071
51416
50381
49243
49322
50506
49794
48464
50421
49876
48711
51161
49779
50872
51353
49717
50951
49628
50381
50491
50746
49239
48708
50227
50036
51201
51321
49011
51635
49997
51401
51529
50715
50148
50341
51443
48389
50455
50439
47949
49716
50694
51763
50336
49539
49493
48015
50791
50462
50176
50788
50073
49213
52865
49589
48416
48645
47839
50130
49842
49852
49582
49992
49096
51194
47665
50061
49850
48992
48337
49659
48928
48118
50884
49699
52212
49758
51339
48798
49799
48063
49094
48755
50758
49988
48639
49390
51477
47499
51078
49346
48756
50606
49985
50406
50475
50810
51494
49832
50395
49778
50367
49349
48465
50311
49153
52079
49835
50160
50690
50125
48602
50373
49278
49515
48518
48801
48911
49298
50047
50860
50382
48208
50435
49660
50091
50184
50140
50133
49108
50178
48847
51233
49096
50173
48735
50029
49291
50377
52068
49927
49065
49891
51709
49165
50206
47673
50755
50045
48204
50348
49939
49514
48694
51545
49748
49859
49983
50011
50036
48983
49752
49183
49066
50562
50119
50592
49788
49237
48742
50105
49143
50747
49941
49388
52697
51335
51641
50008
50392
50893
50314
48642
50483
48770
48455
50778
49244
50438
48898
49585
50973
50476
49589
51279
49556
49898
49844
48680
50339
49835
49278
49452
48854
50962
50671
51820
50510
50419
49138
51070
51236
50723
49114
49600
49937
49814
49748
51106
48407
49861
49662
49094
50480
50102
50339
49741
48957
48575
49629
48872
50132
50261
50617
49268
49734
51789
50406
50525
51249
51345
49752
51075
49593
48668
48981
50061
49251
48508
50804
51179
50415
50377
48420
50285
49364
49711
50539
49647
51031
50671
51881
49647
49019
51469
49476
51018
52296
50501
51483
49433
49105
48907
50444
49204
51022
48668
49898
51237
48520
48736
49888
48676
48905
49608
49484
50505
50068
50568
49575
48988
51006
49872
48933
48878
50075
50959
48923
50729
48676
50940
50237
49896
49954
49882
48735
52690
49152
49752
49922
50960
50184
51719
50142
48983
49380
51005
48815
49827
50654
49907
49814
51144
49529
47712
50058
51283
49333
51174
48768
48327
50189
51056
49782
50524
49806
50773
49018
48927
49072
50624
50004
48964
48059
50856
50702
50892
51128
50182
51735
51698
49001
50535
50570
49060
49497
48412
51178
48618
50761
49545
49410
50477
51048
50239
49711
49541
49010
51030
50236
49133
50586
50486
49999
49965
50468
49824
48709
51879
51157
52020
48548
48921
48479
49014
52352
48484
50912
49974
50766
48921
52360
48002
49149
50377
50831
49222
51853
48984
48763
48425
48905
48471
50331
50333
49828
49350
51858
49682
50994
49392
50380
50451
51383
51425
49660
49637
50543
50830
51743
50339
51816
50074
50864
48867
48166
50638
50309
49864
50352
48283
49918
51043
51412
51795
49627
51115
49226
49704
50073
49344
48256
52326
49901
48952
48947
50527
49182
48792
50612
49529
49616
48593
51024
49807
50366
51578
50271
47313
49042
50368
51045
51130
50366
48945
49804
48368
49928
50371
49397
49957
49967
50470
49924
50601
50935
48848
51820
50232
48766
50395
50338
48716
51400
49789
51868
51382
51265
50190
49090
49611
50482
50083
48710
50042
49642
52169
49389
51703
48032
51568
49101
48230
50305
49168
51231
49792
48845
50222
51732
47827
49739
51982
50673
48888
51342
50661
50409
50308
49702
48744
49772
50778
49884
51496
49943
49545
50230
51067
50323
50451
50988
51658
50028
49379
49429
49918
49179
49639
48917
51467
51598
50917
49735
51301
50093
49913
48594
49412
50244
49537
49328
49232
51415
50671
48672
49042
50879
49322
49946
51140
49637
51123
51802
49859
50889
48437
48977
50511
50496
51087
50504
50484
49081
49163
50134
50049
50541
47695
49280
49283
48933
49062
50518
49758
50145
50817
48594
51220
49499
49381
49781
48491
49669
50297
50729
51026
50350
49754
49593
49791
47895
50320
49518
49468
49532
49355
49234
50569
50204
51846
49617
50643
49288
49177
50887
50127
51259
49286
48557
50743
49376
49628
48347
48500
50680
49747
51207
48662
50614
50312
49442
50159
50315
51795
49742
49030
51339
51043
48338
48893
51825
49209
48352
50850
50595
51442
49497
48639
49350
49279
48810
50330
48172
49761
50167
49484
51206
49845
51106
50300
48982
51183
51197
48827
50969
48081
48604
51892
51207
50781
49990
49962
48336
48002
48910
49556
49586
49329
49434
50332
48203
51583
48575
49783
49518
50919
50096
51061
50438
51418
49484
49618
48771
48198
49642
50238
49907
50459
48857
50309
50633
51269
49642
48552
49218
48575
48503
49840
50192
49494
51847
49388
51529
48833
47978
49495
51769
51596
50528
50112
49010
51342
48945
49902
48536
49844
51861
49319
49542
50512
49256
48939
47797
48132
49994
47965
51022
48860
52229
50137
49511
51985
50429
50235
50555
50086
51348
47760
49830
49290
48766
50963
50330
51491
50816
49301
49416
51719
49065
50330
50139
51981
49171
52014
50484
49160
49617
51258
48878
50668
48869
49409
51008
51293
49721
50378
49564
47464
49859
49074
51495
49782
49828
50616
51335
49111
47659
50395
49877
50036
50826
49048
49468
50348
50464
51501
48554
48286
50281
52080
49696
50653
49956
48150
50177
47400
49644
49568
50809
49987
49652
48883
51703
49734
50850
48599
49523
50428
50696
51083
48647
48589
51476
48696
49717
49427
49736
49375
46612
49215
47442
50145
50359
49679
50589
50640
49659
49546
50728
48311
49659
49974
50985
49443
48675
49573
50460
49674
49691
48940
50217
49503
51279
51239
50801
50075
50378
49988
48891
52112
48815
48734
48695
48565
48701
50335
50530
51152
48682
50286
51463
49581
49190
49943
49823
48672
51435
50731
49157
50160
49488
49415
48508
50051
50200
50669
50251
48705
49449
49645
51278
50697
49549
49393
50243
48139
50167
50558
50136
49761
49613
50794
50995
50016
49028
50219
49032
50442
50818
49667
49662
49904
50349
49182
49716
49083
49623
50050
49394
48634
50104
49366
51692
48119
49553
50218
50090
51513
51200
49991
49024
50931
50117
50324
48142
49501
50072
50513
49436
48802
50826
49810
50068
50645
48099
49614
48436
50323
49702
51969
50866
48556
49682
50441
49233
49438
49330
51065
50114
50756
49639
46373
49908
48300
51763
50530
48504
51124
50550
50158
49817
49218
50243
50949
50007
50476
50014
50855
49190
50626
49772
49485
50058
50790
50467
51021
51793
49986
49219
51424
50902
49776
50178
49476
50937
47753
49232
50046
50823
50243
48343
50649
50740
49794
51275
49829
50184
50548
49851
49484
46973
50912
50930
50176
50457
50687
49760
50539
49471
51546
50495
50404
51513
50713
50381
50906
49470
50845
50553
49413
52092
50480
51955
51263
48472
50640
50535
50468
48820
50721
51227
49690
51103
50148
51112
50164
50975
50023
49176
49070
49122
50302
49692
50171
50673
49661
47824
49442
49782
49651
50767
51007
51122
51815
50290
50761
50609
49852
50207
49689
51188
50437
49409
49757
50776
49995
49456
50416
50548
50830
48152
49320
49162
48867
50040
49566
49313
47262
49680
49558
51191
50791
51214
51008
51032
50387
50297
51531
49109
52039
50438
48643
52304
51551
50761
49179
48198
48607
50908
50326
50283
49518
49464
51387
49431
49370
50419
50554
49935
49409
50387
50891
50941
52519
50099
51234
48636
50546
48266
49444
50011
49310
49713
49806
49680
49264
48902
50107
50809
49015
51282
50493
50940
51457
48789
49387
50247
48875
49717
49276
49334
49650
50914
50173
50131
50036
50194
48975
49620
50467
49986
49934
49568
49899
48378
49860
49649
50655
50817
51258
48806
49786
50696
50587
49587
49863
50995
51492
51545
50518
50794
49133
50787
51483
49662
51097
48710
49387
52163
51034
50079
50079
49537
51095
50390
52555
48635
49426
49270
49465
49708
49347
51322
49642
50212
50368
50115
49995
50517
47506
49671
49924
50081
49038
50836
49324
49549
50361
50276
49937
48390
48930
49924
51666
48658
50415
50301
50328
51033
48200
49597
49711
50754
49518
50417
48908
49290
49647
47131
48967
49729
49249
49512
49288
50264
50077
51811
49613
51029
49620
51548
52504
50763
48891
49306
50845
50186
50207
50028
49367
50761
50075
50294
49694
49548
50805
50867
49824
49580
49611
51144
51385
48119
49305
49280
50401
49580
49465
49368
51899
49595
51006
50041
50215
48030
49340
49457
48878
50308
49699
50807
49743
49723
48205
50243
48339
51567
50410
50326
51247
50185
50226
48416
49644
50524
48605
51012
48993
49979
49103
50492
50071
50472
49105
50726
51810
49688
50355
49537
50226
49937
49523
50501
51116
52201
49879
50830
49004
49850
50436
50495
50380
49123
48621
50711
48832
49697
51403
50765
49096
49190
49423
50500
50228
51778
50268
50824
51331
50233
47980
49030
50301
49769
49616
50526
51356
50494
51733
51319
52202
51096
51294
49903
49269
49119
50469
50513
51773
50339
48867
50246
50618
50663
50468
49922
49739
50162
50018
50119
50354
49170
50308
52062
50984
49137
50666
50786
49758
50632
50845
49597
51025
51734
51354
50218
50643
49945
51107
50620
49726
49882
49197
49951
50236
49261
50900
51871
50629
51081
51453
50657
49682
49594
48782
48765
49789
51467
50911
48910
51115
49649
47927
49816
50959
49987
50452
51649
49704
49901
50507
51291
51747
48586
49828
52288
48711
49246
51530
48907
50396
49594
48480
48916
51342
50567
51555
48985
50743
50222
49810
49845
48599
49994
50794
49541
50584
50420
49700
48504
48398
50900
48485
48669
49905
50749
48858
49115
51155
49818
48846
49467
50524
49040
50141
51766
50197
50972
49202
47721
50094
49384
48698
51902
49907
50242
49920
51452
49822
49542
49523
51289
49680
50646
50997
50702
50975
49718
50058
51246
51805
49847
52325
49834
49636
48721
51134
49257
49761
49543
49826
50553
51115
51398
49053
49232
49431
50955
48396
50294
48415
49091
49592
51219
49186
49190
49166
50686
49404
49422
51096
48544
51775
50324
49628
49188
50674
50163
50871
51341
50251
51432
50361
50309
48784
50210
50471
48721
52127
49131
48383
48801
49083
49321
51036
48930
50772
51664
51033
49741
47613
48161
50276
49596
51339
49411
49079
51881
48973
47927
49419
50083
51614
51664
52294
49576
49278
49173
51128
47929
49645
48642
51453
48545
51255
48639
51618
49929
48445
48480
49251
48508
48956
48511
51079
50302
50462
48557
49442
49965
48986
49599
50895
50692
49963
51048
51146
49222
49698
50909
51548
48524
50939
49523
49891
49145
49990
50176
49805
51032
50433
51513
49213
50043
52049
49181
50997
48769
49323
50292
50481
48645
49126
50609
48733
50340
51388
50467
50273
48962
50388
50116
51242
49092
50768
51555
48151
50455
50191
50719
50094
51531
51468
50317
48400
51926
49058
49263
50617
51386
50571
48833
52208
50251
50825
50381
50514
50701
49974
49640
49977
50884
51813
50394
51114
51542
48573
49445
50157
49824
50338
51235
49738
50681
48870
50624
52146
50250
50566
48055
50461
50336
51087
