50124
48757
50424
49846
50595
50198
51435
50173
48176
50332
51072
50443
49397
51039
47321
49194
49417
49828
49515
48420
51021
50880
49136
48974
50819
49370
50277
50280
50140
50318
50043
49955
47911
50524
48719
50827
50415
52207
51380
48383
50670
51209
51304
50476
49408
49686
51753
50207
50702
50346
51184
48281
51607
50013
50727
49903
49397
51785
49334
49448
48474
49496
50139
48052
49792
49483
49948
49435
50606
49618
48809
50359
49867
49476
49314
48930
48653
49326
52848
49752
50179
51267
47962
48915
50710
50254
49753
50533
49569
51648
49633
48231
51286
49400
52913
51915
50302
49705
52299
53303
