50323
49487
51034
48707
50121
50677
49230
50461
48975
48401
50272
48682
49010
48768
50781
50134
48717
50476
51130
50103
49931
51344
49327
52915
51128
50733
50085
49726
49714
50311
50325
48886
51981
49385
48876
49379
49363
49444
51870
52067
47908
47597
49612
51579
50812
49729
48928
49716
50536
52136
49820
50401
49334
50193
48226
51221
51676
50160
50326
50444
48721
47908
49436
50538
49842
49912
50384
50197
50160
49408
49760
49451
48912
50202
50159
49991
49850
50090
51001
49727
50213
50536
49650
50673
51559
50834
50814
50895
50010
50105
49986
50325
49882
49857
50919
48514
50094
48447
50459
51290
50331
50422
50566
49646
50889
50136
50227
49727
48907
49572
48402
49780
49361
49234
51380
48314
51004
50821
50081
51180
49530
49114
49839
48551
48471
50072
51755
50906
49629
50184
49397
49859
49952
50690
49882
50430
49837
51305
50373
49895
50558
49834
49830
51094
47040
49613
50553
50468
51874
49822
50583
49590
50637
49121
49900
48492
50926
49326
51391
50715
50331
50899
51572
49885
47955
51454
51321
49820
49384
51672
48784
51538
49305
48972
50587
51471
48621
50656
49820
49418
50389
51526
51061
50577
50748
51659
49939
51290
50570
49645
50399
52042
50380
49183
49944
51011
49693
50202
48935
49843
51157
49571
47961
51209
50705
49632
48083
48618
51479
49821
49947
50728
49335
51412
48406
51216
49691
50165
50723
52053
52412
51501
50778
51077
49474
50580
51345
49661
49957
49664
51531
50729
50770
49627
50329
50668
49883
48167
51525
50063
49407
50425
51184
50961
48803
49489
50465
51824
51168
49189
49149
49095
50897
49635
49474
48544
50403
48887
51063
50177
47766
50983
50797
50546
49677
50119
50271
49562
49922
49849
50633
51347
50523
51117
49999
50440
50448
50789
50227
48961
50270
51180
50322
50548
50850
50589
50787
50337
50745
49879
50092
49879
51269
49707
50957
48367
50127
49242
49554
50898
50363
49018
49239
50217
48965
49965
50000
49472
50192
50431
50017
47914
50705
51366
49435
49491
50569
49323
50274
49665
49728
51253
49419
50792
49875
50028
48091
48745
49802
51377
51491
50401
49312
50188
51429
51255
48592
50027
49976
50092
49483
48631
51666
50500
50794
51799
50020
50199
49581
51481
50375
48164
50671
51281
48510
49114
51662
50963
48879
48839
50672
49359
50987
51127
49529
49475
52257
48350
49974
50439
50328
50741
50064
48823
48924
49374
51981
49789
50423
52416
49361
51454
49778
50184
49338
49316
50754
50032
50354
51648
49706
49505
49923
50223
49631
48931
48190
50596
51050
47961
51011
51484
48762
52524
49077
46870
49452
50944
49190
50075
49892
48840
50791
50276
50516
49999
48766
49630
49494
49380
50091
50867
50503
50099
51385
50818
48170
48488
49793
49610
49696
48034
48939
50563
50465
50882
49479
50477
50484
49885
50646
48753
47853
51988
50226
51624
50736
49747
51316
49095
48058
50205
50537
48426
49393
49345
50931
48961
49237
50178
50817
49866
50034
50942
47458
51011
49642
50683
50761
49095
49182
50509
49620
50975
51347
49120
49515
49827
49689
50530
50378
50230
51155
50662
49665
48911
48906
50706
49606
51365
48785
48207
49698
49795
51313
50667
49625
49656
50208
51091
50570
50328
49680
50370
49005
48022
49534
49291
51837
52702
49724
49689
50903
49405
49978
49658
49540
48793
49598
49920
50075
50629
51941
49158
50169
51061
48851
50795
48818
50908
49740
51336
50053
51056
48565
49211
49630
51280
51298
51077
50655
49697
50876
49164
49787
51828
50568
49160
51212
49636
50042
50079
51533
49485
49247
50131
50070
51365
49358
48981
49754
48392
49612
49193
49320
50425
49504
51030
49178
49653
48952
50448
50970
49069
50585
48646
50409
51263
50692
50616
47982
49777
51363
51710
49534
50282
49937
50864
50782
50187
50773
52027
49734
52456
51979
50155
48091
49897
51175
49258
49789
50544
51011
50755
51249
46553
49365
49962
50572
51121
50523
49761
49377
50783
49131
49670
51161
50500
51083
51080
50794
51015
50810
49710
48293
51502
51068
51321
49698
51739
51392
49281
49780
50401
47929
48825
50295
50591
49092
51137
50470
49802
50499
49404
50629
49296
49955
49092
50056
50078
48741
49852
50653
49751
50046
50191
51393
50856
50631
49811
50085
50218
51958
51621
49194
49546
50031
50877
49144
50043
51751
47744
49644
51769
49861
50809
50810
50312
49435
49098
50363
49959
49602
50570
52025
49140
47211
48921
50314
48888
49611
50510
50207
51626
48038
49431
53307
51310
49978
50566
50684
51168
51687
50725
52260
50480
51381
49823
48646
50242
49887
48576
49321
50314
51676
49521
50385
49844
51843
50201
49445
49533
50253
49111
48218
49397
47483
50280
51300
49467
48813
50078
50967
50139
49350
48001
49099
49676
50257
50183
48933
49174
51565
49141
49706
50440
50257
49719
50009
49663
48396
50244
49409
50007
51811
49881
50069
50347
47915
48912
48602
47976
48859
50490
50487
49589
49416
49253
49775
48281
50756
50764
49411
49410
48001
49910
52523
51711
49777
49884
50166
49848
49693
49378
50497
50006
51795
50178
49634
47630
49983
51828
50388
50498
48584
49143
49735
49602
49794
50212
48261
50659
50729
49208
48911
50967
49875
50511
50656
50245
50824
51425
50022
50387
49816
50990
48675
49869
50047
49845
49092
48186
50364
49906
49998
48971
51187
50093
50666
49931
49809
48188
49601
49518
48949
49802
49769
48753
49859
51570
50216
52901
50049
50031
49458
51155
50077
49152
50378
49655
51973
49621
49849
49886
49222
49210
51354
49169
51414
50667
51160
49568
50327
49060
49080
49161
49520
50766
50258
49490
49624
50638
47536
50074
51768
50769
48160
47961
49885
51132
48650
49165
50485
50448
49362
49791
50071
48656
50644
50185
50877
48917
51980
50799
48932
50037
50829
49332
49087
48663
48794
50601
50236
48362
50239
49040
49075
48742
48833
49054
50278
48837
49109
49264
49390
51336
49696
50533
49739
52025
49772
49898
49510
49856
49588
51149
49975
52140
51013
48361
51049
49899
51274
51009
49105
51232
51682
50387
49488
50700
50474
50341
50237
51443
48749
50661
48424
50081
48795
52006
52546
49475
50968
47910
50762
50732
50610
49687
51931
50188
49308
49776
49705
49060
49176
50192
48857
51347
50037
49607
49597
50632
52351
50256
51062
49711
50402
51997
50276
53356
48286
51059
49731
48744
49166
48773
50957
49731
50079
50564
51580
50250
50096
51704
49813
49003
50921
49652
50490
49304
