50795
49963
48994
50430
49770
50446
49746
50948
51191
51069
49575
50622
50687
48380
50814
48044
49661
50571
48679
50644
50606
50144
49546
49859
51221
48474
49978
49992
51088
47117
49911
47816
49963
49192
50147
50307
48022
49126
50153
48906
51418
48127
51113
50618
50107
49453
49093
50237
50321
50435
50170
50635
50229
48785
49127
50238
49104
50716
50874
48966
52292
49319
49934
50368
50887
51181
51388
50101
48915
52009
49853
50720
51186
50625
48802
48374
49299
48937
49997
50837
52222
50017
50074
50254
49194
50949
49988
50128
49505
49664
49180
50854
49912
49327
48965
49916
51412
51029
49268
49459
