50438
49693
47754
50353
50001
50431
49545
51431
49578
50823
49820
48757
50508
49586
49895
50904
50375
51355
49451
50415
51150
50253
51724
51751
48265
52197
50118
48804
50855
49243
49590
50133
51004
50203
49971
50552
50759
50138
51413
51087
48855
49884
50303
49361
49199
50461
51543
49059
48596
50361
49254
48987
49246
49503
49341
49890
49877
48505
49371
51334
50249
50593
50589
50393
50952
50428
48385
48333
49425
49760
49092
50200
49287
48868
50647
49806
50874
49937
50287
49982
48985
49841
52647
49161
50845
50653
50233
48531
48865
50079
48811
50155
49907
49291
48465
49178
49506
51835
50231
48525
49850
50167
48949
50441
49562
49514
50659
50995
49532
49644
51224
49361
50441
51471
50468
53117
49688
50510
49320
49488
48352
49935
49447
50157
50214
50175
48827
50348
50573
49157
51166
49896
49158
49835
48372
50066
48891
51482
49406
49351
49748
48651
50807
50888
48611
50430
50923
50573
49826
51984
51672
49762
50477
49527
50293
50635
48963
50449
50322
49706
50642
48672
50170
49666
48633
50478
49386
50173
51664
50277
51066
50661
49255
49487
50188
51316
50633
50849
49616
50355
48975
49622
48528
49217
49933
51125
49213
48984
50031
47723
48923
50750
51004
50962
51529
48375
50331
49152
49081
49683
50702
48947
51240
50329
51784
50555
49900
47625
50105
48316
49056
49532
50006
51089
48822
48860
50112
51003
49959
50458
50433
51175
48845
51475
51521
49856
50977
51461
52177
50624
48944
49941
50525
50870
50685
49612
49657
50112
49291
49990
51283
50807
48806
49946
48737
49205
51816
50925
51110
51102
50855
50075
49108
51571
50530
49807
49000
49866
49347
48755
48808
49835
49743
49259
50959
48706
48206
48679
50483
49848
48549
49417
49462
50836
49187
48957
48613
50513
51273
50627
48011
50593
49799
49521
50923
49274
49375
50402
49081
50344
49145
52546
49093
50227
51197
49497
49664
50734
51762
50265
50703
50977
47770
49905
48172
50242
50744
49693
50135
50087
51136
50746
50217
49380
50303
49867
49686
50486
50593
48174
50138
50059
50588
50550
51335
52441
48981
49742
51321
49605
48810
49261
49885
50891
48402
49330
48939
49561
49430
49232
49157
49427
48387
49154
50347
50630
50199
49226
49525
49247
49431
49465
50840
50896
49353
52786
50255
49669
49652
50547
51181
49756
48764
49615
50664
50644
49579
50079
50837
49515
53640
49202
52503
48475
52078
49813
50533
50864
49708
50950
49649
51382
48030
49320
50296
49176
51239
49822
48393
50469
51148
49367
49851
50134
51329
50553
50256
49625
52163
51363
50270
50477
48999
50122
50471
48790
50267
50166
49650
50001
48871
49357
51421
49819
50140
50089
50007
51247
48665
51233
50258
51696
47494
49894
50297
51470
49584
49491
50092
49368
49699
48320
50263
49345
47091
50038
50917
48565
49045
50513
49539
50454
51013
48596
47615
49884
49955
49797
49822
48332
50705
50944
49026
50304
48977
50447
49306
50469
47958
49864
50619
48584
49444
50877
49215
48664
50648
50067
49867
50287
48483
51294
48285
50645
52117
49936
48619
47637
50402
48964
48756
51537
49809
50183
50869
51477
48261
49252
47694
50567
48235
49841
49714
49344
49002
49354
50142
50244
51259
49490
50330
49429
50432
51052
50461
50936
50375
49478
49466
49090
50039
49746
49689
50336
49601
49190
49153
51355
49401
50363
50123
51978
49301
51118
50450
49068
52430
49657
49852
49133
50572
51928
50742
49629
50109
50606
51058
50116
52274
49539
51802
49143
50726
49308
48976
51146
50349
50311
51742
49806
50409
48663
51536
51923
51756
50447
52117
50378
50111
50156
50957
49494
50196
49843
50712
49137
51162
49689
51212
48652
51357
48460
52361
51365
50326
50512
51699
48507
48103
49709
48646
51264
49830
49646
49103
51839
49259
50885
50431
51578
50775
50218
50337
51098
50954
48528
48563
50925
50000
50676
48288
50533
51157
48860
50290
49701
50679
49249
49149
49034
50681
49383
50298
50434
50963
49775
49145
50759
50075
50999
51100
49759
52073
51316
51230
50076
51063
50982
49475
49038
52085
49690
48165
49929
50583
50391
49237
48818
48334
48596
48958
49282
49689
49711
50091
49827
49679
50506
49905
49213
49082
51674
50159
47400
50487
49581
48058
50272
50264
49634
50256
48974
51084
50547
50053
48883
50051
50340
50653
50512
50742
49425
51661
49773
50717
49117
49737
50039
50473
50779
50153
50275
50395
48481
51824
47972
50360
48442
50748
50775
49298
51169
50591
50696
48709
49166
49018
48970
49577
50968
49599
49232
48934
48392
50894
48599
50236
48690
49799
50067
49873
51930
50002
49876
49232
50625
51468
49321
48754
51290
50989
48826
49470
49143
50011
52202
51035
50183
48936
50377
49298
50543
50829
50630
49111
48390
48245
49535
49337
49553
51581
50295
48072
48897
50631
50691
51314
51040
52028
51163
50377
48723
50785
51237
50685
50464
49192
51730
50935
50634
48724
50619
50993
52443
48239
49964
50389
49675
50370
48627
50024
50146
50154
50218
49431
51139
50900
50420
50969
52557
49674
48958
49575
48024
51445
49489
48006
50640
49758
49141
49584
49712
50451
49378
52367
50583
48732
48999
49259
50646
51712
51624
48874
49574
49114
50967
48592
51501
50339
49576
50200
49127
50362
49922
49965
49900
50198
50053
50726
49732
46790
49513
50332
48301
49073
50268
49637
49614
50279
49812
48907
49772
50746
50503
51649
48567
50723
49092
50281
50150
50406
50973
48822
50004
51789
51048
48047
51519
50470
47581
50068
50228
49650
50232
51028
50636
51315
49519
51953
50770
49093
49404
49339
48748
50146
49780
49812
48936
49844
51490
50004
49430
49196
50196
49906
50485
50690
50365
49835
48282
49769
48520
49527
49073
49508
49930
50474
49421
49975
50582
49299
49951
49293
50054
51631
51806
50841
50685
49178
50707
50420
50751
50037
51397
52006
49583
51938
50141
50280
51319
50905
50955
51772
50238
49650
48327
50238
50157
48154
49860
48575
49340
50894
49153
50066
48484
48643
50034
51770
49885
49050
50238
48532
50720
49356
49666
49931
48183
50375
50388
49848
49777
51040
49218
49458
50138
49914
48840
52846
50689
50245
49195
51118
50455
50722
50347
49086
47641
49448
48751
49350
50245
52463
47703
51197
50831
50411
49129
49342
49658
48250
52439
50444
49447
50089
47202
50569
50451
49296
50555
51410
49903
47943
49573
50129
50539
49410
50304
50182
50331
49673
49256
49816
49836
49165
48249
51016
48541
48482
50183
