51171
50040
48562
51489
48619
50094
49109
49571
47650
49144
49510
49150
47803
49365
51180
51037
49339
50209
49443
49148
49924
50372
49421
50396
50222
51906
49868
52306
50679
48677
49768
51598
49362
51088
48713
51255
51258
50019
49376
49856
49255
49629
49614
49938
50389
50003
48993
49547
50261
50983
49017
49206
47676
48011
50945
51676
50820
49364
51083
50046
50593
48107
51268
48716
50531
49682
48034
50958
51042
49058
49856
50819
50946
50433
47998
49789
50756
50043
50090
51001
50110
47934
49160
49318
50744
50477
49515
49477
48781
49445
50979
50289
48985
50022
49707
50634
50374
50294
49725
50372
