38399
4293
70550
41672
59698
50850
93265
52377
6218
40236
22924
67321
3830
849
80750
51904
14294
41545
77455
67116
5846
82000
3947
91975
61696
8503
94908
18189
5394
56693
88983
59025
48717
90518
98055
60933
50271
4184
75256
29860
4928
25323
21019
23743
48706
49846
42508
18643
57269
12288
32776
48069
26
90245
58345
31898
51502
84531
49327
50121
5928
71117
75871
12201
45303
37821
8200
37466
41153
33233
5373
49622
9963
34900
4961
71041
86719
68330
61456
16838
45391
61568
23788
33270
9640
23967
75243
19386
96174
59893
47296
15230
8345
54624
904
94400
15615
75792
57695
68808
10941
49197
73340
23945
97452
27265
91540
98261
83854
35452
51723
37715
41099
73052
11619
93635
4198
32568
64882
30112
85497
3536
37524
45095
62048
26401
54645
47156
55537
21384
56809
78844
22501
63725
37335
71892
68188
72900
21991
42778
82893
59942
5864
6575
39818
80332
69865
90299
59948
99433
41918
93491
40145
63208
30560
35969
65557
40463
17653
92547
27825
19879
72848
24912
30476
77345
7738
9534
36522
41501
57416
64692
27427
73504
96992
28008
20959
80935
37555
39399
98877
1856
71827
77384
35386
49762
35601
95633
4641
65084
59610
62629
27940
18041
89595
11164
50087
21846
25375
76143
76056
27956
88579
50179
58993
42208
79286
29335
51414
27374
20524
44297
17728
14773
64483
12005
88786
55604
32552
20256
2601
65240
8140
29252
99895
51250
83269
39859
4705
83140
3937
88066
87469
66128
30736
64410
38691
50665
83354
60143
59069
48887
37594
31242
65036
66969
38405
26511
22654
49543
77850
14131
15909
42169
79816
46169
40010
13359
16268
69976
95326
65956
7568
61536
24587
79117
20109
29844
23581
23660
377
40773
34064
73375
59185
87074
97371
83888
85140
40723
55359
95112
7980
69840
87191
93812
68232
23969
54359
33735
21284
49814
64310
61834
20556
59304
61715
37809
10850
78463
83433
45965
3690
43500
10305
65532
10597
85065
4539
48129
81752
29157
82050
90064
30117
16480
32016
97748
92025
52058
96794
63456
51404
82431
69750
34676
3724
67574
85014
29605
49477
21352
13169
87120
70767
68595
57167
29297
52754
1368
64519
16968
97254
3800
26041
28937
12504
4767
40612
81632
89012
76638
24022
91099
95731
60904
57326
91111
12205
46061
92466
39461
82880
41445
96193
74461
61993
59060
83327
33010
87446
6611
32111
68522
26750
13800
90498
19735
15238
37708
11672
53736
51829
67180
64280
68891
44626
92217
45557
16759
38018
61914
71744
18154
79217
84104
38349
91146
40281
73902
9651
19738
82277
29579
97061
96670
49431
40983
15978
39521
85483
10348
65114
43686
52096
4208
11716
95073
10062
76226
78574
68314
8739
70953
53513
44693
47658
5175
69104
70178
67894
8269
65218
86486
99500
87820
57783
53211
56048
41110
57962
61451
92648
6276
31131
9719
98413
15805
97704
16541
51270
76907
86486
87284
97339
4287
80188
19658
82981
95437
66147
26418
81746
42072
95275
40324
78645
46958
71283
25967
59581
21343
4007
82755
69355
23840
74605
16757
79598
36821
18264
3599
46669
86872
5407
3462
44722
65385
69566
58677
14052
93710
93390
48634
12334
67347
5212
63020
94590
1186
56819
75863
8076
53367
73760
7265
87217
45916
36343
58091
71016
23744
65500
4058
78013
90003
64417
77617
60342
90798
30623
5246
90164
8511
15839
86753
8413
35848
61197
25132
87093
79650
32627
72205
47627
44849
54265
52817
14900
10220
625
91731
65386
80918
95994
17277
40551
43512
70276
92853
61331
99227
771
5733
43059
21875
65756
73753
88896
68651
72562
67316
12976
64785
55048
60286
79553
96859
68815
58665
36089
11783
17946
71253
56953
30949
31102
3998
29060
56309
50507
38959
89578
49385
20010
38005
22476
93881
97823
62759
14695
50637
10885
3358
72143
25280
19218
29746
89686
91183
75221
26244
19934
22056
14395
97089
41872
94728
41646
13753
31413
10783
31660
82216
69608
61279
10986
14919
31040
11338
78812
98671
65539
61934
46747
69886
52131
90299
90132
81259
51174
12302
12735
38794
9012
97673
28229
69990
42638
74560
81367
21801
57201
61698
82465
31677
30774
93537
49420
91117
962
23788
8877
61765
68484
19708
28683
7921
57076
93951
16201
22076
12767
73157
86185
11935
5330
55991
76035
330
79623
85751
88444
5394
75648
34331
68124
82885
41543
93025
69988
52099
61821
84121
95463
1511
97354
66442
56220
81396
87734
75978
1709
49004
18746
52014
55206
21575
4749
899
35403
15766
52361
45140
86529
60415
78523
95608
69048
36800
85006
47191
6426
43963
58809
95686
2065
70623
24149
90666
23784
68653
90714
29599
62724
59517
96425
71919
81192
47274
78324
97321
85803
24038
56569
16941
22658
20200
53745
60412
653
70104
2381
16211
70983
6819
17890
44388
36726
34040
4594
30721
55810
31756
74959
23259
76392
21002
28221
2282
89333
82748
58145
74394
20770
27492
29520
51155
66494
87137
10094
22874
24656
53120
54648
61040
12928
58769
76833
19866
30070
3711
95589
50155
10414
45973
51249
70322
48318
53817
63833
86505
6849
11466
93024
98639
77656
14320
50867
10612
58923
17329
90580
84485
56987
50722
95673
82831
55297
73130
74756
25680
48233
45161
40031
36986
48645
3527
21708
90096
28914
75855
87338
11560
70577
53662
60788
84147
15283
36498
58033
89387
56380
96619
76505
52455
8075
82842
46104
76188
26267
48137
68287
90866
63081
31797
17933
84716
83529
71992
40550
48650
69491
63742
74455
26546
8916
47251
68797
67242
22473
33729
36693
26438
84879
56912
64828
10297
61957
37287
3140
37538
89851
66740
98058
54174
86831
93163
10817
34136
29376
20363
57144
63515
53918
69768
79300
71635
66048
20432
99276
16815
78515
15023
77535
36851
31204
60311
63441
49608
41605
83334
58629
47841
62612
44746
55420
55200
7980
63448
25114
94082
62398
89229
2382
87518
38913
77882
61698
43562
29317
35985
51382
40517
88646
9377
63267
41162
93761
63396
86977
83319
25231
91137
46790
46833
82565
83437
23678
45135
58934
90051
85350
39352
35804
95949
25207
7879
78571
45697
10687
6940
36788
88372
82899
72788
87839
93595
2637
3664
58581
34094
62636
26554
32306
85027
32055
68243
81084
66657
12719
75877
67495
90032
27747
61586
85317
63006
54980
56719
13188
23781
29079
90037
90458
40477
97365
64583
77810
99155
53772
91107
45315
19700
29586
81606
25933
18531
83648
86895
30142
79079
80020
21211
24761
40212
50610
83486
49255
54394
85039
22828
25250
81570
82977
8475
26415
4569
93080
52069
28682
1649
44051
34476
42378
24066
78559
94356
56178
46102
28070
37781
61812
69042
46728
53223
29824
30575
71662
63516
53726
47783
92617
80828
98931
13469
74120
66548
54845
76026
96126
50735
27711
51616
91529
48074
31243
62610
24708
65982
26847
99635
90622
20400
8625
68568
9202
59321
91439
80846
41168
67961
22362
24138
48516
82085
72318
31482
25270
47113
45364
97327
33481
74663
62376
83853
54838
45679
68676
40437
1474
35381
38245
6943
85618
85146
94736
61909
8718
46599
51645
92017
3579
5312
23713
76603
87549
1707
33643
85529
97639
12545
94725
47478
78720
99323
91163
42675
18013
90285
56056
61947
78123
7546
25227
11245
87472
65764
36288
67977
82910
7886
9659
21247
11179
54802
40424
67287
9750
43742
30551
45002
12863
42843
85164
47943
19398
47056
9407
84263
17129
87051
88392
60292
36903
67202
74128
99402
1806
58440
67666
80995
10761
37509
24867
40233
76967
89389
18062
25157
11766
47212
40257
99780
42928
88205
97450
42400
35692
73133
62132
67310
51105
8983
32954
93383
20032
36548
28105
73732
58749
18450
40688
49042
94856
41755
16995
56778
66358
26503
6844
13857
55582
44386
8172
18109
21436
58342
38660
87073
93671
67482
65447
79173
34867
81188
89632
87380
6395
5458
92684
43989
13975
73786
80360
43143
74358
37664
45227
1350
13296
36766
33473
8706
63783
27910
12054
99151
67975
75153
38502
55394
37690
64853
97111
19664
10775
17819
63290
61680
94456
76348
39516
82323
63941
70326
84961
65587
22268
45950
67540
38515
3896
67001
55978
59197
40239
6871
29936
73903
14521
5462
32054
60948
16214
83931
99744
17660
86044
46667
95616
4713
689
65579
82973
85048
62940
39346
5234
16134
21158
29165
92817
57760
26437
78238
89441
568
13928
48326
78813
6665
96808
35418
97440
27945
70853
43023
3497
42452
6475
46783
68837
7953
49728
55783
84700
98764
10223
45194
31211
44612
32011
32325
97801
37226
47060
52877
15775
38655
48193
82903
16930
7926
90605
94503
90910
61079
62360
32262
45088
24722
24462
97568
53522
99947
34200
99579
31326
68693
66601
65661
7017
64985
99158
94350
44587
38975
96777
52940
1322
93465
57950
49682
1990
42723
74232
70746
43944
51501
10763
81071
64362
96475
3481
96617
75885
23971
14036
30620
15884
50650
7974
7833
60784
32341
52180
89652
90281
48084
92217
70445
26738
93608
15684
14314
50898
58640
61693
54591
45440
8859
94293
89063
82771
64576
62049
23960
53119
80302
72193
97035
9721
81622
78323
4063
39593
59823
83745
28076
16899
77487
36507
91792
67305
5920
29434
95671
89890
63715
57818
23030
14658
17909
68835
59708
73124
57573
38739
62971
15893
13763
9973
99230
42075
98519
84943
17452
69425
52156
51257
20757
99740
36138
44690
98156
94908
7857
25729
49845
73471
4419
16171
37143
18001
32980
41857
96081
71947
48894
32090
7008
7630
48225
81828
47969
9357
61216
29269
59190
86546
61159
92549
3039
622
78197
82203
12099
78031
64298
99504
8163
97469
55500
77538
83968
51027
78849
91639
22869
22618
61234
93561
4634
54267
90780
11383
34894
12474
57217
44663
25846
24991
39819
60409
31676
8774
54603
59338
82473
4289
65492
93575
74294
95783
13290
28225
97524
70876
41943
35860
56716
99592
44204
45303
91574
10142
1586
2112
91645
86681
38776
63414
49690
19024
63647
36215
14711
47609
90097
56818
8034
17969
65413
66467
72081
57090
32777
60274
35785
17228
13362
27496
9599
96945
16027
12358
89248
61023
46076
86239
68485
46543
80357
55129
92252
75738
43228
78174
7427
88405
67572
3271
3119
38873
66228
45708
73224
81073
82778
34712
61499
6673
22854
40587
21546
13828
68124
17928
27691
65302
36553
36832
78972
38063
26058
69434
13460
3151
86748
43451
15559
33910
99041
71397
18933
90455
67491
4552
15650
70691
89558
3864
33634
25086
83539
92990
19214
25406
6374
6647
8920
36834
49001
27053
97215
60387
84781
41430
1645
205
89665
14668
54769
12215
13939
54194
52729
60717
17759
43944
42076
81177
77987
87497
35525
32881
70069
92211
714
72932
67038
28747
71979
26376
13782
61282
56606
83998
50387
19534
411
14741
87810
28498
91488
30472
65935
23952
38493
18804
93915
19988
68006
67352
10906
27869
65702
14503
3410
21690
65245
8980
30092
41237
63849
6495
99938
1415
1553
53447
17851
2222
77214
77551
80035
16488
87562
43530
85388
80719
95812
5844
4627
46378
84791
29199
94561
36678
32965
8730
97609
17365
24371
70261
54656
45431
69415
61258
27513
44894
71681
54663
42773
13886
75828
6579
65078
89806
88260
49760
26583
43110
7798
89834
60928
38456
5410
64347
87567
90687
79787
32877
71949
3246
1884
88726
48397
23695
76977
60071
85361
39614
63548
51843
67567
38697
9319
69394
15294
81619
65613
60357
76058
73895
56078
91239
14559
24025
84580
83672
12571
49700
36399
65202
57847
79393
6992
25352
19253
99503
20116
11170
57818
83610
80286
10386
74417
84690
39423
88361
59668
16702
20376
45571
4280
24923
35640
21152
56730
87711
84108
94248
28930
57778
96970
72417
23395
40636
82619
13073
47691
5374
84894
33195
5105
40523
37491
39419
88387
7130
36849
98778
271
54146
86062
99622
20956
73775
13226
27720
57336
58400
91390
17396
81855
85748
80841
10520
23922
78834
55638
75064
74147
37721
25866
51590
87087
60365
49539
48899
65839
13923
82073
10765
62877
95904
88187
2448
92151
90105
58104
22523
78736
63642
88830
9561
37249
8223
60718
86931
48312
63403
80249
48497
19384
12869
83616
19722
97745
96625
83181
15860
53607
36793
34822
47325
89107
39993
67078
96356
94439
81038
620
77067
77778
27571
54481
45620
95972
70175
8224
5095
64291
16600
91015
85100
84698
83905
5102
56961
94023
1396
51636
20809
69964
22902
70592
45235
46683
97171
43259
53963
40973
30121
40882
38931
90379
61502
47091
68803
17745
6541
24345
37724
12116
24627
89637
92890
9202
69013
91388
20114
76412
59730
51433
3711
39388
77923
1352
76205
50870
36908
17438
22023
68892
74186
21465
71602
54234
36572
19784
36375
90322
85872
78707
95017
29411
86861
2814
71280
44544
69392
69897
69214
89807
94581
58136
92991
22825
3088
6377
33767
67117
53090
80394
3340
64543
31881
43509
58275
29921
55327
46487
8526
96948
16925
74098
56287
94955
18134
40731
47915
91763
47360
6745
4686
74422
33065
44502
13644
28615
81110
348
10580
24539
5901
65321
97198
64021
43531
21346
75248
84424
19287
78311
52851
45292
75585
10733
92884
48103
16415
16375
50557
82645
10654
90179
62798
27704
9446
68087
46298
33601
28376
96603
37252
18130
97944
22954
86321
96754
10571
4864
54423
53576
62124
54176
69849
13592
64203
62978
2604
31427
68860
30510
19272
47042
31507
61015
95598
50046
16222
30186
14426
88231
94294
85310
49620
60360
37555
91735
24869
1037
11649
37965
75225
90848
32366
69563
7736
51082
47198
44767
52958
89083
87355
54576
25219
25342
95983
67878
10938
61806
30977
64959
20279
41622
99165
78400
55238
21430
50410
73254
69995
63858
47262
90490
30636
88353
52196
89254
19402
78672
49302
90662
53639
96585
85200
78327
89625
80401
6213
598
11976
4120
89048
72147
63686
75151
55937
76933
79209
64016
16155
88127
98966
10475
59496
91721
90988
35512
61805
96935
18693
78588
52234
30333
63897
72625
38870
97292
20742
79837
36510
94701
27163
94390
8362
79543
827
2874
26848
39603
62849
31083
65162
75861
80499
6736
60046
70361
87865
78605
74467
80656
29720
4791
76843
62198
34651
32413
80938
79711
5664
22519
57885
47123
58691
67406
3299
77710
27985
8561
60539
20644
60722
42520
70971
79801
60323
56421
12705
51932
16672
34573
17011
41871
18716
32225
43686
54029
71983
9795
14579
7432
59787
23105
81054
30554
56612
82309
23512
62680
80647
41913
70527
35944
6876
62716
68211
62592
40442
41857
45812
95487
32429
90106
77814
3348
90464
75392
50909
62645
34833
57660
46403
80334
23876
93871
27301
57265
76126
61501
9700
2390
39353
70807
52177
42767
99235
91735
6259
92326
17757
61496
56375
98615
52245
29304
93399
3956
44419
97034
83925
22893
67358
20354
23737
7189
42879
44888
14884
41582
98093
96088
60340
27797
38839
31295
40917
29887
70439
32585
7977
90137
25786
66928
97595
87136
11892
8835
43819
27257
15560
64905
23083
14735
7766
60127
96321
39191
3622
67352
88480
21413
9964
15753
96785
31878
88908
9807
17361
67744
61662
19682
57348
37976
68541
88219
82249
82730
65246
39207
55894
7810
57538
96535
5739
62159
5791
77912
54747
73063
90251
6303
32505
79215
53349
93960
81998
98635
28697
22764
23238
6030
7446
68271
49739
20761
21833
97524
88490
22701
47332
8410
57240
42521
14151
97641
18401
67833
77892
30374
54387
79562
62951
77823
38804
21550
13053
26026
89880
23051
54665
10927
71606
50242
59769
78265
47701
80804
21651
164
73700
11077
23897
13031
29955
82304
51471
86459
31987
59442
41319
26910
3954
22339
37146
69503
44908
17122
89322
99618
85383
80318
14986
68481
12996
56345
58495
1145
42522
3171
73194
65207
74674
88648
49748
54756
95523
88467
13715
39949
58265
12225
12648
96563
25135
95932
88955
27039
25737
18525
42476
72316
30195
26582
96719
42345
44644
28985
49871
16036
8239
68652
37035
34168
54824
14049
20453
51815
13366
58448
3847
47773
39250
51745
50996
95941
59148
51652
84041
72043
45666
20545
15020
82100
71484
28440
29860
73497
4684
32219
59245
54839
41299
75226
66473
17960
90163
38859
35227
3178
46777
78498
87770
30926
69498
31216
70781
41621
19876
35907
85655
72190
79174
84936
14884
51086
20289
40345
77696
87022
72702
56357
4647
10888
93190
22546
93850
37732
59060
11468
65352
73656
34823
94552
20888
95455
4716
56865
86227
97248
17834
32146
22283
45345
29372
60139
3855
96967
20307
87208
12679
64354
78815
59762
52060
14575
52907
34388
27340
37432
1169
88358
6308
28448
89308
6897
32681
26764
62278
36703
36108
80271
37606
59336
73488
8432
38878
68458
18967
43342
24655
75826
86018
67730
8699
26181
66785
99730
54827
50631
37149
75299
35529
93864
53700
47392
63493
72353
70418
2006
97299
97162
32774
29043
65413
21013
77332
10752
5495
19824
47497
98261
22641
28654
50225
39292
30295
20357
27074
81440
90085
91180
92048
95616
69428
96169
38871
44360
23927
60926
71695
67340
2096
47517
49010
66734
9126
74064
71952
45045
35725
32125
37981
82081
42000
16426
6902
48996
31276
84411
49319
50591
83818
18845
99803
96911
61158
59909
46338
35579
4675
18038
42602
8354
74887
17588
75210
55465
67844
92564
49413
26168
55526
461
23877
7461
9192
70429
12539
58747
46738
90242
3630
15475
82634
28155
85990
83846
92211
17718
11601
59459
4068
41978
17179
49066
36825
74414
54896
16076
55891
64342
44626
53917
35303
62569
86283
49830
11
43962
89589
61618
4961
35392
5532
38525
85241
36228
45666
11246
33416
72776
81846
26414
71921
36370
87824
24379
51767
88870
99204
71199
31116
49913
49847
97718
98824
78963
39085
45104
87324
64146
65249
73342
17615
92563
96578
63280
14837
86566
59195
75933
63784
74897
68872
84034
46580
49414
95212
55010
32111
6143
10986
59655
90849
76780
53238
31122
39240
64835
71965
12377
18141
44853
73887
84247
3581
52587
41754
21436
98045
24071
80224
63485
28710
55645
46004
38543
70235
55242
87853
23762
62401
6024
81155
85299
12577
10438
45372
43830
13275
38560
9373
81258
80092
56437
46719
83786
68147
58249
8358
43414
17700
60314
31865
38968
9130
76991
75953
49999
4362
85809
20339
96297
43766
80203
40590
17388
69083
84196
42756
12544
27695
52996
14829
15337
47580
15152
79638
7313
99949
37024
8664
54545
3113
20293
64166
46075
30905
10139
74744
74482
1127
88750
11542
36532
65407
89401
95269
50999
11667
29536
10633
83387
21866
13292
30244
357
27282
49827
44571
16728
58860
36824
47562
58290
45405
26048
85917
11153
48075
31744
34155
68698
63932
77292
69117
73978
68185
22490
12274
74321
96565
2195
48228
37118
39298
96750
71130
47333
16155
33979
1147
97504
16604
74069
38312
56746
10274
29998
23443
44145
50672
29705
35453
25217
44130
39952
36546
7293
85583
5029
57771
54470
60115
78303
95601
80517
10682
47662
71093
41161
15224
37491
73045
96783
7124
49937
54823
28299
53782
6054
22731
59837
70285
2637
95873
25563
84822
75610
41492
20605
67868
21804
69511
97791
56376
49979
83515
89356
675
74026
40536
81614
41255
60227
92395
10205
82013
55007
70959
61931
43399
20888
87180
85095
55669
73475
92325
88565
78385
6889
60822
64025
36563
48631
87817
69485
78118
3985
27668
19676
11015
53299
93675
69520
33028
62279
99758
41119
61995
41567
89457
6347
66861
97749
83424
55475
90744
19225
16333
84565
21182
99843
72221
76045
89534
28895
13044
23352
76206
15838
86164
97786
12113
37868
80936
4251
25282
46635
24067
96047
86306
79421
55261
54584
94261
99057
2207
69428
8541
40852
52350
63996
46436
34729
55317
36210
32767
82489
31875
38911
37590
13589
63472
39019
50867
54475
73458
79469
25925
11385
74753
75389
58957
24786
13360
79574
83335
80874
64876
55642
33026
910
7529
64237
91957
57822
95891
6865
60644
81595
42191
87060
65949
97632
55264
1862
50663
2477
52278
96957
86722
24440
37375
12082
35054
42059
88774
8164
28310
3268
13913
71575
80113
37815
54546
74619
84386
26931
3222
8877
96025
55204
13721
24011
23423
48608
78807
83215
6466
30185
83056
48097
41842
11122
81476
19829
55522
16468
53032
95766
7376
52894
63016
90148
6189
71322
34470
77901
62705
49142
88349
509
79148
34907
22879
81857
78296
9912
27089
14100
31456
77543
76038
3070
63256
87660
19023
84274
17982
34592
12654
98075
7521
58717
45556
12170
21059
46258
26397
32341
17477
53203
33106
44443
68433
60079
23478
51029
67961
5285
38088
51221
30723
81596
93686
21849
35721
45353
90221
27624
48630
6948
49682
60973
56654
25930
41433
21557
78795
5173
18028
47918
24367
47489
4404
47686
42347
91140
50123
927
74741
87478
11963
81860
83348
32329
15638
20231
30121
65807
26607
67152
82781
21144
77056
97314
97998
36100
5336
34284
32585
13430
34183
25557
48930
28740
22865
92226
35906
69858
29989
70707
86918
56048
14178
30162
75343
49841
40692
66611
47164
96762
69640
53998
5464
40301
14899
90373
10613
81131
21919
46747
63174
84289
23768
60146
66219
86606
55048
79335
84488
92331
27396
69979
87483
14911
69754
82209
90680
30711
82946
21952
77485
29408
29004
26528
66878
26274
97698
11790
92842
96632
56844
33271
82087
45796
83505
98599
76467
23936
44794
93402
57627
21776
13811
37348
71840
83554
66375
84663
14892
41066
9528
92815
98209
34152
96205
97305
44483
71982
68764
46190
45446
87680
9055
39843
88122
81013
83623
71988
52794
64621
8594
65856
4568
3227
141
3984
69840
53953
97356
44747
44322
60054
23005
61304
57165
26529
62083
12634
19203
60498
51487
66378
88327
89719
21256
11231
27692
26325
53035
48063
84734
3596
57844
14263
18062
61070
83210
58743
36760
59727
88921
27988
95438
13496
16096
62079
35131
55573
97032
32018
89175
74833
42458
17207
74889
83125
20354
38355
12615
51544
37015
31655
64291
26928
11635
35976
79907
67163
62899
21026
70075
32122
92952
31275
19086
50740
90310
53252
5905
84067
65574
8449
16702
30338
9594
55012
68502
62686
85474
87479
66328
35985
64038
6587
13698
1612
67080
97758
96558
16162
33063
47389
62517
99856
20039
81344
93932
44213
17394
15975
14884
86333
47152
6275
420
23964
89782
53066
87691
28710
63976
94306
82621
8934
20886
14834
47778
50851
73575
54073
3624
50472
17242
23405
82990
25046
66999
6622
1798
13070
36795
72844
28990
68962
12543
46388
45879
72555
69086
23600
89149
58122
12143
35398
32897
3253
62876
40426
77502
52252
49956
87685
71201
19146
58142
16044
12406
60648
92497
5932
4472
9101
72252
18074
94888
38970
20872
70243
46414
60817
39729
37194
62157
25634
35370
92574
83357
96628
36923
85830
99959
9948
37165
5119
76473
29472
11201
32471
61446
15108
95732
1016
46541
18030
19379
49883
35756
56825
88669
83798
40271
42383
10691
31658
47907
1934
9259
74061
2545
71854
48527
57558
5854
63421
96244
4330
26275
39251
24499
49177
31304
20599
51957
39134
73303
81451
99856
81844
63188
12179
13385
83498
82326
88173
1310
88400
85109
37236
24242
51554
46480
49794
48207
43196
23990
62402
99295
1302
7544
99916
57967
76747
4726
40554
48411
22512
5603
51678
54017
99647
50284
71088
10848
17753
93444
16832
21381
4596
70016
11354
33660
30638
96046
66685
1607
91357
75013
15850
93374
51988
63170
71715
12417
32198
29611
56703
22050
41676
53703
66854
56754
78090
57507
97745
93846
38888
6133
83587
93373
23827
33950
27935
46197
66012
55861
42988
94113
86635
27508
43460
41662
51235
57596
80922
23479
56359
22025
83864
712
22378
74045
62766
2636
78692
97759
58996
72328
51041
36927
3144
16418
31404
87035
59145
99882
37092
62737
44079
30340
75500
40800
48496
61489
92567
64044
34708
47184
81215
79695
13589
19214
48280
21471
37346
21067
42734
71263
15276
55904
12587
67475
27623
9414
36988
51716
45275
98517
13015
90509
43832
18563
14939
54223
13333
33524
44726
47608
12813
75211
57905
24274
64920
51133
39693
54234
34128
38259
80160
11929
50592
281
69208
36367
61634
34121
81261
38269
18307
27531
61265
90699
84106
91358
18728
98288
54885
24138
39212
36598
90018
75931
72058
79294
48364
58739
79095
76537
92392
11905
26615
837
97976
81199
11410
70788
6403
42986
1141
27331
28871
72339
72778
77356
28100
99664
20737
98786
8957
54137
68031
36295
91945
63403
41015
99616
50321
44976
42587
27886
31051
31985
50634
93340
97714
41108
71349
33461
26469
27328
75985
6576
22639
30111
22528
73118
38912
84433
63215
94624
89823
89404
33214
31435
48702
39303
2574
47539
61239
84617
69035
53056
50868
99731
66286
52191
40628
57890
36687
32326
86805
1483
98337
89494
57073
65388
77697
9783
75757
57082
38505
39868
56815
49974
6810
96530
82654
91396
11019
24380
60821
49001
42274
18518
34979
4024
40635
13927
22824
33637
10875
31640
81776
61504
33469
30359
12624
50911
46581
97150
88856
78939
92390
13423
43409
35490
59990
14484
69540
97219
54828
99
4527
37938
13786
55605
50133
97174
26609
31391
16978
89923
42655
35861
97786
92180
997
21365
1187
46213
53817
33425
36560
83994
82841
12246
15789
27712
60549
35725
52618
13402
315
43680
78604
79405
29823
43330
97828
91878
37802
81000
78410
80407
79859
60708
14768
84351
73429
31747
69823
59222
92158
19423
57871
83260
48956
82152
78566
15805
21895
99230
98621
32334
43095
52593
50540
30771
91229
93638
63086
82971
46982
32123
64176
7147
39557
56238
73778
32403
87412
94824
78256
5550
52409
47366
23120
3459
71970
83702
98182
12800
62072
6707
62523
26444
97195
59868
91309
31925
48146
70267
67570
691
47217
20089
49435
85698
61644
74114
82585
24806
34015
94687
17130
41398
56237
6627
8225
2592
56116
34631
27153
86239
44558
29914
17210
74104
25492
39749
22003
68309
71721
58461
75468
76809
34338
48711
92314
86420
13781
58515
2862
59053
28959
58069
56566
15426
6359
40071
1206
65955
15567
75619
94280
37481
87434
29496
98214
55078
59132
65625
20940
88492
32223
70327
33405
50784
10742
98354
89320
96218
2995
99114
37031
87351
23191
46687
54651
89093
93015
14980
68745
53930
70065
16879
89755
18542
28030
15424
76666
92996
46493
60627
5324
72242
95346
80793
89183
24315
91330
45010
8794
86725
25381
96982
29016
28429
89958
33579
49795
11715
6786
46197
20771
15401
68339
77142
46761
93633
11188
27893
52818
5680
94630
75397
21518
65191
41019
5760
45698
84676
66341
74714
93415
71072
24123
24569
88795
255
25667
49812
16635
43661
19341
62730
78526
25124
12157
21834
65822
37291
47116
81324
40964
89699
66212
29942
94904
57076
54406
75179
32061
77016
65699
25985
47714
44841
1344
88086
13722
97812
20707
64742
26458
39783
57283
90933
38495
66105
39445
89047
32461
80872
90842
38882
9409
35633
28730
80366
15283
39075
27026
40332
24098
21804
5505
2031
25402
63091
96238
58646
47192
57725
4044
73354
24689
99283
83399
21290
15138
87467
55441
91955
50528
44067
81231
99083
9379
94518
445
32963
16072
14809
24481
68577
2942
64428
92637
1079
28642
46863
14480
88222
33132
37079
96585
12771
63636
67929
73320
65956
56040
49037
64808
60504
90020
73592
96719
86685
68056
17858
15888
60113
17556
96103
22471
31586
62029
27730
16442
59361
97580
30917
15160
78531
33719
69023
41281
21703
77720
59457
13357
43426
34267
24676
31817
2430
23599
46837
88738
21820
76314
44948
70427
14682
58721
33084
70449
59473
964
16451
84626
6020
90677
73893
70706
97343
17776
63275
14510
710
53273
4411
65540
47794
98166
75592
8134
39311
34307
78784
49865
2442
52173
5746
1130
95734
79461
98918
78975
30369
37566
8249
42303
21593
28546
69923
19817
55910
12875
68005
28525
99756
66078
23565
61723
8157
10015
10751
75586
44345
8343
6543
4719
32664
14873
44840
90123
45146
42957
47703
56232
77367
58537
14540
44453
80750
13772
64924
86383
96573
66833
70387
41460
6868
79100
13896
48748
14041
38774
30882
36120
70998
62379
13879
24922
59031
8358
63541
93344
42080
65764
7779
33207
48007
65849
12839
19712
36036
17937
7899
27118
74634
6408
79462
80057
67670
55001
31386
96666
78049
5705
19044
21879
14220
93471
18376
24055
8797
91550
33525
56800
85757
89977
84187
4672
80247
87422
68403
68088
35144
85380
17836
55469
979
27735
97923
82417
28116
40335
36543
42819
46620
61420
59599
97692
21581
69888
67341
10367
30769
77306
15185
2712
43965
37808
57064
36904
29669
88577
44127
87438
74503
55944
97215
33277
91341
10776
15617
71821
2373
10220
71644
49965
87097
93836
32431
89402
70440
81739
6644
38359
51457
15190
76720
95404
22866
47889
70475
6828
56956
54229
17369
66419
47929
81914
13558
50722
78158
78933
28106
18301
19336
39419
25228
16493
59149
35041
27595
61636
97270
75979
60017
65230
21615
17043
97996
22597
91366
47939
95385
35630
40939
15843
76529
28826
75624
56266
1097
61043
21479
53384
49001
308
21543
41608
34364
15721
85680
65727
35822
54827
15224
65451
19183
77360
78770
95207
34706
63746
62108
16359
39650
11346
52616
58657
25485
14749
91883
29226
71459
71351
64293
62003
73367
82073
11409
51674
6309
39853
25293
90930
56574
98829
17066
24758
16482
61398
24274
98833
46967
41753
46756
80578
99320
90398
30270
32596
94827
99613
65206
74717
47172
64397
49166
92310
80809
50286
9782
5094
90272
5434
75202
28807
25033
71319
3378
53436
26272
44448
61815
92369
85819
38605
25937
46339
39298
4918
56224
21145
20680
40602
84881
16174
5671
8527
64198
51008
6212
30120
96356
75508
22502
81246
83042
9883
19081
80194
61232
17834
84492
62904
58007
40539
31765
11492
45754
75135
24129
4393
80480
94679
56255
97146
56237
91460
56385
49225
85689
89831
32637
71690
47475
82870
41945
65602
57550
89793
93687
28419
84320
11245
14848
12235
66979
38167
16068
92405
39608
71818
77437
72705
49798
20591
89032
12211
42348
35656
71396
93540
93768
30965
64473
29265
34303
81336
61025
69480
58356
15207
87259
1007
41125
32007
37063
87826
60136
74002
33233
84441
49609
71843
60525
39676
74570
90905
2646
95092
93416
68844
35792
13668
39151
29001
21400
86988
70149
26498
37208
97586
99716
56251
93586
4516
21884
77800
96592
86549
74010
83493
59821
5320
60392
79386
29638
91091
38480
39623
50944
52424
40772
76542
61407
22272
31904
51029
94251
82916
41604
30192
77833
90959
41162
99249
45779
39190
23980
39001
68924
33733
69188
17981
51763
47172
29566
18145
85236
20774
8345
36316
30874
17502
2986
17882
85866
64088
84263
30359
81238
31031
49220
38022
36913
41519
23211
79554
9833
669
30013
69484
18371
97480
65185
55094
89704
65529
88764
49675
78985
46547
22988
97059
24900
43657
57946
79463
41761
32133
90286
4877
20422
81008
9280
23938
15241
27382
86137
70448
2021
81563
35997
37007
51115
4660
77151
38000
58296
11284
4063
63495
60886
79593
7249
89625
80957
1098
45234
1991
23553
26894
39732
97074
12545
43057
78130
1942
25830
84091
96351
20764
75955
76978
16516
51104
33858
34505
24572
75388
90136
3771
90446
85814
7361
38629
64006
70696
24184
5457
5265
93392
44991
40968
50063
6903
11398
77429
43907
47406
85226
84016
11022
11226
33643
91313
29357
61907
87193
74437
898
6977
13912
81307
86437
4877
8435
88317
50901
94814
16637
86540
47054
3474
40604
1732
65853
86787
6138
45302
8713
64251
958
98422
69255
2704
91907
7081
23399
40071
52450
52234
63222
26263
99805
1506
61755
62097
86815
90597
79901
68769
90167
31276
56581
28735
27366
12462
26710
45032
20634
3276
83579
84314
92429
83028
1142
50669
22176
47116
95438
77415
38906
85239
59333
93174
8681
94068
47760
61734
2634
49975
21842
17185
7024
59668
89245
87546
81623
44299
87392
46041
49615
29916
11556
87234
20880
53412
89756
47735
37969
59328
9381
8138
21505
82290
24825
60484
66257
93555
47096
55561
47408
92051
86089
79995
2798
60820
32487
82839
3021
29574
97531
82430
56596
68432
88260
89871
63316
17188
97143
83960
25612
38811
79570
61288
83427
19061
73889
65944
20936
66078
95552
19738
29814
60661
99057
72583
31655
88803
62782
18799
40399
49784
13701
61955
70602
70282
75612
1174
59902
3782
18842
46987
22340
4459
94106
42666
77072
64057
83919
87422
15106
81265
30364
46434
79570
93094
81088
45361
56757
6014
91319
19176
10221
22979
94775
85838
43041
92832
74023
14229
87135
51087
45473
75415
62913
54551
18262
39582
366
57063
55921
4645
47807
97168
80531
5158
68213
55877
72496
28017
98308
14856
4361
11112
66046
40700
21094
77913
29713
99101
75156
49506
97729
40023
85272
5283
76284
83871
26257
34093
58778
17174
46482
55335
90224
37549
29803
34163
50793
73381
53210
19611
59596
10599
16731
33901
61508
92938
27914
21766
46129
59251
42583
25804
97828
67087
60721
57360
92167
51045
310
50673
49923
96352
80944
7313
78236
21917
29334
71301
73918
37529
29904
85455
3136
63786
4059
67383
98403
7699
48012
81088
21890
28947
38096
46834
31600
92634
59922
62727
54158
4420
50442
29480
98114
38623
53873
58445
24457
21325
93652
46341
11697
47668
68305
66254
85111
5161
26164
80097
84058
28681
79940
64774
24553
93161
27752
85699
25903
41424
8331
51348
54505
39161
80257
70428
56414
80594
54605
78071
11801
22593
25800
24938
89323
71005
3127
36695
44514
81587
33004
28193
55757
300
75294
29388
42297
16672
59754
77948
96629
82023
40519
11665
18383
32637
85081
58312
99397
85336
88274
72616
60667
30604
69551
86376
95189
62027
30204
8359
92487
80756
36147
43306
73434
16933
71010
79265
55761
61899
40366
45851
75367
58500
27205
95079
14959
71032
38354
16954
29706
9094
7467
96757
79466
89676
15037
4695
58628
73374
35580
9342
49241
25884
2266
34049
25692
7907
16492
10489
49828
47360
83115
69105
11368
28875
16530
733
19560
49312
89285
45833
27573
85543
81687
75546
49894
79852
23763
80629
96981
47452
77091
50158
68645
8952
63266
89144
97127
31652
19387
17529
67485
72622
85887
75134
8638
67983
81504
42741
34578
87828
49714
24132
79967
27353
70070
11986
10482
76651
76883
18644
21532
86688
37225
28764
83789
90511
95879
8149
48905
7393
2881
31574
94670
68336
34507
74808
98592
72089
84343
85346
69156
34723
41267
80406
53952
20648
16067
46721
66363
61422
37210
11803
28081
92396
76274
96188
65993
14008
17147
69020
53280
19443
92833
47571
10448
8664
69293
84830
23174
49459
20304
43151
55348
3777
11685
29958
49781
27564
73055
59883
76364
59402
35702
27775
9042
39205
82509
5247
70403
71399
2344
3038
62592
16838
74358
45290
97645
74807
98628
41348
30127
94922
46736
81518
98896
2575
50381
71133
29341
74729
95592
58660
15608
26099
4322
14356
84707
13501
72513
59608
74087
9478
71245
68640
92387
51344
55163
41719
81668
28902
8609
4543
11269
90767
97590
50947
55391
64037
61060
23181
73785
48490
22465
74721
43372
18942
22406
29224
58961
62240
30935
8970
55506
90798
77193
97328
10979
39201
48575
38570
29024
27654
96534
26333
96495
79238
14270
26629
41924
72240
1537
69068
86699
48389
39721
50810
91747
21537
16478
11215
75450
78764
82794
87490
75479
83787
51542
41528
28220
32136
25242
72136
56881
66504
58083
53181
30000
91874
91487
21404
13077
96492
4937
64766
41139
35852
25012
57346
88846
57376
2294
67292
62818
29741
13840
14342
73071
17904
14365
73731
82857
92206
63214
67099
76672
45913
96944
31944
35852
59692
62420
42511
17006
30768
22354
77874
13154
80227
69975
30178
61038
6493
6519
30443
59461
63390
51978
98807
7312
90249
63020
87659
80908
91977
38118
72902
72566
24226
35248
71839
220
30804
1434
78324
13609
90923
68873
39717
25842
39968
90358
44832
83523
87485
17431
76498
61451
7959
39884
81402
78741
76156
52138
46840
46889
49557
21321
35565
29853
17018
3846
16488
57015
36586
95103
25289
17578
19568
91427
98973
14434
25448
7991
61484
79337
73942
6267
37521
31944
35236
64685
56254
66480
61152
35396
57510
7610
65634
32650
38896
16733
42593
24497
8006
32640
4279
55168
81642
84969
9665
32558
10377
57984
2930
5473
28255
46629
56831
72105
91699
19276
34841
3714
15363
45009
82284
86246
49903
13297
51985
41266
55915
94536
62318
86680
73184
57791
58208
81314
47172
17669
95445
79065
82006
86258
60918
43707
77649
45866
11289
68972
25552
13049
99916
17676
7377
68123
14137
68540
63610
91472
91920
6110
60217
56346
11330
90373
72355
83311
79241
66053
17480
17669
81248
50453
59370
78528
82476
21611
85537
48984
67502
42472
5584
23053
76542
15070
72286
73690
95902
70982
33922
98594
43306
66607
85319
40948
16371
2100
36879
90034
2109
3604
65447
48112
87407
10684
65159
7032
55475
69720
39163
64465
10046
88905
32338
557
58669
82729
21708
82194
76221
62986
52726
23576
16898
66245
60540
68579
79059
35543
96709
86353
49282
87762
32803
62937
20722
955
84995
23598
21086
23869
47423
11903
65224
11281
20247
67445
15136
99024
9997
5245
23548
55195
4504
60900
14412
35843
98772
66303
56310
17326
76951
294
29107
30458
81806
48559
89290
55188
79923
89253
56322
50400
99543
77838
23868
82327
53221
54103
25854
11193
65538
67819
52538
76252
77906
57286
83930
95144
64861
81866
22896
24077
89598
55540
30035
99743
45847
23946
14641
33471
1566
51232
63141
77645
94476
27533
73593
13413
75358
76427
75826
44810
2372
32797
91042
43209
37614
31587
57072
81140
29030
75270
32481
79804
93285
83476
29912
8009
19769
37623
43198
18613
70330
21791
74813
49854
88268
43187
34688
18232
95000
63757
18933
24187
32404
71569
41664
28854
3906
98344
98359
89510
80133
30738
46491
40035
23979
88866
77434
36540
6698
65208
96804
14728
85590
62121
29915
60671
2282
83388
14119
25135
92670
25955
58337
39004
12408
17417
84272
90517
23196
78337
64044
24248
37359
11564
76608
90987
86996
6782
66799
15368
27737
60993
66366
72954
44145
16918
40309
86539
86914
20813
27587
22818
92797
91562
30572
88242
5034
69074
36491
63565
42197
61126
48955
8097
40352
86038
85873
24841
49489
91111
53414
88292
29206
10236
664
71612
81435
77635
66823
94229
48794
56694
97191
63066
94396
94278
17846
934
46715
18200
85715
40593
90583
78688
99429
99896
35932
61583
83576
48909
66095
64519
64380
81539
93941
48401
63551
83770
74977
52535
54466
41046
45181
29065
55661
16877
52516
47162
82303
35083
47969
23236
82734
34164
3825
1141
81048
36804
92194
49741
8591
14160
78237
14543
65711
56179
60130
70742
41287
3469
16572
16931
85074
82209
97345
14721
954
2775
23103
59049
99397
55643
34920
62919
61954
47620
74013
49486
7217
49291
72144
27418
82267
76728
29944
77663
6804
32196
70281
33510
47130
66560
78864
61543
61018
98999
14857
50379
66103
46008
86023
21599
44011
83980
45063
37018
31183
84102
23254
71680
32184
17150
69962
55708
95422
61098
64381
18760
80411
19751
40782
56718
42555
26686
20403
79176
98435
66867
77578
35290
76400
80530
34713
65567
78255
93219
35047
73475
65957
35009
35616
19999
63259
56366
45326
63032
35165
58548
89810
25546
5604
95004
70860
51823
58686
46824
44611
24603
13321
15711
45948
52218
3849
9717
47117
82188
690
89222
98405
97266
82586
13168
59202
59523
99437
46681
92
58946
13447
61987
25692
82179
32888
98404
69055
37129
18388
38026
7982
54518
45660
44849
13585
99236
34356
17742
58746
92359
66517
55875
57836
81178
34664
99613
97651
23252
89711
41956
38049
83245
32294
49916
16794
5472
77925
19782
97037
47085
3562
13452
39010
68885
39362
21065
16200
39389
49017
25004
70072
45838
18764
60141
67702
83740
42768
37164
32451
75081
29468
96422
53418
21780
34011
69579
48978
82026
64790
51260
37899
79795
31194
62733
94285
44252
4989
92222
50890
30084
44375
3685
59065
14988
7824
9217
64980
31591
32357
66745
58469
28727
88355
92196
31668
32099
86139
25644
62848
21553
38120
29751
62318
63889
75695
99848
47525
99927
35658
8362
45881
10221
27925
20741
91672
63633
52736
72329
28287
65555
20412
40170
77336
67099
7995
61506
12098
72660
78215
98943
25147
52007
24651
69162
3231
61302
65710
94766
50604
31054
93759
82514
63621
82601
29202
23397
58961
80894
53499
72263
14011
54337
51256
57003
49099
71666
64683
78683
46118
46091
84775
82945
8639
2186
18935
13569
14367
73329
3362
92107
12428
38848
31090
83825
99172
74090
60028
2264
50260
18974
70931
41836
86784
22455
38162
46912
58185
25156
76013
66685
72778
51719
15290
4084
84879
58051
14285
11607
44074
46624
13969
77410
46815
91825
53840
1880
97084
24521
58397
28807
7847
24188
22031
26302
87334
15931
22968
40973
76693
27649
74330
18811
57487
90555
47231
29996
46223
2863
76994
74771
41537
50913
47737
22827
55998
75992
11221
22140
23672
87142
80211
48158
15131
98027
67352
71550
30902
78624
29776
81266
84426
234
84580
23899
61816
22145
5411
43738
31131
87129
47559
13767
56802
44238
74795
59881
68574
89111
58408
56859
18425
55115
8709
13221
74119
81144
6084
80640
21389
43563
59708
82331
89977
83441
26675
65164
984
92912
99707
12272
37334
95917
99105
39006
18002
93571
12698
11068
63719
15030
36063
47127
40576
20948
64961
55310
17944
79494
29412
63337
81534
7780
64287
12595
28569
45393
35037
56929
38461
41125
52620
48537
93108
12909
25939
50576
92336
48287
94846
52526
14795
49839
51809
66710
16365
13925
87581
16859
27554
13995
17947
2471
99490
94646
54727
17157
16674
45918
6241
95992
80193
83074
55769
15848
93993
63863
42818
78161
90572
57813
17947
67752
47293
57573
20518
68616
3169
65381
13613
94865
99640
93563
12451
90097
70892
51735
38354
76703
38615
50479
21756
32636
22150
58015
7946
76797
3139
95506
13631
75825
26386
37568
22870
43404
78762
17538
9598
77719
87620
47622
44274
32231
83349
35420
11859
88756
30197
39783
31317
76906
55483
461
89654
32286
95088
54027
35158
32070
26583
50232
42058
454
80807
28456
28497
86024
81179
92209
71843
22394
96917
32976
38678
11128
30279
61397
79653
24202
57232
93473
56263
66125
71994
87191
30075
84548
30494
61176
57602
18218
7265
70125
70982
90684
2471
79170
53095
3287
68876
21219
59129
3319
96361
77982
79589
85703
51417
66242
12457
59909
88774
56805
27855
79417
14186
57259
65279
48533
21391
37794
55502
49408
57087
80049
27133
1571
78449
77328
86848
5905
41912
82598
93057
17008
77495
57316
31092
28909
29904
33314
42875
13672
85353
99130
76110
79317
18656
56894
40448
95670
56300
25671
1754
14082
60553
80125
41705
63589
73140
66411
19397
61657
28457
3970
79807
95347
2849
36233
95941
40941
53618
80217
44401
99843
56889
61779
54250
30249
34782
12248
91518
66083
44144
81552
7046
18738
38787
62071
92413
81501
13394
56855
28155
24167
48131
37336
47563
62962
34318
53771
34157
87521
13787
53639
60759
4054
85344
31046
99341
34527
16640
28187
351
16310
77881
42170
35387
27234
54911
37794
17391
6686
32658
87851
98689
75170
70127
91162
23504
78281
25409
69064
84880
76182
13428
25593
21823
21696
55558
46677
57010
81212
34957
62459
50056
98362
87047
55265
88792
85909
81875
91205
58202
61557
93291
15116
40077
7698
8824
29433
95343
94798
41647
90261
7031
82626
83930
35147
37521
88223
1308
88410
43733
67408
68766
90685
83851
73633
31221
52509
11256
7683
51686
99230
59075
24415
24518
98080
76557
45364
51931
38378
30318
14247
68383
349
43774
93324
96705
17689
90518
21474
27311
47217
79296
38041
64901
53423
51024
15892
96475
58522
39306
27974
84866
21223
54766
87562
25734
64077
98190
55149
11922
34099
6595
77727
59678
77396
89312
99290
28940
38299
90426
9186
38373
33650
65780
84776
43182
8282
22363
36081
67193
4296
4980
10953
19089
52825
39892
79395
50844
53182
78296
26709
1471
80181
73944
31166
11782
17095
21042
8038
90582
47436
54551
90774
2749
31296
47347
68071
36229
38321
87740
74561
40475
22298
29979
45035
2828
29856
10272
61213
68426
1313
23155
31850
48845
50825
25189
37283
1622
58128
17907
48435
49051
9681
51753
73559
16857
93986
88161
88711
16500
60714
28173
25776
46501
11065
90758
72568
70559
88750
68924
2785
86737
46920
45648
75887
96187
93910
47166
39487
19125
48037
83974
77582
14178
23856
7653
46882
17224
31817
68466
8493
51535
56340
65592
58997
18297
99052
15735
56354
13989
73169
36353
61408
44082
93038
13534
76387
15801
52686
15136
43427
15577
23356
18830
46045
34424
71926
51798
76865
9428
14429
82954
43968
64693
27673
46050
39843
87966
69608
92283
72698
79367
83240
69267
31610
95374
44790
76531
96793
1404
32939
96409
21803
77558
48748
80274
61397
8414
25800
14137
44907
66816
41768
81769
2166
26202
66193
85110
36215
77982
52440
7975
1998
3827
52543
74698
94454
56683
68156
31202
28503
20660
19439
57552
96297
75174
33606
75570
3736
60956
63451
16291
9287
88877
51674
58594
16458
59985
51433
52409
76709
3190
84759
47179
17111
40860
26485
14979
32975
38238
81848
6641
31301
25350
81936
28074
33397
84505
43459
94613
24282
76921
2381
94170
31538
56748
12467
56198
77702
47037
26103
74843
22596
89092
70040
96014
34744
31905
91930
96650
33619
43431
72424
78614
16963
18047
81155
65470
17576
76193
75027
30058
65578
79910
2900
45809
74425
14936
57503
51108
78088
99899
38270
38956
76424
85989
7756
76449
25084
4966
18600
96043
31272
89033
49728
98441
80203
16610
36779
43552
37101
89250
62788
94132
77251
59162
74253
34878
31858
64263
65107
51302
22033
41931
63041
32751
79452
24088
13407
70246
85473
83051
64142
91035
57605
82132
35557
49236
97160
90309
54971
53684
64897
88473
89282
55388
38867
43546
54417
95391
18212
32738
73306
44590
77298
19429
8082
87900
20662
42161
82032
13494
95866
80006
27777
40937
87463
50035
13862
7782
85850
40731
47018
6727
61701
62000
84642
89169
1627
12997
94577
68480
71437
92542
69504
81118
52994
63739
79377
32057
83641
68664
47528
4767
69928
27004
86227
97987
17488
35999
29342
49099
64682
72096
16654
10278
90893
38995
75669
29089
6341
81559
53148
86146
50478
34941
94957
89797
23715
93627
20807
7017
4582
74994
90201
73187
27920
38624
81399
19724
86601
94279
32761
42415
52347
21033
17918
88780
99944
11555
56123
39192
6609
88566
96977
13785
77847
61715
27763
11081
47118
65934
14053
60107
79591
58732
37310
81833
9119
96124
74129
9150
35817
78540
9611
4557
52499
80433
933
44765
37246
91795
23011
5668
94815
29997
83486
21535
17369
76377
45888
69221
41751
93564
87324
51358
6443
17145
7916
79930
21342
53910
97151
21979
22276
20896
60029
63925
41596
92728
21741
77650
30360
22045
85346
8253
47062
63318
84983
38139
29796
47571
91594
60431
71398
96664
61389
79551
73515
91096
67924
7868
98961
98201
88438
48943
41440
66248
80289
70415
30711
26941
88470
89564
64848
53937
8955
17844
152
52848
64964
62883
36363
42533
90792
92210
63266
72520
41618
53051
78494
79687
54640
64574
48566
63497
71953
1098
13517
29803
71880
20849
97685
51935
56746
91649
24740
46866
13829
63265
2103
62238
77145
43374
35922
12717
27046
86689
29840
93253
12271
2525
31963
89603
90880
53237
8482
18545
40728
42398
33406
70866
61372
93652
40448
7320
14255
34323
33770
6631
85541
11418
58988
98656
97738
41658
18594
91177
33119
95563
22483
34856
17959
61149
28480
61721
70002
16016
19980
21606
43540
96224
22790
91675
27006
44533
96143
70885
65114
23679
44702
95636
31987
22085
36924
40857
1303
66298
6389
54103
36378
26816
45366
51135
78885
38798
90011
35590
35447
77159
65083
67701
31343
88669
72636
31365
70146
47415
70345
37626
5437
27025
79082
88467
19892
29030
64850
10602
73265
45825
38157
47251
12410
89665
85359
10600
52444
83080
95010
49933
61118
87305
22163
6139
17444
9593
88279
32926
91155
34478
90906
61744
38929
352
76544
91375
57859
60197
52963
45807
15311
3860
93986
78914
98544
99945
64073
47370
45186
17728
53944
23779
96984
95085
54842
92901
48147
85945
74221
54702
78153
97573
3553
94202
44320
49900
45457
8159
86509
55801
83158
37493
65782
2427
47538
37720
8732
65332
83095
89081
8848
40394
22011
19165
14289
57843
75764
59731
68698
11032
76849
9628
60717
71945
84057
43264
66806
6449
89525
88595
94205
20004
17131
55738
70151
55407
65608
35794
16707
90203
14873
71905
66450
84243
28883
72434
89233
32064
51320
69148
44800
9478
26424
7973
51598
64029
71417
33924
19284
35917
96513
61050
34592
93719
89983
7440
70925
10966
93839
10030
31132
17139
46137
18242
80720
37723
28569
1396
28910
79614
82268
97136
18327
25834
35234
73026
80142
31430
87901
54407
16385
43602
17811
62617
24493
52028
74469
52364
36163
2050
96487
94049
9270
35302
118
15596
44417
2340
6983
53461
56383
7074
47500
37202
69760
12876
82233
52450
29238
9378
93909
37362
95984
67008
21681
51860
80427
64523
45105
3146
34798
38261
45280
91789
19777
59727
29732
68952
67223
70531
37905
96916
63635
77255
19543
6996
81936
30745
63275
4131
21466
64670
9168
45069
43302
72956
63402
92488
12281
93135
84517
7245
90980
39561
69729
20220
97570
44850
4355
24109
67548
242
96494
65947
20001
22524
38644
71935
37951
35469
31992
29497
87829
5815
47917
38722
75395
40444
78975
174
21657
33503
49065
74658
57334
68883
25054
6355
35787
89583
81498
73122
24031
89284
48573
67954
87154
41814
91579
78806
47554
59926
80632
73712
5891
83541
71279
17095
2943
37212
52051
23908
43039
46143
41213
64703
84755
7595
62979
61278
72873
79724
26488
40422
47838
48107
37644
27501
71492
7504
66077
35197
86080
96108
88419
49239
82644
77053
96029
35884
68102
59864
35326
20209
72117
29962
46911
55601
6721
49519
27125
75273
54037
99451
2518
77380
62611
19580
86834
20892
70725
84217
42307
6696
51677
226
81755
78797
7239
70099
70746
12370
25909
37079
5277
95169
70430
96458
21595
47914
44868
47410
90952
98280
71118
63821
85195
65575
27536
10855
2539
72395
45616
22736
3844
25324
77328
87515
42997
60893
68436
6223
86855
64695
77460
89632
17398
59631
43834
93655
91577
33016
19529
70012
81411
9710
86965
23005
97560
36988
10818
14754
50027
8811
14691
60163
31714
64390
72737
44584
12220
80945
90980
50651
54631
32294
6433
59784
80330
12693
56583
12351
22343
64795
7827
36053
26806
18760
81524
92331
89658
78287
50891
90217
82053
22465
81486
99922
4717
51836
86237
26054
24456
70847
31573
48814
84268
98947
60505
82586
25308
50549
74111
24086
96975
81728
58348
31795
74791
30498
86757
46313
15512
6918
94415
83734
64140
82898
47399
19676
75934
4950
38788
57566
38684
53834
46642
47315
56660
18169
39769
87274
36790
71808
25828
19004
31469
74229
86582
68835
30980
91263
52108
23861
86167
76277
78009
91697
41609
86033
47842
34680
75178
61524
25195
48555
36920
54771
90976
99354
74862
72862
7530
94890
79627
74730
40159
22136
47009
32176
11158
85709
2275
38499
14637
59634
3926
21162
665
37690
91926
67274
18483
82037
10579
77734
53243
40552
38183
2743
12732
86542
63674
93289
35261
46940
29720
33850
40798
62582
1624
90447
25225
31877
90073
8223
14949
79879
95403
11734
49272
91278
27416
32608
40933
14358
2937
88283
76622
16366
87145
71385
85191
32711
48797
8500
60673
99427
50843
22423
51626
1571
47425
89953
94867
98761
40854
74376
60530
71553
10459
97066
23911
22548
43324
27005
85482
97183
26251
99732
52844
69886
21579
95139
3452
42101
77809
29740
8667
56966
75437
86304
85154
88380
2005
37835
35914
28816
95567
18779
96448
24478
60233
30514
61876
10779
60478
31908
21455
74376
9219
49762
27813
77818
97041
18150
78000
19335
20815
71913
55670
38304
62255
32607
88299
67553
12577
92278
30604
25578
60928
45280
49976
10113
53666
53348
17733
60175
52483
8296
94472
11339
64580
31240
84460
23541
19227
13098
69012
37688
39752
83588
29309
85896
8766
18786
57910
95601
59729
23
13477
65934
88900
15096
76327
85674
3181
99008
41749
29016
58998
21313
35957
11477
2484
29815
178
34087
26119
51320
74479
45411
75738
27328
43061
76624
45303
99650
16281
88014
89912
48342
16790
89114
54693
8031
67379
53239
5542
530
11272
23183
4582
96168
43384
37802
12864
86147
76904
29373
42762
53322
88284
73186
63953
62788
62111
96313
43216
68642
87885
33331
37697
66677
89076
52417
38320
30956
81988
15932
56631
47769
40335
57841
41083
57167
74819
91608
12226
2230
62996
15450
55921
15772
10764
85090
65263
406
27582
93460
8700
92192
48433
97715
82763
82884
39721
34898
7001
83370
77923
20374
43278
28774
84332
34174
75970
41796
59894
22661
92323
20288
2448
920
26690
32027
26232
68373
90179
5389
26726
73801
7983
80351
97279
22780
31567
18628
86236
94308
42561
99330
28717
9825
72818
10185
5292
82412
70718
14564
29759
32139
30376
78879
58084
99327
76456
82638
93634
22020
89377
7167
68579
44928
30609
34443
27854
63783
48821
93877
22280
74470
82343
200
40453
49897
93796
89862
97800
49215
26554
91656
62344
80175
72367
70594
27254
12762
43036
86958
38283
46718
92668
29240
99578
93012
20008
35714
51926
86441
11915
71071
12792
59147
37831
93757
94936
34157
93698
68194
62367
66561
3985
16287
86799
7993
75373
32148
43907
34094
10626
37609
57888
66173
24216
78303
38998
21804
173
44765
69786
46987
37549
4790
59492
89125
75533
69085
88634
38016
34555
98125
83464
71347
17564
12566
58988
1665
50123
2893
4187
69495
19285
80569
18412
10643
20523
51263
47139
86003
77705
14225
25386
97714
48787
74225
16324
89002
64186
47381
80852
51064
36638
49258
858
66280
71006
90336
89199
45587
84259
80456
30137
35924
44788
36740
99538
87806
8509
21848
154
45477
80591
97480
66223
13601
84771
74691
23
19878
61375
93748
24106
3842
25166
72019
81640
72558
27007
10863
28641
17529
86427
13751
40066
28178
90317
24379
26221
65701
21326
87832
61065
27515
12236
6852
41540
96336
21684
52361
34011
46860
50360
67661
24238
14022
65377
47959
55661
98825
18670
78250
47670
48360
97204
2893
19239
28343
77917
86125
613
8286
10206
647
17584
64209
66872
21832
126
14590
59936
83887
43233
37236
63398
20244
60863
30142
5603
41482
26695
34132
72458
37180
55344
2357
27652
37397
36914
48329
85333
5247
14778
16631
42774
44299
38312
94573
72626
2734
78128
88030
43641
37604
87130
59796
66626
96770
15854
80657
38379
71454
20632
96110
57668
40040
761
54651
52089
29337
18849
81103
50367
36676
1177
89051
83392
84005
86042
36989
76650
50114
22466
3132
34018
99427
86269
21872
19158
32314
41532
12249
83320
38640
4830
60275
34632
5497
92659
73472
86207
78260
75741
4793
52514
57577
476
57470
95490
42314
61494
44117
11826
39343
67875
61226
22223
59028
49655
2539
49454
29825
25171
89086
99814
37528
99994
37693
74754
60777
40284
47952
59747
1700
89341
62221
21091
90327
75604
62112
18903
72176
42360
62171
83905
52647
83922
21423
96554
83808
21389
79752
32403
34685
38190
60390
3540
86655
95879
39943
95699
45290
99481
57679
43114
60126
90224
98768
47322
74450
33259
80797
94154
95870
48059
3384
77189
89686
98496
59270
3345
17246
70705
31321
81962
7864
52210
49413
77587
19162
77962
20785
37075
25698
35398
18510
81909
16385
16076
43538
33992
51587
45893
19667
93888
70011
68965
77025
85495
91490
63420
97164
6072
34866
89374
53319
94353
36654
56132
40493
27153
9984
19140
83356
75742
21223
87824
8639
20431
14177
26419
31496
94057
87017
72428
69756
51368
49283
49312
39158
991
17019
23946
51266
15319
7342
48497
40867
33361
23138
19577
64985
20632
78502
70149
31301
76649
61447
81793
97213
76296
31216
35001
8466
72001
50754
41725
25294
89880
96054
48950
58108
87482
36744
46218
30337
86578
45932
4565
76675
44921
75973
8887
2206
88424
70368
2959
51104
19056
35570
73356
59453
18621
45227
56465
21460
24206
54675
20048
48489
87742
89323
42732
11466
54363
97894
93977
31936
18681
66486
37670
88102
7573
24651
97665
52204
76116
54537
14086
8436
44558
19273
71752
36574
66292
33044
17709
46266
76007
36007
74296
61651
52688
45651
47572
29014
77135
69218
59657
54920
43759
42105
27464
10415
62896
47426
42207
45508
31830
65518
9339
193
27581
57056
36224
35510
32081
49389
8042
15652
20162
15586
36951
62808
56514
63745
17634
51956
52588
89133
61555
59745
54735
96991
19670
70128
85353
9247
76356
1485
9693
7211
33912
67168
55247
8009
40862
63746
50595
83060
50181
11079
40380
47134
97387
20484
16428
31493
8410
78052
62502
37461
76953
62288
15926
37165
64225
48465
41350
79450
73010
21199
60714
32119
73386
65286
76964
92605
39106
95559
46035
51717
57165
4492
25417
46388
76185
55160
29657
5105
94933
24284
45104
93215
89208
60657
39490
11662
35528
8597
70912
17033
4896
61989
84822
94784
981
44767
82940
62703
30318
11275
70918
40101
97240
65948
95058
90275
89544
45852
62283
19918
49762
52069
92145
38290
25218
35714
7694
57496
3931
7963
91514
69375
40445
21907
84388
19007
7265
59514
14903
71071
97051
71016
81920
20060
58018
35175
29303
65011
83919
60738
78344
64675
6570
98320
16991
33112
67141
72765
45143
25782
85075
46326
46119
57631
15633
10080
20479
68837
90040
35334
93844
45186
88373
49254
86040
49531
16862
53517
4785
36807
69611
18827
28793
41179
75475
90667
649
57129
83673
29377
55814
54379
57198
90373
25123
51233
34336
64453
82013
47283
53908
84647
68825
96316
81483
67638
50692
30509
40602
36988
28554
57048
69749
50751
5290
682
20163
18149
98308
32072
95179
53701
7471
55422
55618
35407
59935
31634
97228
40614
11371
18744
36282
98179
35186
99739
77491
36045
26548
33764
10095
97212
11976
46570
79224
6571
43598
67823
86216
58340
47351
86253
51099
23167
18351
58447
42578
71734
58610
24815
1236
99015
58527
25677
88176
55689
18777
22846
8285
5635
43140
9708
92889
65856
21993
87599
38158
87905
17144
40450
14689
2894
44781
8785
41085
54581
67838
44573
83813
23867
35814
47712
68829
50183
65787
89040
789
9102
44451
51721
18376
37850
79511
97777
61884
36919
81976
57536
17878
21076
52713
92171
92078
73559
95135
37800
98664
50850
94
80512
71638
32896
42948
52828
80085
80483
9673
15529
68536
33034
32856
50133
67245
56072
18345
93826
6657
52209
92028
75858
43531
87952
49163
78708
26124
63761
15475
76000
73339
39948
49768
29832
61013
84643
17259
23273
96980
498
35006
8900
38029
43222
55130
47736
18807
73620
86256
70944
15738
24317
38583
98198
57091
97404
93039
97052
55833
45181
92543
30010
5494
19166
95695
76391
41418
72959
63577
95485
27662
8743
5460
48201
9819
28701
8242
56837
40858
81072
84672
5279
11166
73675
87065
89463
7669
59497
56219
76540
17688
25264
13132
62205
96490
49639
52012
86100
8470
1976
66892
26208
87606
94525
8740
50027
45011
33518
99615
87600
33443
59502
20810
84110
69226
83762
89182
90816
91437
86432
47481
44727
47446
11979
71540
96404
90500
69587
46148
41032
15344
76006
96363
15972
1463
54627
59757
13986
62017
83403
79298
65738
20240
3097
32415
77231
24108
48442
89773
63529
92083
72228
8079
28370
20785
66372
85299
77800
9732
15075
17456
91097
17125
9648
37720
49014
13823
11246
7277
81590
39940
20582
893
96228
74714
69647
30351
11055
41614
91178
80222
55996
26330
28063
22658
54134
41152
23626
9659
68079
56606
60022
67238
38755
4979
7459
6198
32997
93570
6245
10459
8384
14097
72835
88004
50077
2212
31906
85412
26869
98208
98681
51037
4645
73204
46545
60680
47180
40605
83976
34007
63080
40071
96987
70477
50983
16400
69715
69485
41042
16995
86520
80681
53176
57852
57016
84792
97494
84563
13732
98081
1648
99210
88421
22223
61304
20333
95223
48290
16149
16778
49780
90110
73135
88367
243
63747
90660
33831
40060
15335
98981
99987
65745
904
21261
93554
16292
10814
21940
66025
74800
41644
42695
60695
49810
76863
76763
81643
49602
29812
75211
55040
45649
49037
31225
53895
17551
13682
60079
12782
76445
60993
22908
24691
68438
20876
34981
31775
91038
64565
73959
61790
94221
98779
11712
56171
7073
91955
14270
49462
6907
54617
19944
27871
37571
49929
96965
87664
11091
92058
93361
34229
29095
59745
51748
98095
45652
49003
80707
93505
10221
9361
4757
94597
83893
84595
2570
42353
87177
65568
56824
13848
58032
27311
23673
58982
30662
9337
57981
33027
76519
29314
48869
79699
49410
72079
18261
6921
73881
38662
56047
24364
75063
94592
27578
37905
90880
14317
17156
60298
68889
32650
77973
10058
93276
62427
82403
33269
1902
93143
44241
60071
69409
37905
49150
71152
65018
11990
41841
81693
21091
53242
58852
76128
70582
30834
44211
59780
99686
60258
89495
80305
41649
24004
81422
61987
44045
96371
79013
93831
90667
93333
37847
50351
71810
21063
84067
40266
54791
99378
57449
53693
37173
93455
12601
52295
80071
51379
30536
72974
74251
89754
64951
74882
13744
29524
51031
18158
62846
40891
59592
58086
17944
6377
34555
75729
94883
25711
1197
55150
77839
3765
94467
7607
56694
51635
71003
24247
89788
22159
90202
41302
76723
29438
99955
29216
81035
97592
63938
25995
16499
6774
659
34126
10290
25604
31086
17978
91799
56407
18164
3935
83037
9711
27952
57541
75901
2576
10336
4005
38245
16382
73047
1276
93398
52481
46187
28631
99889
76788
50887
46007
26012
12985
33047
45829
20583
89326
19704
47061
10936
85992
7544
75646
34271
66000
22715
39636
42205
20909
41583
73880
963
12117
32152
9028
8043
90092
13660
74288
46763
39230
15575
58949
34759
40130
51963
16650
44292
56116
305
26221
23993
95242
57257
99408
72193
4452
10104
46938
27657
29910
50118
74975
26684
75043
80400
33568
50204
37202
51753
29107
89070
36291
22595
46662
66394
46095
44873
23114
80346
10815
25257
89535
62057
59968
22300
90908
18506
41470
16307
15361
91094
29680
65862
59572
14825
77949
4761
23960
21276
56429
14795
97410
14103
24883
77663
31671
89731
3195
90521
92838
73637
5520
10664
63495
95476
80173
55526
48789
71758
88254
7758
17145
68292
58759
533
13193
5292
80664
60009
31392
82699
18298
59565
91497
14341
60220
10165
21493
84837
17543
30790
76889
45178
39361
33594
47800
86716
30117
68585
38917
69913
24422
5482
10065
7728
58140
66022
38612
2941
4934
65880
66915
31637
783
9345
89407
24519
58911
18814
78511
80218
50603
24768
35787
15548
30445
9581
67249
43324
53113
70923
29525
65818
7087
66133
2997
43146
32736
18672
52729
58890
81309
45165
78699
64449
23843
37735
45632
4694
71304
55409
43122
18163
81533
37252
20956
45548
80091
89070
96015
10202
72243
67052
11732
63477
19289
35315
67888
23308
43416
53569
92093
93414
86579
38726
23292
1498
49941
93003
80398
8858
88795
80629
94125
76225
69611
39412
8471
35435
94709
71590
40076
85417
10964
37169
60677
83438
96807
86537
5806
53628
22042
89111
42829
94807
24644
51006
60035
23735
50142
45420
18565
97793
58250
55477
92017
96103
22176
27134
67005
32978
42757
138
77065
64501
43426
82071
99505
18442
85694
19118
66539
91120
96067
89817
90811
68737
91405
50008
78604
23254
28689
19722
97275
89178
86662
69654
69098
95061
29735
39301
20885
70989
8310
65117
87755
92135
88793
27005
21944
23542
99650
4706
36699
50822
53067
32885
34607
13179
3141
84917
87522
56142
50099
7554
13823
48331
10279
36434
39567
16876
41665
13318
24233
92506
82552
58196
85299
69781
3602
45906
45649
64292
82353
80931
64841
41596
26278
3499
32875
92457
14780
74269
86107
33873
43222
65333
75394
17463
41790
65470
