49011
51168
49594
49504
50040
48899
50165
50375
49733
50858
52136
49323
50688
50776
50236
52111
51605
48725
50213
50611
51216
49739
48974
49754
47917
48747
49594
48851
48249
50861
50027
49598
48460
50292
48724
50698
49233
49891
50728
50152
49546
50411
50419
49017
49559
49242
50277
50276
50566
50917
50293
53024
49976
48642
50061
51104
48984
49447
48866
49281
49146
51425
50150
51148
51104
50236
50088
48526
49883
49577
49497
50225
50237
52034
49701
50678
48252
48843
51203
50460
50918
51109
50856
50549
48881
49929
49971
50594
51587
50410
47869
49088
51145
50428
49914
49744
49681
49677
50462
51964
