47496
1797
74824
61704
46863
11539
33928
46892
32913
16928
87996
31182
73718
86876
50128
75506
71738
35366
19417
66637
98328
33160
66425
23620
51888
94062
19771
47795
95018
45451
29379
93145
70606
22941
9736
92121
77390
91188
32241
99662
6830
11759
5363
33966
86560
99182
43063
54117
47762
24836
27971
42302
65769
66729
87056
29669
31612
62442
32697
50677
45314
74244
15739
94697
78014
60564
73873
64185
51116
92749
24895
92777
38
59491
30117
50201
73790
79229
59
5347
27505
66314
35480
24617
51924
90518
69686
57915
98741
58423
6223
12977
91300
50065
38814
81136
54057
23915
72158
7604
30380
32805
32630
60328
23101
50340
80201
37870
14476
5488
32433
92591
30328
16826
81172
73049
75479
34096
85973
37920
12582
91874
66168
68684
56928
24348
95948
48839
63922
3643
71018
38334
45820
77491
16032
89815
6419
62230
85678
27422
87515
2071
58814
83201
23910
49851
45482
5212
74301
94379
78797
89439
56537
87817
11970
80749
67213
12883
80718
43917
35641
62384
22630
11434
80259
92458
34579
5023
47413
4750
39686
80850
7965
69111
76280
84275
70633
26982
1965
47954
79553
33307
59496
69599
8515
44150
84115
54706
65634
35944
25133
78241
22776
50169
79415
36773
33784
45307
88409
16156
86459
90780
34571
25230
28543
11628
44464
47175
34202
61957
49774
38217
74889
46528
64730
57386
96592
32063
97492
96535
56702
96556
8567
7202
99066
79599
18982
54086
50511
54279
78105
99768
99087
73751
16794
50249
42229
91712
58589
51203
69611
3030
71378
52367
63305
65646
93996
62497
19636
58434
47872
15203
51197
21692
74425
22745
55569
92013
17980
95501
94013
14671
92408
57669
56389
1700
35814
50785
23709
52022
17057
20541
98219
21630
44827
19225
3474
28771
2063
75760
92688
6736
96851
70796
43806
38322
63817
37832
13741
72681
28008
37195
25574
41437
44563
9785
71931
58717
55411
20248
55874
45199
14589
68640
65054
89125
17340
70758
64064
75638
55317
55310
44223
36089
25755
28778
18438
89938
59109
78391
48139
88900
16831
75725
39497
80739
73192
42518
95956
98782
29408
90110
15201
71489
45986
79424
73407
31366
98009
91044
57285
57363
58228
34777
42579
75010
47044
89613
35478
35756
93464
61132
80099
6970
81188
11229
31230
74800
5165
34697
96249
24883
80106
8844
20527
67067
91908
57998
41341
13174
74517
92241
88473
95261
26736
73769
69305
8410
90127
98824
30793
22258
39357
46674
60657
95403
93532
54295
87626
32477
9235
79528
70404
22913
60296
95115
80000
39000
55755
59221
35374
39763
8645
5888
67005
31249
42377
20433
39227
33765
9994
88920
63106
22969
88304
47021
13058
71150
816
75840
48448
57947
44387
10429
28585
57369
97412
20058
14559
69275
15564
64359
12443
59101
35839
31410
5071
44804
32538
234
89484
10149
83470
44508
4479
64989
31950
8517
71922
21530
7409
80444
36319
64187
3151
9677
43012
25140
80176
27518
26731
9697
90630
88391
15799
85587
60592
69920
11420
35516
91792
12680
4009
38734
76751
11090
46327
6382
71789
37128
77837
35788
24874
18225
42535
62692
30053
47835
6559
27330
1042
670
93890
37244
59441
83606
32404
51654
51711
76092
54405
16518
43395
74918
1331
44615
44276
34706
61766
62658
36503
22260
17186
52832
7449
33420
95996
13546
64751
8553
2790
35289
42104
13444
16957
92275
79129
4895
62301
91546
22847
95839
60209
77563
49725
52791
30880
42371
60914
68276
98501
58606
3920
20030
68573
19817
79506
71114
10523
70038
25941
28030
68066
70706
38244
56916
51364
92655
92075
82261
96311
13254
83254
9224
80189
55063
802
21807
59108
87166
60336
48938
4866
15453
17500
10780
41378
42147
76175
64063
2917
70053
31230
81531
92217
25871
69314
85003
13496
11039
62525
60565
16354
31200
53942
77602
23856
20089
28252
36027
60724
17649
74042
74168
65137
19912
11633
97761
37643
98867
28826
95748
72294
64205
29590
42472
23557
84117
72260
59264
51099
94250
53393
40552
73867
45496
40190
627
57699
43122
29525
9316
88457
48402
99045
92954
73897
94940
16725
77424
86346
9541
60641
52094
33420
51304
61274
12736
38767
84091
7679
67711
51576
13159
82075
76144
77327
15162
46058
34816
8842
75088
71466
95351
35686
33897
38939
19212
98922
37333
12279
84743
88795
6492
81928
65369
28791
89734
30109
65923
78834
31194
6815
13103
34340
61873
15486
51059
16735
49417
65118
32918
33619
39274
69144
32777
81913
81845
60290
38957
47108
38094
72373
3170
30330
24213
53465
87949
90188
21142
36976
42128
36820
63303
45597
83503
57745
89408
3537
55019
73043
21374
10700
49108
94053
74011
43305
94126
26535
60846
85951
35569
32537
61565
45198
49688
92432
53690
90475
35206
23884
64182
23731
58232
35701
43911
40949
85407
28815
89635
96042
96998
31432
44194
71083
12666
9052
21062
48864
81085
62474
97760
33100
27206
37681
69725
85556
68662
71418
46906
71289
39538
8923
45560
5995
99205
81461
31856
47856
36403
23380
39927
79653
95572
82535
74940
50324
45496
90593
82789
51009
18184
55285
80943
82963
5945
28819
40717
52043
67024
6923
73305
62707
50925
68769
85033
28655
55406
62331
51603
1293
96358
20549
31283
47312
67156
89399
28482
70154
22331
96904
75685
69135
86137
5386
30529
9080
92321
30446
3798
47000
78253
82220
83905
45085
97202
45547
86595
41458
13249
73540
8984
10260
90557
57096
92748
52
13368
93842
97264
6059
61249
83338
94618
52061
57225
41929
93746
19429
83443
1906
43881
68076
41541
64154
79242
69513
69682
13372
89499
19409
60395
87855
35702
84069
23196
69248
15624
98106
56704
70753
77245
27848
47035
84310
62248
26746
27589
7377
37087
16142
9777
78533
56470
18020
27304
65848
40651
4988
22901
81183
11441
56497
42878
76623
55625
97988
12827
94510
37226
30179
57546
6466
60748
33703
26869
31264
1035
67178
78507
295
32035
94657
45460
80373
7567
89004
75505
47784
12417
92532
94545
91100
6832
35467
54112
15552
40190
77369
77522
22562
66999
62245
35051
58386
1734
27493
50997
17956
62174
45760
72726
99486
25163
14039
67065
16809
73670
89449
43629
45342
44152
12364
56576
88090
99736
47372
85183
10072
92023
14732
17785
9618
1410
49026
96556
85677
17026
55601
74079
79784
75664
15014
57539
77133
35521
73687
80139
30084
18613
92629
17721
70466
4231
98122
10212
29102
4850
68984
10591
32032
76237
46433
73639
83990
89657
63953
6686
39711
73216
65564
43031
81401
11814
19830
42513
36298
7565
82799
98707
87601
58022
93198
65948
94538
65733
22889
72720
59483
18614
89912
59836
38099
98832
46197
97838
7008
89584
53692
45628
92442
59896
17747
11890
74562
50528
31377
12284
81692
74488
60912
28266
27812
88863
56162
92290
61408
8717
67086
75268
54096
72303
73266
97237
6475
14160
95589
57023
7757
95415
59846
18504
97870
6164
97784
49710
13916
30198
45942
11161
92854
31590
93609
57085
63921
43509
16180
75135
76241
33727
96430
47878
55546
68416
62020
13663
68543
73475
36
47126
92286
98199
19413
54576
72754
445
2845
76690
65727
34863
93514
14873
99551
33478
99298
44721
36110
82373
50244
54869
19852
57780
78112
24289
15574
63490
67286
238
10580
96711
10430
18637
22128
64253
68411
12304
20950
73058
36444
70124
52161
11545
60652
22459
41013
19069
29829
75934
94964
77847
69765
43394
61680
70332
82178
41581
48076
13288
87091
23587
44802
49437
92231
18875
87103
9833
10798
4255
75383
83673
32623
49324
35588
5989
53141
94922
80546
57320
34130
91048
13837
13991
82111
27688
3865
7653
88469
51084
73864
99895
47693
75965
41933
14366
32891
94787
14602
50492
18978
57779
25479
8722
74382
34763
63652
26129
41894
56466
33727
8362
20235
35076
48664
64788
47668
4679
95716
82149
77402
42510
6557
84110
19088
15770
11004
94320
45489
49200
81270
66077
79772
27412
92838
4882
78809
25080
36302
26195
71478
78410
87978
84777
80842
86736
90721
45868
41686
38582
91009
58866
78917
84599
61837
32847
46901
12770
44282
38033
3816
85472
88615
57290
36520
59389
28397
10959
49912
83091
67379
70413
19165
62693
2676
86858
92990
25974
64480
78909
18543
4146
43571
112
95604
84
62352
98271
87671
99998
22976
20383
54615
209
43462
46051
52749
37259
59330
78553
73797
66572
51986
28106
11248
34258
18741
47304
86998
82887
83888
93706
91302
81804
45850
15016
63910
50410
54052
2301
19428
86572
22843
66072
61926
46185
98883
95154
38962
71928
34113
11390
6275
26712
69986
4807
82842
11357
82436
66028
86814
96981
29189
67602
74851
83295
80661
51563
55847
32185
60214
8678
57418
75962
14569
80616
87113
3416
57165
14064
46848
32096
91585
55832
47107
27998
33982
65
95901
27924
66793
71912
26798
61247
73099
58729
45591
74791
75088
71625
48819
35166
77743
7941
58647
27028
81718
51245
91693
36904
81815
60243
70452
28465
45232
35238
9600
81080
17049
32147
95361
44930
50494
15849
27601
56902
10496
92057
39555
57605
60939
4385
13376
7035
95777
949
19765
24203
86264
6132
31845
61212
76746
92814
45934
89337
59956
69218
88306
75794
92579
9879
94448
29135
48428
99490
85622
32555
1025
49005
33916
52040
68133
35595
27644
86286
55376
73496
62899
5433
11289
34309
47795
30755
33815
8967
63245
44646
23532
80791
66738
24569
91431
7290
98120
96212
28830
18363
45320
97655
5473
44887
62856
87238
42959
92264
10928
87041
8964
72848
5022
29037
50825
38092
66747
42740
17334
54745
550
59422
29182
72532
74342
68574
74307
12165
607
38001
68105
21980
95534
95712
12094
64384
64370
47523
68459
85824
9670
76598
70976
67224
64072
72385
72949
17831
19987
70229
40815
46427
37450
76671
957
72648
26177
85993
43954
8375
14877
48454
53731
57288
79020
46921
61975
27995
48240
49028
96530
37396
17653
49515
64636
86338
63339
34813
51077
86459
21468
34384
98979
86055
3073
14454
96614
76496
88656
5159
73459
47215
51341
58535
22103
15410
50222
39013
21473
29679
38472
16644
36772
30255
6694
12062
30428
83452
40875
43642
83599
99710
63314
34640
29230
84075
48102
1082
72893
34029
90139
33989
97722
7979
17623
32916
79403
51084
1124
7987
78335
98723
89140
18156
81102
32598
61511
5656
69776
11564
15445
47602
6084
13797
65276
65933
87765
57778
95658
43910
97402
54854
69964
62016
23809
41234
51329
52024
5446
92182
67994
97068
28394
40892
59189
84568
14712
28360
85479
95924
19441
79275
36290
11814
89075
9894
20877
62742
23541
71118
30705
54588
41948
12767
4865
98541
92804
79251
1196
77789
87163
4350
85601
1140
64611
60492
31102
72959
1556
26726
94418
89741
36314
11136
16110
82270
47411
81699
73428
99192
9575
33889
17961
74158
696
45889
52329
63808
96456
54331
37512
55539
92441
30029
3861
58308
149
13847
29984
8909
41589
65167
9665
86480
89524
56146
68613
69939
67979
36739
85535
80365
40609
30480
669
1749
30416
40939
45220
49279
44299
86452
1811
48552
38544
90649
67940
54779
83802
22362
91294
98403
47814
6071
69929
72392
82839
2683
52015
75010
13894
7498
51320
11777
12729
9835
70796
4858
71582
6432
58336
51907
28157
891
3890
6377
26449
3901
86422
68894
79077
9023
43430
24129
10596
21745
44647
51079
24025
96252
65141
29491
19771
43607
80756
6621
84334
86595
31337
76511
84774
79887
71742
51440
21951
47851
25401
41621
86005
96977
26602
29251
32311
18505
90930
70413
18655
74013
15989
67890
70506
49659
63868
12464
74671
61732
60655
42789
50110
23371
69653
53337
30587
2637
94526
57837
30298
92015
67667
82678
52999
95843
18712
2389
18736
50131
10140
32592
55866
18872
6842
11584
19689
62892
45707
97779
54780
61995
60536
14698
78814
11035
78898
42256
7835
3042
58394
66710
94885
7601
66165
78693
8502
6386
86750
93479
5850
48353
49334
29011
66262
62852
66081
23385
88555
33164
10862
86171
21124
74409
84229
62191
29544
97972
75951
16639
96570
24986
14151
80930
70697
21034
42090
22133
12019
14500
90484
69557
26326
40988
63714
50870
75681
69425
56074
92305
82468
16059
29554
23034
77358
76489
14746
1011
2858
32567
61328
92901
66663
34123
77091
64510
53597
81224
43154
26450
60497
32996
11955
23974
18129
35175
50063
83598
74598
69796
99369
35895
1669
20966
64802
9344
44523
88390
28799
38096
39916
25113
15480
96608
95839
72984
51411
57535
5956
65167
46665
45803
17184
25543
34201
61468
2875
41466
75025
28414
90710
37618
93933
15879
79151
19605
267
69043
32767
55785
49017
23699
34098
57665
39238
16744
92909
96792
63151
70478
11006
67453
27926
54366
92311
48294
76781
89183
42585
69830
52498
15182
16243
7707
52827
96872
71332
18504
95392
78624
89028
34316
3521
21381
55119
50335
52574
52433
81784
83132
63823
44006
10646
87587
98714
18994
2783
70719
55098
93666
39171
99252
36169
35253
59433
34645
52793
56716
57942
86300
84498
3411
85320
17294
80800
96681
41802
767
31496
48409
72206
79978
2120
64570
36480
56150
31218
56968
4246
4210
63912
34758
98199
99528
84902
36551
36992
28055
30861
72430
83790
22222
28473
95419
55797
37316
8222
34433
73877
19103
75937
46826
6901
17415
12119
720
4422
56589
19609
27299
25346
22575
50499
4960
90142
48307
32114
34151
69344
29606
7749
45263
17558
50483
6086
47134
17425
92169
26592
36665
47718
5962
50583
71691
96120
52786
99798
76081
55993
20848
91986
24030
98897
49019
3032
83990
82588
56781
81422
93605
52340
76094
18353
65654
16759
12310
19521
14582
14420
83588
77755
92136
74924
32326
43507
81769
53394
73997
69735
97676
43107
58720
91032
89417
79126
88545
75354
10663
47708
19846
31085
13664
46453
36477
97587
77241
86923
70930
81122
19639
7672
99475
89739
15502
52792
52093
16911
42406
31266
71392
94306
53105
1004
69812
76221
62514
49771
81167
39990
22740
72668
88434
74247
15549
56035
69487
48037
73426
15578
7977
88048
48876
29031
57035
74144
22832
94426
25592
88071
17011
13334
54905
99259
87328
10348
11276
81329
54782
36727
43216
56174
84356
76279
45863
65177
9146
92093
39099
24827
74467
10218
4068
89468
82883
87070
95081
84527
74302
38476
76031
35039
94070
43854
92084
92095
53712
81330
44236
63395
30464
86763
63333
51537
59430
63363
24905
79446
91588
25230
79349
73390
15052
46067
78932
24744
41952
47383
7348
39897
78044
22494
63218
24203
40894
97600
47454
83504
43667
20641
92768
31403
75712
89171
7855
97577
54127
93001
17324
14340
26250
44764
32793
96775
27577
55394
13093
53727
40149
51241
38564
48076
2031
36905
18115
71118
59336
61588
34604
67565
94360
61648
65746
50802
96809
85652
38775
18729
10258
49809
2099
97119
70613
48471
99381
58623
5440
41545
66072
5036
26435
94702
52998
96854
36812
7658
47051
55963
44186
89126
95275
93370
8698
83505
61701
58032
57681
5618
74660
8011
77892
50363
41627
72641
13760
66286
25617
54549
78866
94541
83046
44719
86960
59842
35474
1415
74418
12198
75720
68217
73816
6369
34439
85831
15803
62040
81727
489
85781
24509
32346
37724
75008
39308
84760
51231
62532
14561
25395
15342
58665
33227
40496
96880
32675
94096
67069
99665
54699
13111
99496
79808
37841
23233
69374
11307
61499
47327
20319
22677
76311
48275
90806
52122
89643
36378
68370
61234
90079
40865
38483
41816
19210
51276
40525
76795
20688
90865
33441
83657
64316
1567
17944
28950
30940
3411
39689
52094
82383
63716
1066
15382
44667
32369
74169
39655
24037
13443
12085
15629
24302
65227
31481
15684
60090
4533
78714
82357
96645
42692
82064
82955
27017
68281
55166
46916
61280
7996
75210
45299
24102
69000
46034
57898
6367
44399
31933
42298
42882
39740
38216
73945
64997
28046
40819
16607
29992
21537
77352
96531
5715
70691
66618
69187
36838
67931
79232
76255
9512
30477
68136
60399
1499
19433
77336
54010
43125
86586
36463
41396
35476
70499
71950
61162
92489
89831
40219
52909
10718
26810
63562
27104
93643
53327
19499
43370
11733
56309
52371
66241
4058
56466
7332
36909
53897
74727
68398
12146
62213
51738
68025
99461
46725
89022
91295
27386
55033
58681
50729
98438
4438
72547
4863
62131
18289
92627
97732
95637
19433
4094
46390
44417
37533
87435
83189
89841
60888
78964
12512
76543
51662
98534
11914
23015
59284
93989
15153
52892
10993
28443
70937
57546
89765
83430
56997
76967
52545
86602
39317
38531
25885
24153
4135
28205
89325
41978
25991
23906
29749
25681
43619
30150
34201
72249
29061
16155
17133
92855
17406
39012
82170
36724
27372
72028
20364
9898
51038
82485
83191
74217
65753
55874
75369
49460
59175
90438
46477
41166
88315
42669
89889
10749
63526
16399
32882
4241
21622
58990
17064
7434
99511
92755
67785
68288
83837
13175
79929
65467
27391
80307
61788
34874
80670
83780
30947
14573
86443
86359
41870
72508
91021
47782
17917
1934
36874
59246
71918
75690
29181
35702
43965
85837
54717
34809
22766
25722
41018
50012
75772
52975
76334
89835
28464
45008
70223
76143
86572
3726
97148
52865
51296
66288
84335
97706
73455
56878
51575
5077
69269
99183
75331
60286
80285
95978
82874
66386
60872
89708
8441
30682
32065
76848
75472
76539
9222
19542
86524
95131
47296
71405
49970
34950
12029
12435
20865
39205
3489
12164
27115
5710
86238
83930
41647
16672
43018
86870
84789
45186
37358
38928
95953
6637
12801
57206
25536
92521
97212
98651
84591
70155
13163
43379
53293
57586
55472
65675
46113
8860
67587
78140
94565
2573
94799
17238
51486
76402
87945
17251
34723
97031
32536
70903
50138
63503
24243
36970
74117
7714
69811
67462
19844
71998
71616
99520
67967
16172
59494
59813
13960
72441
40965
90258
88124
52820
83848
39795
45662
15939
67251
45393
66355
71078
49015
74268
93078
13266
97808
66481
26204
89310
43121
37253
47655
38158
44474
9105
37985
58885
73418
49188
95414
20034
33628
55419
14992
36884
25386
73865
62573
51568
23510
30042
16298
62453
43735
3644
36888
46543
18402
76542
39788
84822
6454
42640
53230
59068
22537
33906
69245
51169
48884
48200
94700
6175
10454
75967
59130
74858
3198
10066
83585
42198
27632
74704
92725
44325
65236
92487
57621
75040
89183
41050
13509
2851
28938
30360
14209
13007
94042
92746
44511
35542
12657
24230
79262
17005
35957
48367
54470
74289
78163
94254
78506
98356
48353
51563
84934
10218
69903
59122
18422
70609
59921
67190
20183
33056
1226
22127
62538
80201
18894
6698
16015
6938
15856
30296
69040
12153
34824
67857
57929
95745
34794
17032
69072
54636
71927
89670
47900
8980
2565
86673
37691
38174
23461
21068
36296
72588
779
77608
17524
74528
1566
62462
55935
74033
94174
64929
6859
92521
31668
25818
7315
69303
89093
35716
84990
58314
62510
49662
16685
19075
43245
3259
69872
61067
73105
91622
83825
36758
14552
54094
90338
69621
65145
22625
96034
8543
16854
6130
79676
46659
61282
86924
3394
72356
41691
43791
82179
1528
40474
11661
40280
16426
98914
92667
13350
12681
18511
81588
24708
38835
42858
89978
4372
70189
95958
24433
46776
16580
44003
75745
25946
71744
11939
12506
44373
98978
49173
21240
1943
22329
88063
4613
45541
65208
39249
85570
429
25237
6631
32826
89412
27727
73354
88097
47096
83515
3001
97434
28583
50801
1759
48641
51425
55626
72660
21769
67290
26526
39468
38495
81924
94544
628
92359
69115
26407
62304
88309
65449
46764
37631
17010
80035
28554
75120
79066
81675
23935
70611
34421
10647
58275
7323
52638
74215
75130
92171
17896
80989
10876
56637
21159
34209
91455
13744
47206
35513
52986
40767
30382
38119
67132
39406
95107
79182
59358
63069
79386
66615
57936
682
68816
11958
80282
89409
8308
18021
26405
61483
79551
23491
83713
61104
31199
78710
65068
63295
18083
98195
91203
80494
975
57979
4737
59958
27953
2150
89657
27982
87341
76595
55400
6139
75936
85283
69871
14661
6349
88657
37301
50825
88933
1691
86974
14875
2299
30813
80491
14233
76933
24746
42629
96199
69764
94354
40923
60738
15315
5107
69406
17424
63347
92132
60160
55264
99426
12715
71667
3225
72788
81854
85176
98315
84553
89932
84742
5498
74411
209
44223
35589
74801
29443
4321
8212
23784
16993
15063
98201
30336
1557
39715
17907
67298
45863
79011
41212
95824
61383
26900
54489
35230
92741
68036
39863
45956
74629
40096
13054
27236
31476
20276
6287
23477
6922
48355
71040
92080
34313
77161
3586
28002
55794
56783
53568
36210
20477
31822
92755
17688
12303
47556
30395
87525
54633
86814
36878
78013
52428
90314
69009
90513
39645
40841
32508
76415
322
86831
57314
9487
46352
67384
51205
58968
73902
85796
80218
62260
78300
71666
16723
28027
90194
94941
45680
47233
17990
80714
45553
61060
9773
24215
87643
77376
82918
33879
50116
87719
31079
53810
67562
6987
1578
66686
5177
66961
23791
9136
1958
71825
88343
21239
59827
9037
50282
72326
59866
28181
72370
27523
70641
82807
40542
66315
73217
42783
74535
58766
29878
74627
88382
47319
8034
38209
84694
5654
4706
99943
9404
10382
10969
35672
4475
80680
87948
48916
7750
92712
45534
27751
85927
1669
57922
60486
51541
65974
88200
64079
15484
86147
20952
17017
93595
61214
97077
35987
42348
78418
73172
59467
29493
96927
95558
32402
82803
3327
53027
60693
3460
43433
47454
45178
67991
47136
31006
85614
23268
53007
75511
62177
76337
20818
38861
74854
23831
35706
68817
40529
72015
737
74959
64658
57028
43762
60703
74091
89080
21062
16824
89378
19374
48206
10477
29928
16395
42261
68703
96506
4688
67487
86680
47185
49156
68372
33320
95381
15733
66912
29279
27105
78378
97370
96520
3312
88342
54475
49872
81277
27872
83053
84022
98437
37280
32874
71589
35235
29102
15905
22257
72457
62307
43711
22750
49408
9891
36918
13013
51654
22100
17174
46546
42142
89776
64222
7886
53103
65039
77040
98741
79955
256
67971
41184
71352
33154
38492
70158
43437
44827
39285
1773
91018
73764
37652
1545
56772
21187
13150
76167
52091
78097
4829
85609
13208
70525
20653
48198
82277
23434
72552
39031
55640
60136
66443
923
67520
41098
2023
60439
14285
45359
1181
9434
73369
97612
95374
63975
76026
78868
12729
32178
3192
22115
22989
51731
5120
62746
36863
56739
48762
75447
41015
13586
92954
38918
8824
5579
3252
70208
77933
71175
81962
984
7596
30006
88670
95157
85225
46882
65327
94123
71011
58253
33873
40998
77452
18663
51393
28063
78554
29627
20274
62204
19831
30326
99507
40869
20218
6452
34296
98298
49952
88724
80575
90752
75703
31390
29458
1667
67873
7027
17493
68005
21056
96429
19524
11918
52816
45663
22568
86633
37975
18562
47055
59010
50967
18694
761
70494
19359
60260
221
94965
10130
19326
65449
73700
41099
56871
38193
77131
48770
35085
74198
92431
52892
34274
34672
91050
94724
88907
83396
36726
17737
40328
13434
78345
91247
38045
52885
42043
17731
19736
6521
85225
31649
33872
81573
77135
69255
9956
30297
22673
52177
26077
88476
31603
23356
22896
33370
65824
64845
89361
47547
40396
59643
41778
72617
30699
45554
36121
37924
93388
20595
80679
47127
21722
96284
45197
44565
72387
29594
37276
44905
68523
43640
5803
41607
6488
38679
16571
1123
96850
88274
40279
42045
31829
15866
96252
508
65489
97661
24407
76282
36895
32124
59099
41690
82502
41695
73034
86647
94120
14762
77672
41974
71392
63541
72848
85623
94142
29787
44213
34251
56377
51275
82270
29478
91281
25267
90818
16991
59568
12408
5126
82256
11814
16546
7211
11430
8258
89482
66736
11978
1504
7321
73782
47071
16562
77199
42846
7188
76826
44957
67389
24612
37575
15493
5223
93672
62540
33924
76656
72677
42056
74195
45171
99440
34870
41658
3822
80578
22350
58948
57916
58066
42290
51519
74164
77608
36363
16381
93599
88901
68314
83088
4911
90144
6893
11794
42950
16893
87426
34704
48264
77806
46753
5374
95373
54684
70948
12828
83457
19410
72720
8914
51672
25465
95949
18831
16324
18217
91359
74999
95038
36380
52505
21938
28770
60103
95103
22422
83341
37882
14394
59464
3489
66402
56555
3733
69025
57210
95034
86743
40737
61354
73979
86051
54182
59692
46178
23652
86862
61611
84629
62535
6339
96537
75216
93440
94597
62436
70531
54700
54669
65725
16224
34867
99989
40781
53670
76188
63201
22583
17681
63736
83605
89357
10777
97679
51091
53331
29387
86597
79695
40752
90368
64885
71953
64672
62326
89651
20381
33008
9338
37777
57451
77099
88764
56341
70795
13596
20873
79034
50126
37088
44025
73274
21801
61745
70456
32568
90314
30673
10222
30328
5702
25979
84839
15618
89054
42832
34962
30912
90361
62612
2155
58825
56901
49789
56748
96213
84056
50632
98934
63366
73389
66252
69621
18757
91837
23574
53956
26086
20753
16341
10127
62899
59390
48954
47830
83398
54120
49945
38506
13721
21175
24154
52949
72079
71391
97530
49802
59909
54809
62750
55876
31276
42286
96955
54878
97047
80068
22620
20413
69218
50716
14827
85357
47957
59550
74872
97308
83332
1415
14774
20364
77547
50916
42125
81912
72378
50821
66781
93002
64607
68252
27223
54518
48936
91399
59862
90649
98068
76046
98508
96971
54702
27682
80646
50524
34457
54514
44844
17916
62100
14492
54628
61149
97452
68586
28652
53659
81990
42364
99233
65967
71243
31049
23601
6589
15333
65330
18475
53906
53470
67396
29129
39012
22495
53464
63262
49805
25656
25856
82744
2977
16417
28037
12712
99762
45086
9081
56380
11409
77836
94956
97470
90765
27998
97046
88368
66614
12215
12089
11173
91495
97595
10022
90145
62803
56560
18844
76509
53574
38707
38461
89634
27299
53428
34400
82015
73627
6024
97262
58411
61487
9651
25237
61662
75473
61008
9668
53214
86746
28629
4267
82613
75364
13068
80675
35711
25575
62499
8846
83676
20455
70826
18407
30026
6531
57708
28016
23689
84325
99093
43629
65751
97134
52462
71246
20569
60955
73792
27042
74653
93006
57330
28978
40053
35542
88123
48864
93060
6925
57357
9806
49482
66733
952
12244
98459
32106
15099
68073
2826
75409
82342
78584
20601
24148
87716
50753
8288
69634
95745
82846
13907
12975
74305
88117
85209
93363
45047
40327
26602
78282
4866
51320
77459
14727
75029
95000
78700
79414
93152
12186
17771
25250
12148
2748
94343
48738
42036
18455
57063
89640
11447
18825
91412
62754
67446
75061
10454
19572
69633
94994
77372
29626
58641
60493
36704
53748
52207
42989
55878
1094
16036
76142
64417
50175
33791
49275
23616
14949
52887
28178
86732
83512
83673
26835
72737
89112
97612
22845
10322
51789
68498
63990
69941
52288
95866
85787
2916
10391
74746
54389
35092
11020
95291
12560
45747
59166
98173
41209
26470
98809
17623
18835
76459
78170
16516
24912
78651
36496
13767
51821
81531
34131
19581
55560
57956
49860
65077
45914
58763
55473
27773
80078
60136
16416
65807
52148
13319
53263
99629
38854
27183
4801
63948
87636
799
89171
51161
82487
71592
80184
8725
85872
70258
22851
28674
71092
80874
2369
67508
93347
23031
18199
71307
66585
7998
74995
81079
57933
59903
29216
30005
67493
83875
78116
73785
1610
34448
54603
18172
58151
70870
69103
90854
36415
46390
49353
77819
78992
83543
84942
9235
41203
88610
76557
41777
39989
22032
99305
40579
32043
9425
85463
42677
63748
66231
89253
78621
22115
21401
96148
65478
22606
69506
14833
11104
65052
51140
30118
97078
64532
50278
33160
73987
8796
98201
2197
97337
71040
44301
15821
36623
8793
3602
31537
38545
43211
80588
36893
32328
14481
39219
8439
89980
61878
7578
86187
43071
95137
58197
39363
23622
88756
25223
30489
43951
72051
83334
38336
79424
562
61744
78954
55293
99361
16691
60568
5774
96325
41231
53645
17345
39938
37198
33727
99877
88427
99384
83899
31515
8065
71140
18725
89226
70398
53430
97610
64215
3668
23429
52920
1121
52105
68263
96459
57019
83427
17171
8526
39385
40480
62151
90529
88662
808
62637
98860
16811
68286
76696
74327
31840
33413
9460
88767
96379
67671
60905
56027
37978
30390
83281
5003
54727
60399
96865
55252
37381
45361
46703
73828
77338
85799
65369
66555
17818
91870
35828
23829
42764
45273
29312
8791
14559
24364
56325
8713
79365
94185
38575
91617
70409
38530
29640
57282
45791
77155
22261
38991
4676
88278
43903
44665
26340
31151
18664
36150
87856
79072
82204
92046
2754
25152
71967
42462
43179
91648
93520
81270
96817
9920
48223
96653
20492
92215
50215
62922
97146
79994
32667
46454
17701
15133
69854
85295
41152
60746
15534
68372
8702
24011
16428
39948
99347
20998
56221
70505
77930
79204
72627
35837
55414
33522
54803
70560
82638
58847
70904
94158
17951
6366
58643
34555
90997
98501
50757
66275
75924
2742
39644
80102
45067
18155
62515
1312
64082
44483
25023
78243
77050
44305
40572
49835
14778
45998
62782
1066
68644
77453
34034
88435
4713
81531
87695
94788
79570
67202
42286
23918
88311
6221
46169
19618
19776
74131
39140
41379
76104
14772
95570
44373
22373
36580
23208
85304
87832
52758
18912
19264
90282
91406
65571
30142
50478
49274
74555
85815
55780
84870
53422
68627
44734
93334
70755
46114
22467
35870
9204
21244
55421
11729
4880
12284
73106
695
81136
62347
81025
21638
8713
15872
47758
53897
63909
74293
41485
24538
74466
68982
59237
9892
55106
75850
38998
39288
23257
59382
16742
27155
8080
90738
77204
53695
38488
22351
23805
11296
2067
68226
80720
23344
77311
12669
15319
18407
19791
14508
13516
21440
62795
60916
90223
31816
20324
67036
38953
89354
18674
64434
49345
96077
53455
55587
78548
53927
34174
79713
17016
66058
25847
79619
82907
34729
61617
21546
49638
65936
99916
84166
73655
58361
11621
68862
76672
28326
35773
24753
41022
61125
72707
21978
7602
70212
97205
21973
33417
95285
97203
4422
46409
18555
50222
70654
32951
63033
37484
30701
31761
43201
59180
22335
90262
54697
22588
27241
57833
70566
94925
32324
5949
67054
50119
94770
18751
2287
17211
96206
62810
9184
78452
10495
87134
5472
85291
57374
78933
98586
63838
7853
61637
97851
41606
54804
22835
88047
49232
44984
71164
25049
61107
21441
88695
75474
39148
4546
56016
47161
46028
12827
89459
52497
45106
99119
29171
13433
50211
30359
11505
14741
52877
95305
91956
28391
4024
13104
89853
62852
29324
27407
89510
31955
9771
22476
65620
88312
47356
62069
79309
12678
14706
86610
52798
29583
81633
45488
70032
81962
42861
15983
39892
45405
61406
16421
75834
65740
94693
43152
83268
28257
11020
5190
5470
80903
62057
24756
69949
7540
5271
55960
77793
67518
35244
9718
51330
53952
92984
18564
99735
24255
38405
12829
87005
34149
25439
74725
72618
36776
93131
20228
80325
93878
40565
39681
12436
97341
64756
39618
58128
37344
69229
73832
44666
73361
49986
67224
22044
78908
71152
52623
93806
73678
16602
684
88488
64130
73954
11608
70675
4785
30824
14425
26552
51432
85518
81980
67694
50851
66738
71904
639
79528
66555
17550
84814
20043
35103
83260
15642
36196
14478
5284
47669
93375
61941
45531
84683
34848
15475
27557
83236
32757
227
54301
75962
44487
78338
99640
16401
73785
78491
10038
38247
27890
64978
16336
93347
59456
52835
98109
28985
43505
70133
59856
46412
5267
73140
58725
58856
58805
56599
3728
67224
74139
59586
25403
14828
87168
81236
47088
25792
15968
71065
34587
20209
72311
86451
34303
30688
83686
48912
27118
88454
44048
44093
30657
15564
77617
21774
55700
73473
13679
86717
81148
74134
60003
67240
55971
66708
57644
27192
88083
50872
25060
41461
73328
64436
50660
31928
15021
66562
79107
3204
83783
98042
64985
941
74856
46726
17016
83189
67648
28082
56133
27383
58331
35575
91634
66629
47748
65110
99046
33430
43242
81298
42890
19776
65116
11644
85284
22862
24717
89316
66463
62600
42977
11073
99377
20600
99420
23531
4592
14120
81632
12279
64837
53754
95027
76935
53162
23603
63539
9833
25588
6216
5740
71978
36980
91953
64646
7149
99125
76677
55065
14944
31401
20370
78106
58091
95426
50047
65239
98639
4651
74688
51196
73542
19429
17899
3894
92107
17184
92806
8256
19080
92076
86455
4503
96333
29451
47010
11081
94619
66316
86744
37690
23707
59309
92387
28347
3964
53966
36647
46290
54568
73243
73681
18210
63149
61715
74379
47356
88158
80348
71502
12488
74245
82668
89368
51076
97418
85031
30202
92863
35769
93653
76299
45210
4157
85175
9413
24118
91065
28770
29279
96158
18571
30887
12408
46896
12599
78980
38979
63319
1803
87524
24108
56170
94551
36940
5015
35959
32397
31379
1600
53983
66788
41166
43647
70266
18969
73173
10961
49155
14847
81557
27679
85847
67723
8104
16153
37377
67705
12955
55147
25027
58102
2530
77381
90299
85293
24741
2737
35729
50730
86948
36748
28029
29568
42864
93476
80609
79355
31423
97843
26966
57494
11641
79626
94550
63744
84943
65402
83913
54451
95233
54533
40967
7100
49081
76278
88730
56155
11172
66774
59697
71823
77829
89430
5780
84812
98231
3892
99861
38049
78084
17163
80656
66471
2748
17839
41987
6677
34909
91935
55043
71951
51266
86977
10329
30694
68680
38777
34032
66658
94533
9349
87494
78800
10076
44337
62718
64921
59130
55213
49060
77725
50657
34937
13758
67515
93071
82982
72180
37527
41798
86268
17307
88517
30043
52707
60393
89500
94668
80132
3694
63887
22566
60827
16684
30172
80067
96386
19097
17977
89155
36226
63184
28335
13879
39514
94245
49991
62951
23689
74259
80151
60894
84922
30204
58499
20697
78220
80565
26607
36731
16140
34610
77173
612
40774
90715
74945
79264
24756
91938
43719
1196
48818
36355
40221
86066
20395
39453
41494
9418
92908
43569
75621
75713
85931
25929
75272
2730
97137
12193
62476
70022
17617
82007
37103
92489
40748
73317
6630
58179
77212
93412
54357
56379
23335
62229
1022
62862
22401
25680
56753
63410
57770
6952
70754
12405
96185
88575
67898
85301
98026
97261
11664
96237
1150
12588
50201
75494
82590
53016
85740
34160
95430
70637
71881
83684
59510
10815
427
48820
53426
50010
67131
13013
7618
75281
50540
80015
22554
55987
71898
17720
20124
6108
26853
7114
91808
38786
58048
42975
28021
60989
26051
8339
10101
28852
58924
12288
47881
41020
73633
81125
69293
41116
5252
9659
75195
89786
33405
41881
122
49519
96517
81933
53207
80295
29328
77768
6108
61052
85060
18068
32091
30452
43282
99715
41683
75130
67762
27972
52694
97001
52644
2908
37188
89262
3502
50292
91617
49942
14787
58814
26232
58972
58632
66996
48789
35011
91604
95415
93992
1325
22368
25857
90767
51247
86299
95504
35027
11764
42382
48741
67242
31173
39102
68377
56198
28250
52880
12663
2744
62917
8475
70552
16968
47580
13710
99241
40305
29397
27796
17614
56855
99824
92600
57017
9682
37144
16342
15963
29317
94140
43471
31618
91863
44912
69213
1378
55625
73912
91540
26694
97563
44399
43628
70422
91920
11063
50391
81425
39775
57702
77162
7666
34448
19012
27757
32538
17067
37950
10664
96040
21215
85642
58064
13138
65687
42591
4128
53551
3981
16540
16419
90196
16431
32171
9846
73437
87139
99260
7547
35519
14066
12779
72760
48153
89928
85074
95942
52343
88547
95501
11927
74757
97925
92251
29093
13154
28497
89970
67977
63577
83654
66797
76845
11249
25005
59826
15493
56288
99352
73126
35274
85609
57579
29444
2913
50416
84286
70914
22998
26862
69018
98686
32045
14104
16712
66021
66537
72139
21412
86483
19617
37459
26981
55688
16886
62718
96480
97912
3363
14718
48291
7617
74611
26653
78464
65674
65754
67152
84377
43446
95814
30352
78508
54501
27519
42659
99929
93492
32622
29020
11674
7930
99145
66475
35485
55240
68805
1361
50634
45451
32636
5358
65475
36340
29646
15414
52090
32233
47399
21905
31922
92880
27770
35350
80006
9359
30995
14058
46595
27781
36632
57100
29502
99368
8904
19950
41221
96679
38063
72053
39865
26087
35305
46049
34448
44681
72311
43676
23490
10373
50599
42487
8086
97388
78887
68529
1333
80170
26026
65608
38870
48271
69854
3213
74549
26536
56711
5094
15840
37602
30243
76330
13533
66889
51985
58461
20979
22287
39504
94773
33753
36812
89078
5383
24855
55859
85542
13350
9848
93645
13618
1596
18401
13754
23701
99336
77124
32336
12056
29695
98980
42448
32823
87987
49753
34806
19594
2560
38676
44264
14384
67841
55087
87327
80494
25338
7790
25293
58227
22443
10661
10713
44762
74302
16656
55141
75828
54369
37191
67346
86369
97315
63330
77937
60563
86044
66863
58345
85013
75440
50734
88526
64000
99322
92743
94125
65640
94101
96998
30860
1480
23474
33139
35366
6908
38026
70597
26070
39459
77930
61488
36967
6910
60941
85415
17542
44362
86266
86039
39439
19929
24748
55927
59309
79709
33229
13975
26359
59608
96883
47549
79600
5272
46447
2970
3978
98452
35573
21675
84706
81212
89628
14579
67800
9162
38974
52355
94178
51566
66705
54853
78762
35091
85108
20909
19312
73029
49127
69233
5433
63114
90868
99858
86172
37122
64930
33666
70502
12089
71605
16352
33621
52829
22555
39361
85502
84343
65615
65441
79874
9204
34324
77579
98864
34753
4910
6571
44395
53883
11526
28519
56350
25986
84076
44450
63917
79054
46345
77248
89926
37629
69795
60351
80234
5878
83459
95539
65367
31463
4379
69762
70890
40457
89369
20317
86044
36662
43870
3860
76028
66911
85414
45146
56962
50829
95338
13609
78732
8031
61615
98218
69410
16351
82819
28066
15142
41761
38844
22809
16026
10362
35622
24593
5916
30439
47372
24072
31534
93369
67105
91134
67168
52118
37945
79741
58121
86184
31861
76361
70437
50441
12596
9636
6507
24041
533
4354
25442
57451
37724
15656
61783
59607
37875
2043
34424
85119
3342
4014
15705
87571
59204
26250
69734
32310
85673
17974
50094
60233
96465
6813
61484
89507
18953
32537
17877
20684
90839
95532
79070
44901
51309
67011
78349
25206
3022
63800
20586
84010
67551
5081
67319
71403
35000
38744
67861
42944
18328
91865
11560
31598
20506
17598
40034
90795
88878
71728
99571
18160
46652
88876
17094
90706
82063
32647
64421
37333
13724
6733
93565
88475
26390
782
28344
87872
78754
74477
40845
58459
89988
19259
79172
62466
40298
24282
98481
65622
53274
53683
77535
56705
65164
25024
91814
53673
94748
17825
67568
4627
73507
4772
56005
43880
33607
28758
3958
62855
9473
9313
35466
67259
18460
56427
18074
10510
5716
19801
26309
43489
69884
11912
88077
83633
19521
94060
88791
32223
94300
10123
33395
38848
47951
74008
86797
22685
60545
5193
25213
76723
22189
78988
36856
81445
1449
45759
20346
30248
81352
26896
97025
72402
88121
6957
69681
86987
67214
19375
6696
38301
74056
48969
50745
88300
32316
16843
30784
74451
29194
29815
27576
76768
14687
49998
63254
82387
95764
71973
82965
64120
23705
97276
75076
27035
98422
76284
23099
50337
31300
94013
89671
22987
40843
58748
52909
82163
7169
39998
25845
91499
19350
55904
92081
41437
9994
93821
10084
99365
36609
17406
17935
38492
32067
87906
48434
1828
59777
78820
65636
54708
49660
25621
49461
31597
24520
57347
30495
970
4119
43167
51379
48193
61909
45625
2909
37562
13814
55773
68322
91029
9303
50193
34448
61895
61991
6812
35649
82990
93992
87238
50563
61471
69400
19917
12471
75545
10495
56923
73681
2601
50927
8561
82343
39205
75491
9262
8565
95431
39691
36818
27566
95599
55091
24901
85607
36509
65852
71901
98059
83563
30134
88576
72511
16437
38754
89148
38779
16042
40001
9184
19110
83878
84985
98412
38773
13499
91039
2750
2807
61370
47888
23169
3258
66031
19157
32079
84153
40273
54688
20525
4760
37346
34227
48049
58251
29864
30322
43238
22860
62915
84137
60181
31270
44190
73589
25463
40651
84357
69316
31430
57601
31609
22369
63496
55734
10200
87189
56059
5203
58493
43599
68006
68903
48091
92048
29286
44285
504
9139
65977
88101
3770
51555
35734
12631
80622
46166
97610
79338
99853
36685
31306
15647
55001
64882
29677
61777
33398
84782
30185
2861
49684
3967
3531
55362
9392
69120
35309
9598
18749
31207
72298
59105
76323
90967
17718
9535
68049
39758
10252
8774
47176
54610
45578
16543
35368
81474
15853
76025
70007
17305
4376
36223
90484
71860
95909
90672
95575
93437
25729
26918
55130
82789
54183
22506
38735
37149
59800
46770
84395
93514
35668
47668
91839
26810
32851
46155
68889
50082
32094
19398
11244
27913
55711
3174
22912
45098
73367
2627
42366
34645
1671
35836
54170
35421
36207
19906
7364
77946
93149
49513
89175
38481
10619
76047
72242
64940
79085
28368
26832
64760
83810
93305
67699
2641
16811
62022
25741
48489
61256
57654
53821
53148
23390
95254
83333
89162
60211
2473
47304
81292
29010
5915
61483
48785
9216
90617
1978
84600
57646
74053
49478
8476
91862
43123
10582
94358
15865
994
49699
58170
38617
79916
55878
34725
41465
67668
19691
60612
20383
10278
82453
97605
52566
34556
44107
67337
21582
15902
23272
69673
86020
82030
39085
5390
83435
96711
77588
10137
55737
28783
58286
11214
83076
23805
66046
79386
76714
48187
2879
76876
25120
85648
98425
87932
60091
62861
83576
70599
22359
41545
15574
43536
65546
60547
77906
42569
29558
88620
20480
7245
56548
62475
27382
98408
63332
76467
28331
13168
52215
46345
24137
89071
12656
16355
76208
70079
93744
50597
60811
95978
44883
17080
79633
20639
20521
53548
51345
88469
43087
78371
77354
41012
97100
7719
38928
43656
33757
51040
44634
71039
22958
67885
56526
17239
29608
14104
77940
94531
71111
89146
94626
7547
28082
47750
41340
12819
97906
25258
92294
86920
62095
44511
60962
91357
41825
6827
86646
90388
18015
42278
47443
36404
25016
37355
27708
97334
10054
14664
9771
64939
25415
85616
82110
51285
67202
6667
16578
78668
35261
12528
8378
24191
55848
14086
52740
16541
81250
82245
62687
55707
22112
2360
74909
57457
20725
97626
40847
4275
452
74660
40218
92882
45878
5012
48863
25100
14922
33389
69095
54612
97873
75582
43068
85301
89641
47959
15480
53456
91418
53414
19278
47263
20201
20431
14460
7118
40316
87078
70130
5091
11942
74404
56043
4220
44834
92887
58627
4599
4553
72937
6544
45274
23181
13030
59699
92379
62268
61076
44337
79112
7074
72449
21728
33519
69445
70586
61958
38574
18266
83759
88065
96096
64764
91854
22618
51369
26928
39255
90735
50618
33482
15147
65819
54117
11548
18068
67803
20208
78048
19785
2299
49823
99706
90509
52144
99020
3115
14218
70864
69914
29921
63838
18561
46773
72866
99840
57990
65108
74804
16627
12880
12644
4259
36785
98554
90255
3006
58153
96675
60244
85935
17785
88397
30964
64568
54600
85524
51204
76704
78928
48606
69784
93963
37639
50880
24061
96765
47592
52026
55901
37705
92085
69719
96238
4864
19222
97907
40440
62004
76166
41856
41012
69642
11166
86586
33789
91396
94017
65944
978
79315
60811
82379
64450
92611
96946
34320
62741
53269
22226
13069
422
25707
56095
26311
15924
42795
1696
82998
2977
65425
95520
87563
4711
78990
63463
73091
20984
65005
50809
20281
3089
61100
98934
85625
63847
70514
97442
88883
49045
77844
85064
95832
48493
98134
39986
85233
61146
69924
48137
62844
1719
98558
36724
53113
41263
50104
4996
10793
42353
47768
41517
37024
80932
4261
51727
77421
41169
21229
83588
98031
77100
35839
86632
79211
70780
18581
95621
33820
70225
89901
51515
15664
11476
24209
6683
80604
35468
10349
51991
8851
60511
39985
7293
42021
89427
89047
44541
84353
74977
77279
63698
37872
27850
34210
59024
88746
35450
96438
84497
49420
51030
6471
91580
62394
50727
73699
80517
96686
35450
85929
45260
20542
32139
5492
73366
32385
24826
63787
92477
47944
99433
60223
53447
85719
8596
11258
81176
18392
25624
95858
89873
21221
7816
23373
56623
25726
36641
27041
97909
53216
79860
45013
42856
76655
89927
91458
88507
49852
4291
39818
50205
45093
6489
72002
4391
66021
64839
22533
27276
75762
34465
74714
63395
21370
68112
47079
67104
93987
83463
25493
59282
85311
19497
72677
453
82856
3915
2601
3060
48300
92594
32665
80412
30013
61279
39697
96912
95914
4594
19087
97281
88602
78468
30332
27776
50842
68374
62769
49891
31814
32509
73615
2556
47770
77542
17616
58763
18760
98536
64417
53380
62896
8542
84955
62106
16742
71778
98902
12414
64639
46235
41969
86013
893
55264
69428
5902
26773
12353
13360
66316
2635
14717
88196
14696
767
21412
62022
36721
39303
28411
38864
79874
59794
36129
25033
60214
54633
26005
98140
70558
44500
11139
73275
40793
64995
63878
86882
45193
57855
3461
48646
98837
450
64661
50660
8640
21255
48162
58240
58213
67099
72451
15729
25319
56792
92110
31200
82451
87029
57987
58207
46383
18509
58545
85450
57123
6274
29284
56771
80234
69423
45229
27251
66546
28654
51825
88996
92202
5650
78395
28422
79056
73453
44695
97989
24185
29071
1635
90056
77304
98564
85249
47450
71844
85231
85172
71521
27440
68885
84299
4053
70596
39164
73913
84579
39884
57806
97165
95727
93718
16181
46611
53467
53908
28740
26682
58756
1773
52384
84793
59444
39680
25143
34665
89234
35425
48347
72933
37018
930
9658
7548
15229
34813
77949
3529
6134
61809
61805
28065
89900
69875
24745
34442
66797
58976
95684
15098
91189
32065
71115
14704
30294
6715
85005
49029
40492
13587
23187
35948
65893
26217
96082
56148
22626
38590
77618
71628
19869
76105
12214
10569
2139
62908
56251
89003
86069
68687
57742
66043
51258
88830
97022
52138
26484
15644
51911
59689
38002
8323
13905
23836
20714
16615
50518
62599
76218
15428
99140
48192
10217
33535
89252
24922
30312
89293
32855
55956
68074
91097
53611
28913
52368
73047
80191
15033
86292
18326
72772
10061
49715
50885
3703
33942
34753
60974
89357
98611
55631
55607
19687
62026
45396
63886
47211
92819
7983
81577
38984
37514
11546
65623
41190
24172
20728
6584
58823
61553
74102
99504
89168
95014
95835
66156
46808
76712
41935
3963
63282
65348
66832
48778
29246
51526
77326
30704
59251
6132
77186
57326
33020
76683
86923
54338
27453
46683
60707
95841
85597
27330
900
6021
96395
55615
35344
73742
58464
18051
97736
2270
86914
20479
37329
73994
32
31583
87821
29963
75070
27874
22316
29907
27386
2040
19004
38981
41154
56094
9626
69887
58360
81594
33871
98133
43391
81098
73226
70315
56606
1527
58861
93275
89180
24686
48112
97590
37178
99518
99818
85080
95220
60748
18720
55235
94345
21009
24750
8236
22925
95740
67580
4046
62911
92782
66502
15852
42306
61493
65556
57639
19380
14955
16012
79087
3161
3471
25924
46348
23634
60644
79216
54416
20592
81965
47506
33215
54404
98369
39649
2730
98401
75481
87438
76438
43030
5626
93768
7577
99751
1768
55981
8635
32622
79826
40767
7480
13840
24548
91201
76093
29261
5001
9630
62955
97751
56868
62649
96898
65510
25879
51222
69164
80885
86768
94557
84483
51953
23412
30280
34508
74238
37319
31490
87685
94211
96510
99061
9147
39311
15704
7590
89968
25625
82357
60356
14854
25162
30565
49339
1872
69535
90934
98996
26382
45159
5070
73521
343
38962
34758
49483
42046
28239
83718
3697
46063
53357
45737
82372
38817
97754
28127
53217
67544
26018
56432
10632
94755
70965
87854
38830
18274
35250
94819
74910
6548
30715
84525
10179
53727
32281
94021
50268
13124
44416
31023
60954
22738
71465
5468
66717
16932
25358
62603
34525
85499
69045
75593
13747
60825
91734
97539
83862
95400
54128
38581
67486
39580
2414
34305
82248
80466
22821
30745
69826
26475
88314
66910
35559
58743
50889
9195
3971
10073
55363
27126
87687
26087
95179
50
39933
12963
56316
99422
10506
92112
47598
70583
97277
67500
22674
22127
29453
65762
25033
19204
29562
85343
79142
20080
85075
37666
89002
78737
43003
50539
91359
93652
72574
77572
25774
50744
87490
73495
80724
76812
82847
11996
22168
66579
23761
22812
25334
61197
29328
87992
72596
14384
60089
74477
72077
1486
69050
31237
90305
22627
44754
56301
47143
92918
74952
73593
89722
63126
64985
63494
73754
67026
42796
66388
76802
56812
75813
28387
40182
57580
34417
70208
42571
53419
65186
1757
91473
1725
11086
49466
51550
1052
91419
61907
76541
79385
88258
96428
65172
44315
34385
44924
46317
79612
36661
7656
53542
19692
57927
53782
41130
16848
10761
95372
89995
32846
56130
99627
29473
19406
38534
23497
41577
18939
79850
51949
8872
91129
91347
25587
26243
93735
93033
74710
52396
31029
89032
52686
76597
2899
20277
38950
17540
458
216
46829
37991
44461
98477
32433
88395
76149
60362
42649
70021
2850
1698
28472
98137
29443
29894
84382
22440
61736
8960
33332
79270
38793
33976
16129
41138
13339
86986
25452
11247
30763
79224
91390
57176
39801
96212
36514
30825
88627
41932
20062
71085
1949
16693
20882
48771
46484
23302
26493
92898
90940
72544
98524
37495
39632
64041
85453
3651
86789
61481
39129
84367
24376
44116
28842
65950
59893
69174
87041
98556
95741
9234
71335
51672
45331
95361
33872
12125
71482
19094
64132
9444
59765
93590
36961
80704
48053
1375
83428
70476
84955
30095
65920
7984
40032
54675
99089
67195
20878
55159
7096
64733
49434
5841
2252
67214
66351
25589
59261
18431
2359
40786
18190
72121
68089
15090
88777
64478
11584
53541
32063
60618
51108
32669
22117
19843
3604
51610
41338
1084
12231
75767
38758
21456
97803
17302
27144
32054
82564
7756
33573
8112
86108
76084
26307
44728
26419
73279
86953
80801
86132
45005
30015
78736
61633
85384
57124
83782
96166
67229
96553
88608
96285
14711
53053
91560
35262
77242
81023
84039
15651
30180
6729
64966
14044
15802
89943
29763
16066
28039
66830
24333
81285
67059
97750
4
20651
7369
73407
75191
25042
59254
42594
65901
2219
64030
25264
10303
74837
46552
51734
83044
2227
86940
1292
92916
80869
44793
7524
87268
6557
85967
62026
48793
34498
61405
83172
54655
99740
19029
39436
58000
23455
12023
13908
29344
49596
87850
38387
84327
38369
56274
85351
74098
3365
15908
75765
54734
85739
97955
4371
98286
4462
69199
70387
72131
94993
41828
15263
33953
1268
56068
99973
38908
64705
40418
32060
12092
24953
37617
89263
55775
22145
23474
983
44143
51361
80153
22734
91166
47901
34060
11949
96468
63313
17071
13381
85342
96028
85252
48823
46409
29790
75162
93294
21785
33625
97776
60780
87823
29353
57529
14405
14119
85753
45455
87510
92488
71475
33128
2339
57313
2928
78348
35380
87574
61466
64497
31635
36894
3449
81639
17482
6201
91122
8558
98810
30317
52270
45836
36970
79347
4773
46203
60596
7950
75802
13960
18213
83823
77170
57586
27533
29295
43308
25752
84142
22383
35783
4308
28166
48049
47113
83399
97209
46334
41201
77899
91102
23725
73103
48930
7199
93260
74178
69680
91412
85578
16792
20064
36765
59
17178
53702
29627
46759
27378
85161
20419
11470
25148
25635
83537
4560
19147
33848
50630
81651
44098
28126
40457
33033
93330
62784
49927
90352
3572
45937
99395
10239
72309
36251
12288
90521
5764
91449
83502
86713
8819
46134
44083
75190
53940
71082
81362
40771
58169
67992
2966
83276
61178
64720
99101
4942
86718
82932
95813
65267
41958
9417
18697
23427
64902
45451
50801
66511
53491
7904
75964
5826
89636
93887
20883
7354
23922
46788
19931
35155
37211
1019
52646
39900
71604
34964
32240
81722
15631
42459
35502
75867
82093
90383
48424
30627
64841
11192
47855
1837
55577
21886
14138
4961
2542
71335
80923
81577
46824
25879
66305
93155
59049
15790
60323
72538
64148
23866
49650
72667
2159
42959
71010
83449
63607
86383
14323
41786
69602
74389
73739
65978
98582
22476
11543
87433
83190
31638
6003
14457
41233
49977
2324
73220
28881
3173
65651
52851
30268
770
31075
1977
98662
49443
22245
30934
3933
90954
52023
53688
1507
4272
4318
71563
95303
58312
18069
57559
5183
83778
25978
51783
41204
22800
30164
45623
94247
80478
75203
92761
37717
84451
21003
2205
66066
19040
68948
29750
67077
6261
34749
71090
77540
94089
41242
9969
80154
98699
19021
21622
52421
946
19040
22055
13128
98778
80671
93334
27394
77669
39628
4001
84214
2860
36758
84176
32645
64258
43957
38372
12733
41573
566
39103
20592
17566
78982
25133
97203
59474
67998
1145
53812
40344
74815
11675
73035
52369
9195
69869
69141
73196
80329
34886
29682
31137
36023
7906
16607
79847
4297
73771
20090
74497
23044
65074
38120
58183
79301
63780
86026
5396
82544
37033
76408
53104
66018
73647
52915
4127
8992
67618
32552
85133
65091
27173
4891
59399
51263
66612
58475
24095
30718
65852
32101
82433
6757
49370
2377
88373
91720
62684
76689
77875
32702
39371
53404
37200
60819
57703
93222
92273
11380
94509
41155
72610
83286
92481
71259
33659
71522
5746
49963
92132
72969
69521
23060
16269
84818
93139
10605
8962
82835
68414
39745
59434
55240
4947
44861
64706
10931
82667
76439
43617
94730
85929
58712
66242
23959
62754
57008
75269
23921
43421
67953
41605
78439
69801
31737
57427
85913
97002
47452
94806
71864
51935
60836
36673
85365
28215
39804
61332
75479
15085
81092
60082
79482
16534
71862
79410
40598
38953
24321
97027
77675
6973
77181
39208
84711
53204
18269
31328
62859
40969
65407
91403
18006
78275
41138
85004
47843
44995
55914
10927
64169
96794
95401
41779
33199
89055
95038
59915
68277
42439
78969
31218
80275
54576
64034
90086
70190
84196
66799
74031
517
13297
82590
28683
90649
18398
49131
65827
92322
6024
84931
30191
47968
28379
57683
1030
64061
3686
58195
86966
36624
24039
88409
66078
84125
10433
502
7415
88444
22279
65476
2330
92435
22454
34659
84859
40068
76060
55577
93820
93109
60751
9946
48077
64098
91449
54635
12899
59388
25569
23448
84724
28774
70758
25627
18572
62983
81786
54190
67179
48089
86999
72082
21061
66149
51768
20689
73955
35965
38077
69121
29172
36921
80722
85235
6025
43500
47191
68733
98387
67465
16629
62307
770
77613
11832
56409
90513
60563
29090
7666
89268
33558
87771
12735
22936
42717
1261
96898
9203
36568
35084
79554
75429
26314
10913
1537
59429
98734
47209
42438
54785
67376
36177
52109
51450
93217
27360
24272
73868
15945
23490
9039
40410
38021
55541
91515
40490
81567
26950
28851
18870
91862
64652
89626
26905
92797
33341
2361
50978
18971
10987
94401
16306
40333
61672
68379
45558
66600
63505
28211
93857
8610
97729
55735
12978
11703
94186
51865
13949
63181
95524
73600
99764
21584
40995
97185
84454
52640
57490
9404
79585
5527
94538
3350
34704
26185
99313
89299
40747
70864
23886
87075
47743
4561
8088
55718
47210
45348
81183
32449
17811
62674
63350
65488
1285
43874
84718
46567
32973
5309
99365
84279
15015
37568
21575
96418
79112
99521
33712
687
46985
33926
71751
25285
1666
13447
78011
56289
45482
27787
42171
71146
42032
34981
52048
39966
14622
36595
8356
18512
21466
18338
35921
66880
61426
30616
46965
94195
7504
11059
36606
22205
307
40344
37076
29972
37958
85633
60119
82001
93006
27639
12399
89742
94256
23563
99784
49251
87864
35295
80394
50957
12969
83159
13828
25481
88185
80308
51116
4593
11234
52009
13154
56975
33773
85179
24068
50797
96329
453
98262
30702
31097
18003
99296
81379
80159
42016
31515
34432
70314
13458
20386
99488
73056
35591
53492
7561
44273
50833
39496
92402
17627
85478
19722
16017
36053
67171
24683
8125
62797
15707
5693
7769
51783
13521
5285
16821
69872
42144
65018
1511
57478
66369
87265
10684
91582
43898
45165
9569
57174
26304
21796
72152
25644
23254
44111
93896
36876
59716
64381
59475
41556
58491
43742
70708
69143
77433
93330
89899
255
62677
19536
14884
47947
2752
93371
92578
9791
17923
72408
10627
71919
87268
19157
25576
22639
88614
82835
77616
72212
68592
66760
58604
12115
11426
38870
80530
25449
99890
65732
79220
44224
45299
90432
57403
54170
72246
93542
93433
89817
31431
29287
21560
80712
36794
69069
54526
88836
68734
58988
874
37350
51881
15890
98754
14686
73579
87347
84792
77807
98484
16395
96092
92502
15296
49188
56317
94982
16075
93702
18335
4224
14338
27950
14235
32219
34485
19769
60419
2894
15174
35346
86175
64208
64288
15016
26375
38238
81815
72259
87140
13964
9233
83657
90518
36297
33891
72782
59635
57974
15025
57830
84211
91903
50109
51921
57189
7122
12513
65356
44285
78926
1805
68359
80560
52872
69278
6683
73690
41973
34391
85313
86505
61729
77654
1433
87998
81635
92913
22289
42283
50272
682
87050
57041
77695
54284
19208
72397
71513
40190
26597
43366
42284
13220
54165
68951
41338
65312
70148
23275
89811
14110
52751
54055
31396
53709
42963
76060
79774
30394
760
93547
32861
81856
33647
68690
98457
43180
63048
78172
83565
53631
43510
26138
13138
53543
20750
12301
42263
42084
96991
77534
67197
62712
83110
65103
42418
22365
70970
94426
50549
21418
75342
90794
8806
51171
36895
69920
97228
28577
15612
6214
83528
10504
88850
83107
97568
34675
10697
70148
51918
9019
59564
91437
63537
28601
48701
65106
1920
97226
20035
96633
48526
6245
5902
51119
50109
31654
63498
49937
31741
95386
68674
17925
30585
57140
3439
78080
19628
77928
21465
79891
31367
74872
97459
49793
53824
34283
82232
81007
17970
72565
78744
96152
56111
67842
18503
57178
81657
70618
34866
9749
11433
76615
75357
17628
97138
92936
92680
99938
33289
12172
24729
40269
33267
77608
31202
57211
80957
13605
95423
44272
20434
7222
29571
29556
36394
30652
31860
49598
25350
71490
25152
14292
75056
35141
18846
97110
28753
26910
32876
45692
82314
66410
84961
47197
68217
65868
45185
67862
46580
21452
8339
97366
55318
30441
10968
48779
95489
15391
73780
52126
69340
44472
3693
88086
72559
9189
74172
98153
81341
38109
85656
33753
38368
32086
36567
59044
49978
17787
26852
76532
57530
24650
55534
97014
51689
20271
81461
18181
89783
35370
25397
2567
37663
50484
43785
41504
65613
33168
5772
66744
91907
63264
3749
9060
98940
59879
70146
22557
97289
8720
41513
55890
39778
53545
45117
74460
20716
20737
25544
71658
43332
40480
55105
23794
87407
52983
74423
4219
57415
16661
63547
90608
68795
70800
13964
10912
85210
1497
82116
67097
9842
7586
84797
34797
84243
8293
83588
50525
81165
55843
40902
22603
4892
24597
32947
37191
45442
18722
47072
23816
96119
94131
58846
48055
13171
80190
96072
3020
4627
62201
12660
58428
79925
86896
93595
91819
18679
28499
70544
21214
92077
17864
16309
84797
24635
84689
46089
22802
27709
55247
8337
27484
2920
96574
97766
67333
65884
80770
79519
54504
97920
40873
49322
79858
97865
44190
94019
40216
73609
44959
91678
86496
70357
71839
61335
70778
64781
3960
33423
89269
14559
99209
17802
80136
85960
66010
32868
38451
75505
43037
1758
39391
42647
90468
15105
44280
9742
91806
15045
87626
65187
53761
6902
88226
4670
13056
97565
56516
70677
94395
60299
80108
83327
2188
47171
48409
41004
68392
80483
43477
34729
6697
76524
41319
9994
21676
93272
70124
23676
67087
85305
4113
7102
47860
29435
81411
81689
57043
10060
12198
58722
27658
39784
24059
91658
79045
80978
10741
75522
44644
67056
76691
91605
20478
58179
96314
89617
45274
40259
64448
91862
50967
85174
49189
16297
31879
90828
16436
57262
90360
67835
91060
42924
466
1262
83566
98967
11350
22160
16399
34290
66663
10013
39001
6919
96187
32722
87271
86821
14734
28683
18416
85225
2213
51069
57479
65264
31946
33027
27046
98243
49773
35889
22788
96075
30769
20516
93262
1041
58644
31847
37196
79041
5619
80719
34437
27135
62157
51229
61271
38364
11706
86724
84003
45480
13374
25798
31873
67497
94701
19934
24011
10748
44894
26955
88197
45533
26132
64105
64954
66068
81339
61452
71389
18695
42405
33035
3051
90067
65527
61588
80629
67581
9040
12989
30341
99280
34063
6820
49151
6537
66640
9919
77205
11127
23867
57478
81300
85779
75670
13084
9589
67505
32789
45709
7234
96492
80136
12754
53869
27102
89091
82684
54317
54091
63642
22992
6664
31367
60546
18778
26983
94960
133
25583
1966
95299
17038
55374
9519
95654
97980
7712
98597
58509
67607
44487
35911
10098
97599
77983
58726
84325
23430
6455
28115
85531
10722
42211
30341
7160
10713
65392
60079
91405
77963
24447
10232
81184
43473
32379
13183
77638
45526
5919
83852
80295
29911
8286
6710
88563
23015
4165
71011
96423
55124
35691
47002
31676
24050
3456
27685
62471
30613
49384
28237
22725
51548
58732
27507
24592
5895
19807
41861
34073
15139
16151
54723
88485
55414
64917
30126
38777
13511
70900
30495
67593
39911
33129
82736
30239
96109
57170
15464
62468
1936
94307
53526
31072
58406
32195
6294
30890
757
46473
18227
28120
1947
55278
31697
15734
88801
76782
63111
13426
53403
6904
19657
44398
10339
80136
34012
40709
37820
95583
53988
85898
35554
81639
61705
56185
57254
20196
97146
39807
44949
25993
53883
94564
77908
17925
91799
75919
99133
18207
53011
52793
46603
12457
5268
8368
56142
15885
83358
93023
48602
28083
98925
42445
3025
53178
20340
69597
67287
64486
7128
14915
59361
84831
46082
69259
48253
20812
11076
16762
78455
3548
73001
91062
48235
52333
46457
12293
12533
74130
77510
86659
93317
6477
83587
47698
83325
2170
59797
75239
37450
37669
7125
58247
65457
28413
89977
58930
32950
80794
8252
36633
68869
92681
6306
93758
58854
65665
75649
15140
35947
91641
63410
58245
29770
12988
56826
82205
35007
96944
25249
18551
27472
35719
19506
13584
7781
65445
30629
78050
37866
7768
15820
84334
56142
73926
60532
91355
93162
61838
23180
6896
45390
12091
99906
89864
46300
76560
96376
19347
60156
23363
8890
6032
97271
81074
563
22634
73382
15665
93506
1917
49369
40369
9429
81162
88157
16957
9356
20597
66646
94916
3841
92292
14119
81839
90939
916
31979
81659
16534
43487
27868
46798
83789
57085
59343
45945
27302
66586
64640
69048
27117
74026
76033
79858
58492
39517
85228
49239
86918
77403
53957
55507
8105
78025
96475
55639
26836
219
2849
14135
41315
21926
17058
39924
86533
92871
56407
88911
17370
39013
2024
37491
45383
45436
91566
36284
19168
73527
21930
59527
42846
23091
12556
69651
8837
37766
98421
52106
25925
90102
87520
94792
83616
7978
58823
55459
46731
14103
10392
81744
73362
30092
8254
32845
80965
67081
55420
63926
89575
56100
97301
33017
31562
22509
36987
14410
91321
18715
59716
58064
41183
53202
32045
44144
37368
52519
50876
40008
48683
21427
19775
95574
1209
52813
61079
41424
28828
48782
82342
37111
7347
90193
27709
46035
92376
71147
9558
53509
55571
61991
55668
97572
79965
96787
89272
42651
37304
38985
21102
55823
90602
18507
33919
26767
61694
7777
85937
89175
39229
25496
93695
73032
12668
18789
82606
18881
23376
40114
97563
89089
61780
30379
89218
12458
2429
49933
25652
77246
77554
63731
47281
54748
92077
23245
78166
93942
92407
26246
18995
79193
44126
83114
82627
11012
82667
96069
27657
21640
4020
23929
35339
18299
14216
82908
70883
24729
5374
84791
87388
58499
28857
27296
836
95408
74098
56412
58357
45261
40603
89541
672
53632
85315
85161
51801
50639
12353
86771
30182
93995
29843
89362
21439
56509
64925
46023
98922
2687
73194
42673
68459
82231
48090
8129
92273
78726
30797
65589
86694
89317
21860
3244
98853
61097
60980
52437
29601
18812
58333
86120
52296
24796
42132
70278
31544
74442
6133
1019
49286
29711
30345
43975
44059
70395
6472
73527
88464
34971
43992
8029
83292
95343
15261
31072
6814
83586
11305
