34557
86003
88231
10404
94132
55632
89891
10097
96456
30588
49718
32583
53613
23065
33964
17307
80794
63511
34793
98124
85413
55506
17879
42019
12639
74006
25753
65824
32329
4527
97165
32922
90453
15633
22789
43941
72344
63638
5648
56559
51899
3517
30913
15164
57065
31504
79104
813
58343
58722
61189
88072
48140
5280
88131
86147
13400
18070
88386
97547
11887
4040
3786
83183
66002
15540
43331
49058
39611
8628
77563
73851
62084
45119
64559
58068
50921
95623
91221
15180
89696
28743
37064
51260
28191
21125
44733
59823
93687
70021
53070
32071
99552
31297
70866
68660
287
68154
13111
27350
73629
2434
89022
56547
49205
68297
24049
82679
90429
36775
36608
79890
8614
24374
16195
59157
43489
36795
74004
31021
92859
48060
7019
8380
69908
64369
47298
12436
27998
23032
82351
53144
73746
18632
57150
63281
86185
43982
12933
41969
27231
50083
40720
76723
96672
92698
63341
96808
41167
20174
76374
47667
34087
19516
52376
36278
65629
90130
81789
79269
49162
669
42933
11849
1570
73381
26013
69441
14614
38707
54912
63171
35829
6863
64988
18989
64839
86433
8657
56926
45313
40305
37566
24193
92985
50613
7871
45597
66752
12285
73794
15805
55533
97026
58482
69053
38049
69457
53598
36785
14158
21082
61686
59022
76029
28718
81965
15942
94947
25388
96999
71729
58872
15147
129
97965
82142
80033
51392
55603
31871
51007
83912
85509
33022
31835
47834
56515
55762
36763
32347
64881
56413
17571
74943
98646
20299
4783
24615
61074
596
24143
16339
52607
41435
95921
80284
79013
18672
29035
38480
89670
51277
81595
43767
54697
47568
17794
50644
87086
50896
11629
23472
92303
46126
50058
15803
9346
83558
46709
54990
1307
64051
41795
43907
51436
28412
53933
73864
91649
79623
98101
91876
41556
64029
29768
947
853
78723
57590
26991
91503
39109
23534
59408
47924
68154
18148
39359
67962
28278
58575
32905
30921
64162
86092
50964
63997
57915
50746
35414
48325
21934
89010
43719
24703
35321
7517
33469
91241
5597
81938
14837
10409
17177
84331
64987
90314
23357
2550
26303
87683
97006
58501
59523
32934
17312
93087
2931
42943
83409
42715
4614
52018
63063
74057
67523
68807
82012
51943
59970
63099
15761
5040
78009
60066
28638
74300
39245
95854
45229
71208
73391
62724
43005
65985
53331
24676
33529
10127
58067
49177
75608
24283
64381
52071
28074
87856
86593
55024
55398
36169
95558
49638
39994
10902
25363
64311
12191
56814
16161
37718
91775
69498
89085
57304
12289
29876
95226
81891
25836
41674
56878
16355
73847
96979
7862
10915
45041
6005
59562
472
26912
67287
3855
9877
79440
3415
98794
41913
19592
66497
91309
51399
65645
17297
22482
32847
67134
94563
68043
77945
37914
20355
15303
97217
83175
62562
64261
3506
28304
32313
75015
23130
32199
69049
81758
26419
14077
75435
29549
26231
10180
23165
53405
46905
85822
16998
92363
74056
18166
3630
78613
3668
52002
63933
51505
99589
31582
92795
87045
65194
82705
94497
82613
75377
34521
53240
62440
83186
90433
28323
55027
64837
84717
5928
14415
97987
85434
30969
9460
52088
76079
35327
68442
69336
47993
95402
21205
50670
74774
41976
27903
1456
6845
25288
14467
24630
57903
23557
43094
70224
15023
65871
37148
8003
35802
24309
72711
56608
23098
96460
17534
66211
71026
67054
44881
89366
80346
32906
92341
19088
72321
37582
24
43410
86755
40046
93402
37541
73869
23564
42567
11057
77178
72966
52644
29757
25651
8672
50636
49421
49655
82630
59418
2106
24405
24721
99196
93831
42019
47766
24231
93605
98838
8544
47981
10426
32763
68812
94575
42590
85716
37239
23450
9443
97705
76321
24361
77977
40975
92420
76358
69117
46266
76917
64977
68606
58614
62574
37968
2789
81755
52377
88920
89163
18569
59317
54202
85788
44827
64632
7908
92062
69584
28392
52609
79939
11568
58830
86919
40152
2211
57506
1180
1390
88394
35678
43966
67662
50203
93686
17404
73003
81301
69225
42561
26997
21828
31607
32040
31339
37990
95728
84687
68745
64020
38432
92807
93688
63924
69382
89508
21619
1137
36103
9904
76917
87117
46850
52991
94337
45845
83059
21777
63778
53459
23720
33535
63770
81608
29947
29832
56507
45570
16314
44952
13897
90251
44507
62675
36724
64265
39107
17644
70967
7053
75359
37419
45551
84919
95186
52744
66645
75804
6287
19129
69918
60755
90855
74436
56585
35019
15908
66336
27267
18736
94837
73507
84117
66795
47553
55522
71571
24024
83923
34328
57705
4404
56825
72031
64740
25621
74553
82330
80936
13782
50965
12191
39096
7700
53205
81559
7467
64816
82068
91024
54603
86756
15938
47812
61055
29764
67335
40015
12220
34705
11385
39547
153
79350
14690
37979
50959
63297
94439
30967
25714
61991
67080
85808
21851
74004
69087
3785
53853
27102
16390
42475
67084
56325
91056
67650
87400
34099
27383
18938
65220
1563
38921
77419
26241
52433
3256
80872
40571
10828
88236
43299
14391
53546
5816
80072
26188
96930
70173
49276
73087
77624
96022
6586
60768
68810
10701
47249
65627
88123
55041
81937
61055
22155
11654
35501
85164
97423
10372
59565
27820
84893
53964
99704
12114
5535
30677
9295
20931
56233
64696
79802
17132
40658
66310
25828
13709
47807
45483
43594
25669
69396
16558
64580
41428
75874
45939
53249
56828
19787
37152
85039
97051
69913
76332
57988
84267
32111
29934
58080
32045
5398
57098
71767
89690
2313
76450
57372
44869
92814
72422
49400
23079
16642
76753
84135
97383
41894
95976
90234
24234
82244
46033
14119
48892
20915
99388
69673
50505
88880
71560
21351
95449
79319
47800
20187
73139
79808
52136
77600
68473
3086
7797
79015
54041
91068
8705
16151
48051
98870
74208
64069
40538
33683
22706
30536
19500
74291
7939
71788
28165
34210
30598
94414
97518
64264
7301
52657
28551
5999
24921
70485
86322
90051
89157
88675
94971
18799
18162
22569
35474
10442
60458
23603
82020
11314
92844
18957
59489
36766
25432
67117
57309
28877
82048
80361
25498
92524
65677
59576
29592
62640
53261
55024
66414
4996
56460
40041
42482
68727
60729
74704
9590
24494
90167
78891
62828
57330
35328
79811
60667
49087
86854
70995
21969
98556
46802
34398
16805
13884
78817
36371
25654
29345
89055
60185
29480
22332
40698
53007
76593
91668
17551
14338
83835
82387
57645
52634
33687
92685
82759
10529
94941
