49266
50031
49237
48049
49491
49402
50812
50238
48938
50040
50284
52216
48642
50823
51037
47623
50178
48784
50716
50532
50368
50475
48285
48798
50619
50697
49037
48378
51077
50362
50094
50606
51359
49102
50671
49933
49735
49006
51099
51571
49089
49886
51236
50891
50157
49981
50200
49713
48281
49694
49834
51085
51795
51728
48689
51072
50392
49459
49041
48034
50677
49030
50712
50467
51183
49896
49023
50094
50900
49621
48169
49250
49853
51179
50365
51967
50593
48310
49905
48739
49743
51220
51225
50246
49248
48936
51748
49861
48630
49255
51012
50979
50612
48834
50644
48616
49516
50366
49993
50978
50920
49600
52798
48953
48989
50777
50720
49368
50081
47892
49800
50359
48768
51548
49651
51195
49847
49255
48924
49673
50479
49393
50229
49160
51232
48739
50543
47584
51174
49328
48826
50135
50220
50190
51707
47981
50195
50749
50832
49364
51026
51791
47717
50895
51133
51726
50349
50568
49068
50911
50587
51970
50698
48923
50557
50118
50653
50665
50740
49765
48549
49231
48490
50069
51343
51217
49576
50437
49617
50301
51954
48564
50001
51540
50590
50186
49717
50046
51308
48955
51162
50879
50401
49681
50546
50367
49321
49711
49342
49661
50251
47577
49231
48752
49782
50564
51864
48444
49165
52100
48259
49566
48916
49053
49652
49629
52152
51188
50313
49818
50076
49911
52354
49849
50277
49606
50326
50635
49802
50196
51160
51626
50316
49242
51303
49668
49250
50416
50536
49915
50648
49406
50488
48785
49813
49767
50315
50620
48529
48606
48280
50761
50166
49691
49684
50924
50744
51809
50941
48783
50349
51466
50458
50414
50446
49758
50563
49973
50384
51004
49159
51014
50101
49278
50086
49455
50374
49015
50743
50102
49046
48535
49534
50058
50128
49666
49538
49243
50165
50381
50304
51004
48541
48368
49870
49325
48853
49672
50294
48718
49028
48990
48588
49161
48993
49950
50850
50051
51053
49061
51064
50229
50148
49595
47777
49580
50066
50480
50830
52049
49353
49569
50397
51229
50680
49435
48429
50316
49076
50539
50023
48704
48941
50652
49390
50562
48703
48128
51470
52248
51801
48719
51319
50698
49531
48498
49732
49940
51625
49068
48769
49959
49529
48314
50817
50656
50472
47526
51617
49096
49668
52304
49231
50398
51431
50405
48767
52034
50055
49902
50771
50176
51674
50474
50660
51213
48348
50040
49559
50696
50142
49369
50030
50708
51836
50262
50203
50270
47583
51003
50251
49275
50026
50170
50047
49836
50448
49598
49662
51025
49922
47482
50380
49964
49456
50644
49596
50146
49897
50217
51284
51297
50049
50029
48913
49978
50770
50421
50195
51782
48035
50392
50191
51443
49390
49752
51723
48731
49909
51250
50735
50292
49784
51223
47758
51895
51741
50259
50351
50912
48382
51544
49108
49400
49795
49465
51915
49508
49926
50705
50430
51156
48941
50837
50916
50376
49646
48821
47812
50528
50692
49488
47960
50175
47988
51054
48000
49514
49113
50174
49342
49141
50596
48848
50093
50172
49878
49710
51108
49056
48792
50982
49709
47441
50702
50464
51201
48792
48851
50719
49206
51844
50369
53238
48841
49745
51312
49840
50986
49375
49763
49329
51318
49094
51395
49210
49955
49701
51078
49518
49926
49619
48783
48598
50022
49089
48866
49308
49197
49346
50052
49909
48259
51131
49702
50084
49718
49094
51128
50342
49878
47923
51240
51876
49828
49471
50527
50507
49505
48684
50708
48780
49916
50545
48194
50438
50270
50762
51601
50042
49438
49709
49854
51266
50907
49604
49752
51588
49314
49528
51224
50095
49949
48208
49214
50345
51500
49850
50113
51775
50561
48792
51491
49726
50285
49442
50191
49916
49462
49691
49825
48315
49342
50360
50097
50727
50812
49895
51222
49935
49469
48678
49769
50969
49459
49558
49754
49580
51268
50309
49151
50411
47911
50209
48397
49160
50172
50812
50507
50809
49155
49887
49507
50340
49238
50988
49825
52600
50031
48844
50978
50502
50297
50094
50521
49756
50256
48884
49259
49467
51357
48327
51791
51066
49307
50909
51496
49994
50991
49432
48193
49996
49859
49936
49676
49437
49654
50319
50103
50696
50137
51713
50704
51586
48900
51090
50723
50436
47879
50870
50475
49693
49617
51004
49223
50721
48247
50006
50760
51629
50183
50161
49856
48029
50869
49947
50113
47849
49830
49332
51258
51186
48901
50743
51248
49607
50440
50933
48980
50072
48885
49570
51670
50085
52060
51215
51049
48667
49454
50818
48681
50294
49138
50034
50352
50572
50479
50265
48293
50038
48725
50643
49916
50143
48794
50247
48494
48561
50231
49745
49767
49719
50905
49379
49741
49863
49274
49810
50241
50967
48106
48960
50060
49854
48536
51434
49443
49769
50896
50792
50143
49842
51567
52131
48483
46915
49879
51140
49577
48386
48788
49913
49518
50057
51311
49785
50077
50911
50841
50394
50208
51214
49170
48835
48594
50004
52388
50156
52523
49872
51182
49047
51311
49579
50812
49753
52796
51180
49838
50938
50325
49823
48045
48428
50085
49700
47708
50099
49850
50563
48048
50365
48714
51249
50017
50223
49638
49050
49927
50024
50617
49162
50957
48829
50794
50249
50322
49255
51179
49288
50584
50338
49618
50353
50304
48737
50410
48847
50061
49394
51224
50179
50600
49330
51832
50198
50104
50441
49616
49119
49380
47620
50749
49313
50444
49445
50653
48649
49478
51308
50210
51603
51356
49902
50029
51899
51677
48263
50532
48687
48203
49986
48903
51075
50578
48192
48041
49681
50246
50615
48936
50963
49677
50885
48983
47146
49608
49725
48651
50110
50403
49352
49363
49133
51589
48250
50025
49958
49940
50950
49114
48906
50547
49180
50652
47435
49414
49896
50221
50310
49724
52035
50302
49641
49867
49307
49301
50589
50761
49328
49478
48796
51570
49764
48868
47823
48567
48466
50326
48410
49018
50822
51420
49528
48748
50950
50769
50445
49968
48702
50420
52063
51677
50662
48165
50007
48762
49066
49565
51599
50239
51678
49196
50041
49477
51168
49794
49378
47916
48539
48025
51068
51202
51304
50350
52529
49671
50328
50133
50753
48731
49693
49013
49759
50703
52568
50252
49340
49515
49341
50333
48859
49132
50590
50300
49468
50071
50764
48963
48990
50694
49564
51292
51558
49452
50038
51289
49037
49112
49788
50471
50163
50221
50626
48904
48275
50140
51212
50295
49512
50545
51042
49116
50153
48650
49887
48442
51498
49170
50604
49708
51057
50151
50951
48790
48940
49224
51283
51620
50277
51420
49419
50159
50168
50751
48864
49152
50563
50185
51199
50232
51572
50835
49516
50649
50124
49456
49954
47973
50655
49328
48356
50264
49867
50360
51341
51942
49597
50103
50562
50495
49946
50843
49137
49613
50113
49684
50306
49519
52420
50526
49411
50688
49864
50863
50903
50410
49880
49674
49386
49758
50335
50166
49028
50438
48345
50022
49241
50358
50814
49560
51617
49240
48779
50440
48495
49821
48985
49481
47892
51050
50250
51325
49450
51111
51755
49522
48871
51358
49287
49209
50466
51636
49437
49043
50271
48698
50225
49604
48843
49690
48373
49351
49190
48658
50827
51287
49414
49363
50121
48853
50182
48688
47846
51766
50108
50043
50450
50157
49039
51549
51955
49484
51311
49673
49888
48900
50578
50537
50464
49223
49322
49610
49623
50549
50486
50519
50075
49979
47973
50761
49801
50662
51112
49734
51680
48568
50572
48568
50203
50222
49521
49473
50166
49316
50246
48388
49095
49835
48797
49156
49833
50603
51439
49684
50175
48080
49295
49289
49414
52068
50714
51057
48721
51039
51653
50953
49976
49791
48809
50754
50251
50745
50769
48686
50107
50752
50811
49149
50841
50454
50262
50441
49914
48381
49825
50198
49973
50973
51183
48220
48826
49853
50432
51097
49783
50824
51374
49629
48721
51628
49599
50840
50366
49844
49657
49070
47514
50570
48970
50043
49572
48992
51725
47295
49785
50505
51061
50631
50704
51403
51204
51775
50305
50411
51235
51254
50390
49212
49105
47792
48855
51003
50457
50525
50928
50913
50669
49208
50587
49431
49826
51275
49183
49867
47830
48276
48995
50013
50577
50447
49844
51273
48885
49268
50754
49316
49336
49807
48610
50719
49377
49601
49886
50437
50810
49152
51132
51297
49306
48678
51000
49838
51017
49481
49895
51147
51811
52226
50942
50274
51563
50057
49991
48550
50095
49746
50446
50751
50888
49333
50286
49536
47847
48829
48930
49839
50667
50327
48027
49906
50383
49527
49194
50530
50015
48003
50819
48413
50554
50049
49690
50867
50921
50462
49116
50103
51355
48531
49487
48261
49117
50916
52432
48304
48827
50358
47520
51157
50020
50712
50357
51250
50484
48511
50304
51830
49953
50396
50134
50697
51469
50192
49814
48959
49226
51567
50307
51230
50214
48746
49766
50484
49853
49565
50758
50050
51383
49626
50447
52640
52094
49597
49388
49827
52121
49566
48207
48676
49292
50487
51525
49669
50201
49791
50154
49140
51337
50346
48381
49443
48916
49546
51327
50508
51161
50395
50525
48709
48802
49218
49376
49772
51359
49839
50603
49297
49366
49755
49727
49670
49614
51876
49392
51408
51217
49334
49404
51506
49169
50197
51501
50462
50297
50059
49885
49794
49936
48847
48623
50685
50722
51459
50303
49954
49982
50139
50629
48944
48355
49657
49087
51300
51397
49806
51109
48852
49590
52244
49087
50786
51259
49289
49660
48562
50251
49960
49923
52067
49460
49613
48751
50054
50354
51200
49568
49312
52536
50208
49521
50627
51599
49218
50674
50439
50096
51337
50171
50216
49174
50137
51412
50018
50502
49251
48936
49938
48979
48026
49262
50175
49732
47915
49795
51616
49809
50601
51974
48753
50177
50039
50031
49473
49705
49897
50970
51785
50025
50279
49823
50678
50384
48653
49667
50942
51177
51414
50121
48827
50725
50698
49399
49777
51037
48464
50457
50827
50902
48708
52151
50488
50730
51607
49614
48968
50914
51817
51163
51206
50494
51258
48869
50562
51647
48783
49438
49319
51142
49740
49100
49460
49380
50183
50386
51523
50807
47858
49289
50119
50075
51728
48699
49832
49295
50952
49358
49549
49836
50261
49777
50103
49787
48206
51410
50392
50600
50171
50201
49268
49097
51507
49818
48743
49467
51304
49818
49496
48768
50262
48326
49190
49971
48508
49134
50287
50098
51601
49665
49217
49396
51019
49929
51391
49482
50957
48533
48903
51185
48964
50874
49093
50778
51126
49469
48918
50802
50957
49291
50106
49604
50597
49608
50336
48788
48927
51500
48976
50030
51255
49379
51934
47578
49937
50298
49004
50528
52858
49287
48795
49228
51000
49545
50949
50740
50616
48691
49631
48292
50539
50184
49959
49422
49966
49658
50642
49492
50705
51582
50844
49402
50569
51323
50320
49154
51635
50373
48627
47806
50535
49377
49636
50769
49234
47784
50928
49526
50376
51972
49692
50549
50465
50447
50880
50077
49494
48321
49393
51854
51346
51059
49851
50866
49082
48443
50079
50688
51306
49634
48820
48745
49481
49848
48710
51115
50495
49807
51936
47621
49521
49830
49825
51768
49519
50723
49224
50036
48123
50140
51093
49866
48093
50357
49534
52026
48901
50338
50854
49651
51522
48416
50120
49349
50118
48743
51051
50666
50974
49682
50091
50032
49453
49299
51377
50438
50448
49756
49992
50176
51026
49979
50870
50390
49281
49939
49400
50209
48999
51115
51050
51979
49162
48853
50764
49152
49815
49579
49412
49537
49888
50147
53559
49321
48329
49676
50695
50486
48288
48470
50295
50435
48739
51758
50834
52532
50969
48287
50019
50111
50918
49824
48660
49918
50845
49771
50897
48683
50933
49441
49976
50304
47604
50134
50906
49807
49051
48514
49021
50141
51319
48892
50674
51228
49973
49291
50080
49858
50434
48496
49562
49717
50607
50948
52446
49572
50938
48584
51134
48575
47994
50578
47865
50289
50867
49760
49907
51129
49769
50588
49620
48611
49681
48491
51848
48679
49917
51283
50100
49937
50948
49121
52221
51390
50208
51418
49892
50940
49915
49695
50268
49266
49131
50363
50377
50057
49093
48565
48460
50578
50228
51026
48162
48821
49917
49360
50760
49399
51941
50754
50573
50261
50353
48883
48567
50616
51493
50826
50669
50023
49575
50845
51476
49375
51259
51599
50342
49570
51880
49810
49363
50052
50104
49293
49653
49182
49182
50866
49097
49930
49765
49864
49582
48396
50389
49873
50501
49846
51429
49359
51454
50153
50261
49234
49737
50696
50037
48688
50746
51258
49876
50580
50744
48918
50472
49305
49969
50948
50417
49764
49378
50328
49365
49283
49115
49135
50651
51155
48049
50853
51210
51421
50380
50106
50201
49478
50367
50327
48981
48915
50226
52320
50894
50455
49365
48216
50217
50726
52482
48680
48132
47879
49341
52041
50117
49278
50271
50221
49872
50927
47527
49099
48111
48972
50468
50203
50600
48280
51172
50377
50813
49491
50743
50212
48866
50575
49460
50294
51222
49447
49758
48846
50173
51317
50013
50088
50736
49556
51552
50272
49822
49756
50834
49408
49722
50245
48844
50054
49151
51677
51765
49364
51261
48728
49578
50430
49547
47659
49077
50303
49654
50427
49933
48419
49595
49119
48595
50288
51142
48702
50728
50853
50970
49915
49237
49646
49768
49054
50487
50877
49289
49392
50048
49560
50181
49636
49842
49953
49624
50200
48918
49038
49875
48982
49390
48459
49562
50969
49954
50970
50304
49225
52047
50003
51087
50411
50641
50672
50349
49658
49763
49904
49431
50531
52700
49246
49077
49483
49081
51331
49979
51485
51232
50387
48762
50447
50800
51900
48938
50150
49245
50543
51129
49745
51113
49206
49471
50342
50619
49338
49645
50296
51506
50957
50739
50387
50561
49814
50059
49312
50975
49474
51917
50044
49785
50283
48700
51431
49487
48989
50360
49072
50361
51257
50172
48402
51523
48067
49460
49752
49132
50401
50172
50662
47894
49617
50279
51659
48901
49854
50106
49962
49383
49787
49701
50290
51112
50074
50291
49000
50581
51663
48513
49288
49277
48734
51797
50578
49479
49961
51162
48888
50787
49834
51053
49917
50633
50259
47902
49989
50006
48754
49932
50771
48851
49405
50298
49383
50166
48858
49558
48438
49237
49707
50528
50565
49733
48867
49854
50541
49322
50605
51251
50159
51662
49831
51340
49712
51484
50297
48357
48112
49687
49807
50135
50047
49825
49839
49939
51871
48387
50400
51363
49932
50292
52481
50474
48490
49666
49227
48941
51084
49955
50198
48244
50217
50465
51307
50012
52694
50339
48372
51563
50736
51423
50298
50440
50290
49658
51736
48406
51333
49979
49402
49873
51016
50096
52254
51749
50754
51893
48879
49434
50059
49454
48541
47923
48889
49760
50516
48844
50001
48770
50739
50359
49692
49204
51327
51391
50545
48833
49146
50136
48462
50567
49916
50214
49081
49375
50103
49808
49999
49578
50414
49498
49616
51958
51837
49968
49538
49406
49294
50768
49525
49217
50009
50066
49838
48270
48596
49513
49061
51933
48658
49673
50371
48517
49927
49895
49943
50157
49997
48171
51636
50215
48494
49860
50782
50429
50330
49430
49877
49709
50061
51335
49967
49812
50585
51702
50225
51413
49123
49477
50117
50603
50268
48805
49831
50154
49023
50258
50063
49580
50472
51109
51480
48499
48788
51063
48881
49550
49718
51667
49517
48955
49758
51226
49194
49936
50827
49529
49730
51791
50478
47748
51923
50431
48829
51076
50275
51080
52010
49348
51013
48599
50315
50290
49849
52964
50248
49541
50635
50192
52373
49799
50230
49363
51098
49554
49600
48359
50341
48778
48740
51211
50445
49272
50946
51046
49841
50525
49940
50836
50498
52397
50094
50793
49555
49808
49060
51092
50744
50422
50358
50436
49514
50492
51623
49117
49627
49674
51081
49910
52689
50296
48802
52105
50564
51745
49064
51879
49704
48223
50799
49877
50648
49095
50346
49476
50245
49946
49706
50878
50311
49307
50466
50319
49503
47452
51048
48099
49351
51120
49686
48602
48547
49808
50217
49813
49796
48026
49736
49364
49235
49512
48465
50853
49382
50584
50155
51171
50808
50625
49579
48927
51284
51417
50544
49217
50590
49415
50946
48226
49330
47990
47796
50026
49600
49552
48258
50723
47821
51276
50180
50208
49986
49409
50526
51047
49967
50536
52219
50612
50425
49598
49463
50225
49257
49633
50090
51367
49278
48879
49467
50837
50593
50209
50156
50018
50769
50186
51989
49867
49913
50483
50093
50074
50230
50325
48534
50742
49475
50785
49710
49511
49806
50040
50773
50496
49874
50567
47485
48954
52824
51224
49673
49689
48673
50080
48247
50389
50559
50738
50451
48890
50115
49116
49765
49673
50828
50920
51802
50439
50537
49436
48032
50101
50869
50779
50865
51709
49996
50136
49111
51311
50024
51094
49776
47686
49562
49786
50014
48471
50966
51079
47865
48490
50870
48503
50454
50422
50530
49654
52128
49403
49102
49284
50051
49238
48563
50217
48891
51936
46831
49696
50309
49817
50559
48097
50933
51884
49972
50336
48584
48027
49423
50455
50581
48761
50651
49194
49268
49105
49665
48173
50200
48642
50688
49378
48936
51092
50885
50614
47892
50239
51608
48991
48890
49648
50545
49826
49357
49840
49296
49752
50790
48901
50836
49634
49931
50561
49810
49171
50409
50248
49361
51198
49400
51550
50744
50775
49630
51309
50254
50361
50298
50291
51965
51092
49689
50262
48142
51418
49889
50205
48446
51498
51710
52098
52203
49935
49688
50218
49650
50890
50896
51923
48634
50712
49007
50904
48499
50899
49134
50211
48814
49905
50865
50085
50117
50082
50214
49400
49583
50413
50715
50315
49518
51671
48822
47110
50185
49861
50403
50351
51410
49722
49762
49536
49424
48802
49243
48870
49711
49712
48348
49908
50480
50070
50227
50317
49079
49273
48542
51078
50267
50828
49203
49604
51470
50647
50097
49418
50575
49030
47556
50579
48446
49755
48567
50336
50447
50548
48938
51852
50355
49781
51917
49887
49311
49294
48631
49314
48239
48954
49696
50142
49115
50888
49560
51112
50910
49594
51541
48504
51020
48691
50725
49635
50589
49643
49325
48718
48682
48453
49364
50534
50490
51816
48857
50700
50534
49555
51163
50363
50000
50014
49429
50029
49305
49717
48311
52066
50088
50480
49312
48998
50388
48379
51184
49516
49537
49965
50326
49142
51874
47493
49557
48769
48546
50617
49709
48354
50818
50359
49914
51213
49628
51612
47755
51016
50774
49941
48315
49861
48862
49367
48007
49884
47862
48994
50834
50529
49405
53117
49449
51663
50197
50342
48096
50695
48928
48890
50933
48739
50879
50569
49208
51781
49468
49997
49823
51323
48944
48063
50025
49722
48918
49921
50901
50558
50357
49954
51913
49699
51300
52003
50738
48268
51825
50107
50903
49588
49538
50060
50666
50610
50522
51545
51087
50340
50944
51294
49051
50161
48322
51220
50216
50282
51164
50855
49164
50230
50259
48519
51285
47045
49624
51580
50568
50168
49695
51178
48568
50350
49550
50911
48375
48855
50677
49771
50136
48278
50351
49223
49412
49675
49398
49479
51040
48983
50512
49710
50796
50028
49719
48591
49663
50149
50445
50921
49394
51124
48589
49862
50674
49680
49965
50764
50692
49791
50158
49620
50924
48245
51110
49220
50568
50591
50967
51878
50823
48939
51351
49972
51755
49328
48592
51383
49287
49171
49750
48350
51862
48348
48885
50496
49089
50487
50252
49356
49149
49904
51316
48846
50029
49614
50397
50513
49413
51019
49944
50319
49435
47994
51252
48511
47581
49942
50530
49288
52102
48591
49055
49333
50856
51690
50186
51369
50346
51160
50339
50026
51214
48656
49899
49108
50241
50586
49514
50450
48870
52191
48671
51125
48593
50191
49294
49862
49778
51019
48933
49041
50380
49508
50879
50400
50647
48650
52028
50385
49929
49317
49087
49476
48506
49558
50201
51068
50983
48878
49106
49414
49618
50811
49124
49620
49394
49139
49568
50610
50092
49577
49916
50840
50607
49491
47999
48849
51145
50604
50593
49158
50350
49396
50623
50305
49897
49360
50753
48536
49002
48399
49642
50544
51800
49698
50304
51229
50771
48672
49138
48190
50960
49655
48578
48691
50017
51308
49706
50903
50492
49699
50296
48899
51119
49149
51320
50349
50253
49933
50234
48217
50027
49144
51077
51142
50665
49660
48304
50056
50616
51710
49775
48451
47021
50430
49075
50299
50082
47900
50297
48673
50964
50540
47342
50757
50499
51785
49253
49899
50473
49363
49997
49701
50805
50040
50589
51577
49547
50221
48873
48533
49695
51644
48637
50475
49513
50435
50852
50995
50856
50154
49884
50852
48963
51406
50333
51396
47979
48750
49374
49991
48136
50188
50211
50779
49205
50571
48712
50893
48577
48356
49762
47930
50224
50567
51604
50246
48802
49789
50618
50306
49908
50189
48711
50108
49841
49671
49772
49108
49820
49288
52537
49959
49986
48571
49523
50742
48714
50428
49049
50008
48965
48064
51481
49729
50859
49724
50541
50544
49902
49286
50188
51266
49287
50799
49946
49287
49277
51035
50511
49749
49733
50036
49507
50825
48704
47880
50443
49938
49724
50136
50850
49602
51074
49491
51465
50350
48729
50257
50102
48799
49146
49372
51109
49858
49618
50222
49346
50135
48796
52451
50785
49974
49975
49674
49842
49210
51086
51033
49591
51529
49109
50445
51041
48835
49880
49998
49870
50265
50073
50664
50447
48121
49637
49828
51046
50343
50490
50932
50772
49402
50729
49896
50821
50992
48643
48703
51306
50148
49210
48686
49893
49226
50115
48381
47907
49699
50024
50416
51095
47861
49382
49686
50056
51852
51492
52154
49971
50630
51166
48573
49029
49013
50096
48632
50419
48451
50501
49714
49030
50087
50546
48893
50650
48971
48544
50028
49879
50845
50485
50429
49526
50693
49941
49763
49683
50266
50046
51003
50612
48961
51031
51052
49421
50854
48749
49931
48783
49952
50229
49165
49608
49222
50305
51248
49830
48937
50629
50789
50044
50387
49971
49869
51951
50212
49331
50114
48642
49006
50169
48847
47585
52961
47360
49088
49688
51370
49854
48739
51033
49263
52541
50788
49814
50179
49317
48338
49129
51689
49734
48805
50737
50036
51131
48336
51186
51656
50511
48125
50095
51547
49158
50587
50599
50927
48763
47814
48711
50041
50616
51336
48895
49101
48775
51661
50338
51059
49380
50589
51514
48470
48833
49880
50338
46900
47923
51436
49830
49653
49191
49844
50801
51058
51661
50298
50618
50196
49742
49742
49189
50546
50594
50206
51702
49142
49283
51177
49099
48752
50745
51045
49238
50035
50913
50351
48476
50722
48635
50896
50086
49584
50640
50406
48043
51064
51084
50465
48175
49184
49695
51211
50524
50600
50438
50701
48425
49110
48673
52192
49019
50180
50079
49339
50549
52226
49578
51033
48833
48272
49403
49108
49613
49937
49304
50277
49602
52570
49143
46428
49917
49103
50371
51704
47594
49674
50094
47526
52870
49365
50129
49681
49124
49392
50552
49102
52207
50357
49905
51988
50702
49953
49797
50172
50702
49412
49878
50411
50059
50349
48525
50487
49299
48686
49766
49878
50432
48614
47970
49845
50969
49109
50948
49430
50744
51032
48984
48298
51444
50018
49854
48937
50552
49565
52126
50579
49822
49305
50371
49195
49766
48576
50591
49949
49931
50764
51937
49473
49754
51540
48534
50709
50482
50751
50589
50898
50268
50797
49726
49955
49583
50262
50291
50187
48906
48988
50190
49008
50006
48638
51306
49394
49059
50414
49486
50107
49429
49254
48752
49355
50116
49715
49968
49404
51653
51697
49848
49821
49676
49541
50804
48767
50231
48690
50168
50293
49696
50705
52869
50724
50372
50000
50757
50538
50236
49902
52296
52380
50843
50877
50347
50595
49665
49443
49898
50723
50647
50036
48977
49703
48749
50080
49646
50984
49745
49300
49243
49812
49664
50666
50544
50191
51615
51121
50109
49452
51348
48714
49654
47188
50453
49163
50827
49754
50398
50770
50265
50592
49099
49898
49331
50025
49643
50369
52291
48584
48745
49877
49751
51722
51838
50760
49250
52123
50977
49874
49591
51083
48700
49246
51084
48383
50924
50149
51913
49579
49575
50011
50470
51431
49064
50067
51895
51868
50235
49048
48720
48791
48630
50197
52326
51584
48929
49204
51242
50320
48227
49909
49118
49440
50793
49770
50193
50612
48897
52202
49614
47701
51903
49948
50576
51769
50693
50168
50393
49607
49866
49268
48788
49960
50319
50392
49813
49910
51262
48969
49478
48098
49869
49729
48968
49736
48916
50339
50975
50951
49530
49489
51333
50056
49223
49401
50675
51214
48608
51372
51617
48641
49609
51138
51723
49757
50139
50064
50531
52570
50072
50259
49135
49327
50187
49973
47956
49970
49397
47601
50650
50412
48973
49831
49495
50515
50199
49482
47877
51678
48872
48317
50412
50532
49986
50686
50310
51104
51595
48401
49508
49036
50668
50765
49757
49106
48492
50115
49569
48522
48517
49985
48725
51375
48678
50703
49336
49567
48837
50495
51011
50636
48678
48786
51434
51341
49902
50716
48497
49461
49588
48977
50052
50960
49765
49463
48369
49133
50144
50492
50870
49681
48594
49879
51706
51556
49363
50609
48085
50124
53439
49884
49763
49554
50126
50529
48706
51130
50173
49661
49777
50049
49382
49981
50361
48747
50035
49792
50102
51540
49514
49870
50580
48869
49585
49852
51320
48949
49624
50485
50904
50563
52523
50177
49783
48492
50799
51049
51124
48950
48776
50010
50880
48521
51127
50664
49442
52117
49966
49353
51070
49510
51403
51004
50900
50205
50319
49531
48915
51576
49454
50687
52612
49105
51446
48397
50090
48582
50081
50001
49659
51817
50996
49927
48479
50070
50324
50556
49700
48113
51010
50572
48126
50569
49842
49636
49886
50310
49682
50435
50972
49853
49481
49238
49966
51146
50223
51120
49812
48623
51900
48595
49751
50252
49967
51102
47399
51047
48376
50643
49761
51528
50449
51234
50324
49587
49615
50211
48319
49141
49384
49946
50959
50700
50704
50064
51703
49146
50488
50047
48191
50724
49633
49890
49182
51239
49760
50430
49921
50773
50542
51327
50616
49492
49268
49611
50048
51259
49385
47779
49807
50268
50277
50469
49980
51633
51159
50120
51078
50173
50674
48170
48239
49699
50917
50246
51133
50355
50283
49473
49576
48087
49655
50293
49369
48573
50420
49836
48537
49049
49029
49435
49942
49318
49720
50537
49055
49783
52676
51425
48960
52297
52120
48601
48176
49318
50277
49349
49777
51566
47218
52663
48893
48878
48172
49244
51506
48753
51203
52182
51302
50243
50678
49355
48348
50573
49107
50911
49890
49007
50422
48072
48503
49381
52157
51802
48814
50809
50858
50460
50600
51084
50195
48254
50138
50287
49175
50324
50298
52570
51588
50258
50029
50374
50786
49225
50804
50321
51606
49576
49203
49133
47864
50365
47247
51547
49440
49409
50543
48859
49628
52687
49760
51145
50350
51983
49977
51989
49460
48742
50601
49913
48818
49765
50354
51248
49685
49859
49234
49033
49899
51751
51680
49944
49970
50012
48700
50447
47985
50446
50770
50348
49920
49668
51583
50801
50028
50269
50405
50040
48548
51358
50957
49232
49337
49449
51402
48913
50669
50575
50084
50620
50935
49447
48923
48109
48802
49480
51852
50560
50841
49600
49900
50706
50162
50158
49595
50795
48882
48706
49180
49811
49488
50520
47677
48803
50792
49870
50686
50416
49281
51230
49499
48975
51784
51858
50261
49334
50325
49164
50453
50993
50996
50296
48360
50392
49951
48896
49298
47869
49291
50309
49572
51361
50204
51035
49524
51033
49138
50819
48506
49045
50957
49374
50765
49100
50418
49816
50798
49306
50803
49020
49320
47443
51712
50031
51248
47529
49443
49308
49594
49969
47333
50773
48695
48463
51314
49770
49466
51571
49463
48325
52313
49438
48208
50298
51253
50657
51426
50507
49361
50588
49487
49787
49117
50352
49957
48387
50266
49171
49060
49121
49361
52634
49818
48432
49544
48871
49827
50333
49922
49527
50155
49785
50472
48110
49940
48421
49417
50018
51533
48753
51233
50804
50328
50195
48938
49549
49906
50565
50698
48502
50621
49001
49793
52074
49336
51478
48947
49624
52303
49318
50177
51677
51244
49899
52065
49354
48027
51010
51228
49962
49166
50225
49763
49030
51122
49711
49982
50636
50178
49913
50240
49290
50997
52605
50110
49822
49920
48300
48638
48890
51123
52176
47927
49893
47872
50311
49014
49388
49822
51124
47077
51067
48608
51147
50139
48005
50305
49448
50276
50070
50929
48805
49826
50239
49672
49339
48660
50146
50186
50597
50339
50997
49382
49818
50477
51174
49004
50309
51067
50893
50616
49012
50802
50979
47578
49712
50285
49065
47691
51409
49934
50098
50908
51053
50176
49772
48165
50153
50343
49941
49891
49765
49625
50055
50354
51225
51514
50832
51132
49708
49068
50238
50699
50608
50369
49806
50941
49378
50090
49683
49147
51509
49930
49306
48341
50736
49442
49513
49114
50878
50402
48997
51123
48524
50619
51009
50922
49945
50325
51838
51536
48685
50786
50307
50347
47758
49923
50530
51023
50539
50056
50063
49133
50933
50105
49601
50691
48172
52119
49626
49762
48925
50678
48968
50544
51276
50500
49964
50060
50354
51002
50777
48709
48717
50826
49677
49053
47545
48437
48672
47446
50436
50581
48296
51894
49160
48248
48850
47671
49112
50653
49775
50592
50358
50952
51658
50336
49713
50887
51055
48217
50043
50156
51341
49808
50909
48878
49322
48964
50068
49377
50597
51517
53821
48112
50477
50034
50380
49796
49650
51429
49819
50715
50266
50177
49454
50724
50973
49970
50153
51937
47993
50719
51281
50172
49540
49276
50930
49290
49735
50212
51205
49944
49603
51222
50212
49976
51522
50722
48495
50241
47299
49636
48286
48960
48108
49472
50065
48287
49328
48652
50514
50351
49280
50528
50322
49998
48710
49508
49679
50689
50987
50909
49881
50140
49663
49520
50390
50032
49135
49910
49518
49524
50963
50024
47539
50133
50099
48116
51822
50693
50510
49540
51104
51019
49216
49429
50994
48767
49025
49245
48934
50689
49324
50119
49733
49087
50649
50691
50660
50118
49225
50177
50272
49786
50165
50402
50615
50290
50924
50131
49378
49574
49044
51263
50943
49700
50688
51190
49250
47835
48990
49136
49611
49293
48539
50140
49146
51543
50920
50654
49034
51707
48931
49932
49800
51338
49768
50257
47562
48979
49833
50130
49323
48638
51021
50724
50399
48850
50876
48453
50564
49402
50641
49520
50305
50262
49561
49407
48839
50727
50744
51748
49380
50151
49938
50749
51448
50132
51400
48203
50325
50218
50208
51010
49068
49720
50496
49408
50164
48058
50559
49092
50365
48930
47807
49446
49710
50536
50037
49302
50426
49331
51134
51576
49827
49701
51013
49930
50044
48806
50190
48309
50239
51079
49059
49014
50959
50527
49088
50910
51840
51197
49648
48949
48558
51422
50304
49875
48605
48439
49931
48157
49712
49310
49063
50063
49179
51363
48236
48591
49949
52133
49854
50294
49309
49455
51162
50627
48855
50911
48077
50073
51629
49452
48791
50185
50760
49667
49817
48900
51418
49652
49880
48920
48736
50531
47089
48184
50219
50818
48149
50766
50967
50780
50214
50067
50283
51144
50384
49463
51692
49976
51708
51116
49062
50631
50830
47146
49210
48073
49948
51576
51286
49692
49526
49192
51898
51879
50667
49012
49020
50461
50531
49750
50184
50614
48582
49703
51959
49883
50389
49542
51732
49418
50643
50105
49373
50057
49027
48842
49515
50071
50549
51833
50415
49493
49319
51024
51213
50137
49280
48966
50051
48424
49704
48745
48293
49307
50476
51276
50666
49680
51867
48188
52460
51242
49965
51591
49589
51252
49358
48667
51020
48969
49687
49701
48815
49437
50700
50762
50805
48430
48281
49497
49252
49403
50149
49282
50290
50211
48741
48490
49582
49743
49717
49677
50796
51357
51176
48801
50191
50654
50692
52021
49921
49314
50683
49482
50668
49257
50024
49149
47015
51360
48497
48555
49018
51642
50662
50359
48938
49397
48790
49459
50254
50699
50370
51974
49659
49372
50668
49669
52966
48961
50393
50816
48712
48689
51124
49283
49784
49081
51075
51286
50434
50248
51036
50313
50446
49021
50039
50185
50674
50428
49699
51275
50876
49816
49506
50732
50987
48814
49687
49332
51302
51282
49839
50288
50433
48983
51097
49973
50482
49426
50194
51029
52076
49178
49724
50821
49695
51080
49852
48592
49766
51760
49988
50165
49649
49963
50060
50046
49582
50197
49009
49458
51687
48972
51124
50012
50348
51468
51373
51781
51851
49248
49104
51528
50310
50832
50694
48732
48970
49145
49345
49178
47822
50535
50489
51288
51011
48212
49036
50414
49448
49928
49753
50037
51582
50852
49490
49700
49324
50363
49385
49695
49132
49471
51413
50044
49475
50679
50157
53192
50102
52178
50253
48291
50053
51186
50722
49368
49628
49328
48790
50450
49778
48651
51414
49927
51349
50535
49767
47834
50157
49957
48487
49493
51343
51953
51706
48838
51746
49582
50243
50924
49722
51132
49766
51280
50998
48644
50244
48561
50012
49094
50161
48937
49987
49597
49795
47666
49879
49230
49863
48761
49908
50406
51071
49822
50015
49005
50827
50666
50380
49012
49636
49754
48950
48854
49832
50150
48250
50302
50011
50357
49661
50504
49609
51034
51112
49709
50517
51294
49699
49918
51191
51581
48909
50680
49449
50512
49916
50851
49757
49585
50198
49426
49446
49246
48409
48906
48768
49449
49313
50018
51420
48896
48827
50475
50484
49688
49379
50434
48440
51553
47595
51640
49475
49439
49414
50352
50478
49429
49233
48819
50326
50059
48958
52377
51177
49610
50187
51036
50346
49822
49321
49125
49064
48092
47578
50331
49097
51098
48708
49538
50357
51444
51192
51023
50471
50501
49571
49950
48647
48573
51018
50160
51379
49509
51563
50755
51815
48714
49960
51250
49318
50151
50144
49215
48866
48335
51082
49007
49772
49502
49759
49145
51294
51927
49515
50483
49335
50424
49692
49890
50313
49815
50259
49536
50758
49666
49387
49565
51081
49829
48456
49037
49009
50550
49366
49626
50914
50301
49541
50417
49022
48287
50062
49930
50203
50610
50303
48566
48525
49958
50159
48863
48486
52144
48046
51295
50359
49948
51437
48234
49966
48763
50318
50099
49213
48551
48644
52234
50105
52658
48671
50254
49124
50773
48969
48160
49042
50920
50310
49887
51060
50040
49939
50417
50116
49742
50538
50138
49408
50494
50179
48711
50299
50284
49883
51865
49420
50459
49440
49874
50479
49709
49200
51191
50511
49578
49052
50193
49986
47249
49570
51359
49618
51163
50224
49061
47849
50488
49159
49924
50978
49804
51472
50453
50683
50099
48837
48874
49834
49454
50239
48905
50862
48707
50654
51637
51138
51712
49689
50547
48315
49424
48043
51408
51517
51555
51057
51126
51516
50038
49956
48954
50717
50051
49373
50213
50755
49698
50652
50354
51256
50042
49381
47960
49784
51655
48784
49802
50479
51191
50429
51344
50072
48513
51268
50773
50664
52325
49521
49726
48878
50466
50303
48688
51271
48142
51454
51047
49097
50695
49490
50398
50759
49950
50044
50888
49640
49418
51477
50413
49962
51321
50270
50620
48788
48732
49320
49194
49206
49930
48078
49033
50848
48826
50845
50700
49310
50269
49305
50125
49184
51523
48359
49801
50502
49308
51820
48464
48834
49887
49643
49792
50893
51127
50561
49582
50909
49096
49390
49419
50831
49554
49439
49343
49924
50642
49405
50204
49090
50159
49951
51563
50044
49845
49720
49999
49271
49433
50390
49203
49596
49385
49808
50251
49503
50347
49939
50525
50288
50432
50192
49614
50953
49515
50423
50186
50079
51590
50645
49721
50065
49506
49200
48269
51453
51473
51137
49410
50330
51631
51877
49138
50907
49874
48354
50313
48532
50510
47392
48984
49219
50844
49568
50230
50865
50513
49827
50384
50867
51688
51928
49130
50787
49015
49012
49588
50619
49370
52410
48219
50417
50068
50129
50007
50312
49794
49115
49789
49014
50060
50937
50383
49403
49390
49689
49389
48831
52281
50448
50970
51900
48628
49977
49687
50754
51973
52244
48745
51782
49530
49877
50202
48929
50682
47785
50244
50045
48896
49309
49661
50299
49687
49154
49326
49376
50751
50464
50991
49094
50566
49689
49948
52467
50612
49528
50779
50092
50383
51159
49897
50321
48460
49618
49941
49749
49376
49987
50205
50646
50248
49884
50922
49854
49369
49103
48190
50040
48767
49610
49767
50751
48198
48580
48643
51125
51593
49079
50574
50111
50363
51204
49084
50924
50640
51307
48632
49139
49205
50120
49449
53110
49548
48681
51000
49840
50934
50401
49417
48190
50815
48692
50920
48918
48550
49006
50996
49753
49434
49717
50472
50453
49272
50384
50290
50797
47681
51710
49166
47985
51035
49195
49616
49804
49061
49850
50668
49218
51520
48946
49441
50798
47692
50869
51062
49478
51080
52004
51937
51888
50839
48961
50800
49087
51688
50193
51531
49893
51034
51611
51242
49737
51752
48228
50455
51678
50167
49737
49301
48448
49798
48876
48860
49914
48479
49640
50273
50185
49009
50770
51008
51956
49975
49747
49886
49246
51617
51057
48706
49692
49014
48410
48927
50015
51581
51144
49810
48912
50037
48367
50037
50958
49296
50197
49082
49945
51536
50265
49370
51312
48791
49935
51476
49579
49618
50432
50593
49489
51036
49147
49945
48503
48015
50710
49907
49755
49532
49191
49293
49773
51096
50460
51322
50983
50523
50442
49076
50864
49977
49254
51101
51688
49535
50683
49041
49182
50087
48107
49158
50241
50095
49713
50723
52348
51416
49915
49405
49389
50167
50222
50476
50427
50511
49535
51424
50930
51148
52083
49289
49695
50042
49141
50696
49422
49874
50255
49588
49677
49851
48057
50267
49102
48804
50371
49680
51555
49846
51474
48829
50631
50315
48887
50738
51105
48562
50403
49654
50516
50409
49095
48729
50157
50165
51042
47348
49694
50044
50825
49611
49686
49865
49739
49702
48916
49145
49368
50586
48957
50539
49171
52040
50669
49834
49403
47363
47649
50580
47968
51888
49272
49454
47633
49654
50195
52183
49953
49762
49861
50006
49756
49319
49694
49176
49451
51243
50454
49813
52022
49905
50273
50438
50257
50825
49499
49097
48515
49634
51629
51487
50528
48846
50455
48916
51727
50523
51633
51095
49145
47622
50904
50635
49093
49491
49778
49113
49491
49666
49288
49630
50955
51567
50265
49539
51193
49761
51043
52682
50043
50866
50663
49831
50922
47740
50692
50177
50719
48098
51017
51308
50753
51101
49780
50185
49005
50505
50389
48633
51736
49055
50288
50717
49908
50664
50760
49850
48000
51444
49976
48476
48708
49364
50452
51027
50234
50703
49499
49269
48571
50260
49616
46880
50965
48485
51553
49679
51214
49681
50827
51446
49728
51428
49876
50175
48820
51428
51153
51046
50321
50215
51525
51057
50164
48484
49830
50146
50501
49387
49361
49933
49426
50867
51344
50254
50073
47976
50117
51577
49586
51236
52468
50323
50842
50744
50195
50416
48435
49920
51174
50061
51208
50723
49842
49150
48459
51168
50149
49690
51200
49589
51260
49799
49133
51063
49718
48739
49081
50628
49292
50592
50460
51748
50122
49264
50504
51399
49689
49799
50029
49185
51117
49505
50331
50447
50124
50427
50384
49185
50032
47958
50232
50227
49785
50798
50989
51199
49645
49609
48528
50841
51575
50574
49504
50005
48628
51784
51315
49722
48729
50850
50325
49112
52216
50186
51187
49471
50148
49086
49548
50249
52948
50583
50018
49286
50707
48435
49514
49579
51745
51288
50251
49838
51113
48998
48959
50795
51771
49640
51603
49500
50955
50945
51698
50730
51957
50121
50263
50341
48417
50599
50290
49966
50025
50983
50999
50664
49998
51612
50179
49014
50263
49773
49482
48521
51838
50197
50585
47907
49875
50014
49998
49029
49170
49643
48960
49926
50224
48188
50306
49311
48918
49819
50287
49332
49167
50322
48985
49586
48868
50449
49685
49888
49434
49000
48415
49307
49979
50827
49912
47865
50277
49539
48946
47986
50197
49523
49167
49756
48681
50716
51517
49895
50183
48731
50983
48428
52228
50759
49306
49756
52057
49039
48753
51092
47560
48131
48588
49974
51574
49699
51585
51449
48494
50568
49642
48555
50769
49032
51025
50664
51118
49391
52996
50991
49149
49104
49352
50744
51600
50804
48990
48033
51139
49208
49177
48873
51069
50563
49289
49207
50878
49936
48454
50090
49471
49877
48924
49887
48181
51372
52552
49076
49687
49419
50588
49255
50341
49227
50158
49995
51427
48452
51592
50102
49980
48027
50434
49906
49150
50476
49302
49503
49301
50498
51171
49114
50087
50504
49406
50232
49983
50243
49432
51511
50317
50616
49420
50324
50111
48702
50614
52328
51370
48701
48794
49246
49866
49157
48728
50083
50843
50439
52259
49883
49366
48849
50579
51320
51603
51962
49814
50338
50087
48982
50668
50156
48865
50001
49530
49557
50109
50666
50483
48441
48417
50491
48692
49785
50176
51139
49618
49444
49511
50235
52105
49725
49294
48451
49674
49997
48989
50031
48944
52743
49292
50453
49925
51443
50538
50095
49824
48037
49534
51571
50037
48829
49915
51182
50507
49512
50201
49843
49471
49032
50531
49074
50654
49107
49513
50460
49313
49694
47655
50474
49294
49799
49442
50555
49575
49843
49340
48736
48004
49339
50009
51119
49086
50007
50101
51202
50178
50331
50059
49129
49710
48824
50455
50073
49524
50530
49807
50096
50228
50812
49154
50195
47509
50720
49619
51817
48828
51938
48994
50037
50959
50343
49113
50382
49444
52025
49597
49805
49160
50060
49294
48522
48261
50574
50234
50965
50408
48391
51047
49795
49652
48564
49710
49146
49585
49291
48784
50273
49726
47859
50533
49803
51293
50685
50875
49415
48637
48668
49386
49967
51747
50119
49093
49939
49162
49384
49445
49219
50631
50575
50497
49474
48014
50538
49337
49598
49691
51300
51461
49220
48052
50084
50202
50047
51758
48426
49451
49362
49531
50383
49452
47921
49355
52266
51702
49313
49668
50116
50044
50368
48573
50051
50673
51393
49216
51059
50453
49891
50147
50122
50374
49664
49402
51111
50067
49719
48968
49205
51169
49885
49550
49711
50733
49854
51015
51297
49186
51342
51674
50815
50697
48594
50795
52173
50778
50685
48086
50228
50997
48610
52444
49757
50725
50436
49997
47755
51021
49164
47874
49942
50451
50566
50263
50710
49455
49826
49905
49658
50407
50816
50606
48597
50049
50625
51638
49563
49621
50429
49176
50352
49018
50636
49379
49973
50805
50346
50731
50021
50286
50701
50352
49904
48646
48975
49733
52375
48150
49938
48091
49531
49413
49435
51627
49527
47456
51896
50532
49504
50402
49524
49567
48654
50585
49552
48507
50063
48888
49305
48994
49755
49415
50585
49872
50614
50819
47562
50879
50439
50003
50095
49235
49529
50454
50475
50012
50923
48908
50031
48404
49424
49569
50816
49911
49509
48175
51283
50447
51179
49783
48868
49420
50165
48737
52143
49064
50978
50277
48755
50741
49197
49453
50451
50312
49671
49765
50306
51480
49794
50122
50379
48549
49472
49778
50173
48242
49787
49528
49724
49499
49854
50523
50539
50493
50860
50105
50000
48416
49545
49882
49861
49353
51608
50378
49700
50404
50055
49690
51234
48706
50371
50388
50262
49927
49775
49100
49382
50179
49572
49168
48710
50814
49494
49783
49225
48411
49653
50717
50623
50067
49663
50458
50569
50340
50190
50982
49869
49794
51428
49054
49163
49808
49724
50673
50848
49339
50368
50750
50025
51073
49514
50955
51091
51083
50139
50878
49332
51435
50426
49686
50408
51264
49375
51384
49691
50031
51270
51099
50638
48369
47225
49228
49859
50250
48316
50354
50035
50396
51058
48848
50501
50232
49943
49291
49220
50251
50881
50509
50095
50687
49723
51340
48605
51613
48729
50249
50092
49002
50476
49460
52671
50473
50785
50218
49680
49685
49966
48833
50045
50649
53168
50125
49158
48959
50405
51078
50418
50708
49432
49220
49609
49046
50958
48924
49745
50077
49623
49326
47433
50010
49603
51896
51025
50626
50515
50496
49024
50292
48025
51118
50347
50100
51881
51495
49793
50312
51138
52255
48323
50009
49006
50586
51748
53110
50778
50304
50715
49964
49295
49295
50602
51214
50191
48011
50523
50676
47888
47945
50782
51308
51074
49079
51526
50143
50422
50305
47274
50101
49777
50619
49781
50776
50090
50006
48948
51136
49745
49767
49660
50625
50271
48881
51184
49010
48724
49364
49675
50441
50409
49665
49937
49034
49288
50439
51811
48948
49794
49091
50589
50987
49706
51274
47749
51107
51322
49709
50918
50261
50097
49826
50422
50563
51012
50857
49792
50870
50289
48972
50295
50374
48775
50633
48913
49177
51099
51318
50555
49628
50860
50078
49938
50810
49111
48351
48759
48370
50947
48812
48773
49104
50948
48984
51264
50271
50319
50439
51471
48423
47802
50725
49051
48020
51173
49505
52170
50226
48924
50294
48933
48615
52067
48960
49533
49494
50497
49525
48369
50339
48937
50954
48961
49961
49442
50101
48736
49107
49918
48836
51532
50500
51536
50756
50078
50448
49940
48383
49549
49816
50005
51202
50039
50058
50103
49678
49204
49834
49255
49585
49450
51749
49561
49703
50327
50407
50589
48260
50808
49819
49370
50846
50134
48308
50783
49196
49160
51174
48822
51699
51981
50634
50222
50096
50042
50125
51671
49836
50552
51418
48030
52010
50050
50805
48993
50610
51360
49733
47602
50961
49872
49213
49657
49769
48538
50804
50542
49122
48742
50517
50882
49596
50056
50551
51006
49498
50794
49930
49637
49796
50507
49767
48971
49206
50854
49406
50593
49407
51299
48338
50144
51022
50668
50106
49882
50090
50566
49559
50107
49965
51072
50254
50749
48782
48848
47927
50995
51313
50066
48438
50066
52362
50422
50085
49620
50219
48986
50957
50741
50640
50453
50826
50193
48961
49374
50607
48694
48978
49958
50026
48663
51352
50054
49252
49297
49340
49722
50196
48784
49106
49559
50562
48536
50505
50890
50260
49567
50943
51079
50624
48446
49922
51773
49477
51026
49212
50482
49294
50641
50579
51469
50157
47272
50243
50354
50349
50196
50185
49848
49894
50255
49217
50577
49592
51445
49974
50367
48499
49460
51362
50089
50579
48998
49281
48436
50345
50082
48838
49399
48200
50106
49331
49950
49299
48483
50241
49191
50939
49853
50615
50045
51069
48923
49920
48373
49867
50831
50104
48451
49753
49750
50457
50586
50938
50247
49616
49725
50166
49980
50307
49744
49877
51386
49896
51581
47519
49749
50590
49717
50097
51954
48608
49767
51334
48491
49226
49196
49922
51076
48476
49212
50261
50927
49206
49676
50579
51053
49472
49406
51490
50337
50782
50646
48672
50198
48440
50546
48629
52653
50259
49490
50638
49907
49698
49828
49957
49497
50394
51068
48747
47961
50216
51134
51332
47331
50274
51266
50232
49858
47836
50351
50790
50800
50066
49524
49366
49881
51511
50867
49161
51093
49597
49690
50291
49572
50664
52700
49168
51089
50876
49124
49654
52038
49599
50378
50078
50425
49506
49286
48830
49403
48057
49673
49625
49838
49781
49812
49422
49238
49990
50113
48343
51205
51063
48387
49539
50421
50226
49765
50505
50726
49097
50114
50650
50785
48460
50406
48584
50783
50828
50215
50888
50632
51833
48541
50882
49845
48746
49571
49300
49734
48727
48949
48829
49561
50064
49461
51034
50660
50112
50779
51352
49600
52598
51862
50287
50089
50342
48478
50578
51515
49593
50108
48927
50518
49341
50828
49833
51302
51238
50923
49987
49385
52081
50627
50261
48891
49413
50096
49625
49157
49981
49496
49192
48412
49914
49636
51211
51367
51747
51204
49054
51220
49018
51137
50634
51384
49822
49650
49791
50668
50581
50041
50136
49911
51616
50725
50617
49427
50866
49940
50537
49373
50194
50813
50661
51487
49668
49534
50695
49028
50437
48873
49113
49169
50177
49628
50019
49773
48557
50521
51346
50482
50806
50376
49319
50436
49728
50132
49957
49114
49335
52505
50417
49450
48724
48897
51792
48600
50189
49175
49648
50520
50797
49701
50976
50768
51389
51918
50833
49325
49019
50525
49844
51721
48536
50494
48965
48521
51557
49963
49937
50314
50435
49994
50823
49820
51099
49805
49192
50188
49543
49374
50988
51242
49667
49467
49747
50315
50512
49151
49389
49296
50451
49842
49789
47922
51441
50214
49897
48042
51113
49351
51023
50950
49495
50879
48626
49750
50492
50708
49198
49901
49814
50052
49616
49126
51550
49760
50662
49444
51678
50385
50858
48396
51451
50642
47686
50890
51568
49220
50529
51052
51229
49924
49753
50576
49242
50720
48924
50428
49882
50585
49250
49660
49580
50995
48938
50349
50235
48853
48901
49531
50208
49574
48988
49382
51737
48974
48541
50340
51632
50090
49550
49262
49332
49792
48864
51794
48623
50852
51472
49464
51615
51627
50139
49253
50133
52425
51410
48862
52145
50478
52292
47745
50090
50612
49655
50463
50770
50934
49848
50617
50666
48838
49424
48988
50329
50638
49857
51373
49582
49253
50376
51062
50348
48305
49512
49153
51792
49597
50680
50624
50937
49557
49982
48297
49401
51249
49577
50229
50089
50923
50678
49644
50356
50560
51436
50654
50073
48647
50774
51032
52123
49741
49738
49743
49745
49294
51707
51243
49345
51026
50693
49995
50584
49936
50593
49733
50907
49380
48134
51394
51347
49204
50313
49678
50759
50437
50693
49489
48610
50633
50414
47815
51115
50103
51210
47175
51756
50661
49873
48984
50795
50359
51316
49991
49663
50356
49222
53078
48990
49697
50187
50756
49663
48868
50222
49073
50163
50755
50496
49885
47219
49045
49194
49455
50274
49904
50666
49627
50108
47902
49179
49787
50758
49956
50121
48734
50697
48881
48677
46847
50872
51491
50313
50087
48674
48740
48652
49448
51128
49172
50442
50536
48814
50675
49724
48674
52104
48385
52996
50285
49467
48570
49915
48435
49916
52337
50374
49324
49782
50548
48200
50769
47171
48993
50355
50005
48275
50551
48796
49830
49838
49847
50481
50039
47865
50506
51228
49907
49779
51151
48683
51380
50323
50762
50542
49087
49111
49505
51340
48885
49350
49226
51444
48511
48758
49020
49820
51068
50488
50005
49023
49750
49075
51075
49280
51968
49407
49312
49652
49366
49907
49353
49193
50898
49236
48415
50626
50477
48834
50589
49030
49664
51079
48257
50846
47507
48005
50558
49361
49816
50611
50171
51759
51682
49361
52149
49955
51468
49204
51126
49827
49222
49285
49714
51179
50666
49596
52550
51023
50378
49682
48985
49417
50893
48772
50487
48920
50856
50909
49862
51435
50190
51604
49943
49822
49995
51560
50312
49357
49796
51386
50668
50575
51442
49269
50980
50863
49968
49696
49709
50910
50864
49184
50588
50266
51737
50376
50538
48599
50433
51076
50633
49826
49002
50886
50353
49672
50944
49761
48730
49996
49290
51577
50633
49641
49452
49190
49689
50481
49785
49094
49885
50737
48704
50790
49247
49293
50238
49859
51288
50270
48349
48470
49057
49634
50482
48035
49618
48952
49115
50243
48626
49291
49164
51822
49264
50311
50528
50652
48958
48965
50358
50397
49647
51557
50300
52232
50182
51318
49741
50046
48131
50139
51469
49308
51374
50373
50713
47727
50802
49097
50012
50171
48363
49614
49333
50012
48694
50294
50383
50492
49999
51243
48855
49719
47460
48449
52527
49985
50258
51043
51260
51000
49083
50832
48407
49769
52056
49182
51600
49655
49260
50672
49100
50261
49576
51235
50445
49238
50587
50517
50183
48978
49003
50822
49511
49513
49667
51567
49266
49418
49263
51886
50094
50590
48963
49032
50921
51186
48762
48420
49054
50838
51897
50157
49155
49551
48833
48694
50512
47073
51461
50245
50232
48610
50079
50982
48347
48084
49621
49673
48986
48437
49190
50791
50422
50727
48409
49171
49405
51200
49993
49240
49365
50116
52123
50629
49056
49139
49516
51310
50493
50023
50764
49434
49805
52459
49112
50886
51880
49871
48486
49240
50584
49775
50091
49807
49229
49248
49716
49184
48787
49572
50641
49965
49621
50308
51656
48744
49784
48340
49461
50270
48793
49759
50238
50210
49946
48424
49381
50913
50351
50562
51416
49605
49603
49536
50028
49039
49759
49100
49073
51015
51795
50181
50772
48354
47528
50823
50510
51111
49050
50736
50689
50452
48206
50526
49413
49995
49661
49489
50195
52146
50016
48533
49549
49740
49592
50705
50785
49765
50259
50003
49977
48878
50376
50522
48669
50811
50715
49717
50831
49913
48250
49925
51413
51014
49566
48852
50922
50249
48845
49506
49699
49948
51677
50081
48097
50354
50307
50138
49551
50315
50520
51219
51064
48529
49878
51457
51878
51679
50707
48404
51428
51114
51478
49187
50459
49161
49796
48919
48652
49736
49307
52003
49105
49274
51103
50624
49778
50390
48228
50180
48873
51300
50161
48302
48872
50692
48797
49859
50394
51060
51861
51115
52537
49729
48108
48721
47925
49253
49239
47807
48990
49882
51536
49249
48974
48980
49402
48817
49584
49859
48560
50465
47815
51325
48718
51067
49704
51068
50506
48674
48195
49905
48273
50796
49680
51600
50101
49659
51067
50699
49461
51873
50413
50604
48983
50587
48746
50015
51016
49123
49746
49387
51526
50758
49281
48810
50597
49859
50286
49378
50187
51409
48974
50665
51487
51269
49641
50083
49240
51166
48503
49764
49742
49631
49350
47746
50017
49920
50535
49199
50174
49417
49305
48908
48729
50383
50822
49562
48734
50334
51173
49214
51093
48363
51231
49933
49839
50861
49770
50364
51055
49586
49241
50253
51092
51821
48065
48735
50485
50108
50152
48880
48035
49318
49525
50871
49223
51280
52249
51006
50148
49852
49302
52291
51135
49272
50345
48756
51051
48902
48709
49811
50272
48004
50439
49049
49883
50081
47588
49845
49549
49583
50482
50114
49367
51179
50382
50263
48906
51814
49775
48993
48453
51528
50842
51082
50642
49943
48182
49746
50971
51273
50737
48733
50074
48971
50812
49268
49176
49015
48649
49226
50480
49765
50398
50373
48665
49465
50478
50307
50235
49557
49108
50158
49608
48978
49978
51289
49039
50003
50992
50192
51516
50909
52149
51102
49181
48138
50011
51179
50985
49521
50096
48689
50242
49802
50771
50075
51220
49492
50738
50250
50265
50759
50624
49545
51397
48285
51228
50192
47406
49531
49592
51730
50654
49579
50189
48998
51153
47429
50413
51466
49968
49119
49217
51672
51091
49999
48552
51192
52387
50709
50732
50574
49891
49238
50053
51103
50812
47972
49815
48757
48686
49633
49232
50991
51318
50091
48429
48147
49071
48771
48411
48361
48741
50064
49800
49466
50566
51426
49164
50489
50779
50843
51624
50602
50172
49454
49394
50788
47914
50590
50356
49612
49598
49709
49677
50500
50243
50175
51380
50506
49871
49225
50623
49849
50364
49474
49631
50134
50767
50455
49107
50465
50653
49088
49709
49624
49619
50719
52047
49053
51248
48889
50253
47425
51684
50263
50147
51736
48666
52122
50023
50099
49759
50516
49400
51112
49803
50050
48978
50903
50796
49272
50093
50101
50413
49354
50311
50804
50088
50392
50029
50949
49680
49583
51026
48679
48762
50691
51128
50423
49271
51055
47962
50737
48989
49169
49838
49838
50488
50818
50154
49413
50523
51434
50357
49440
49360
49695
48392
50743
49729
49827
50200
49064
48380
49496
49104
49475
49619
50394
51967
50989
49530
49763
49635
50707
48638
50161
50826
49865
49866
48607
50756
51322
51755
48915
49146
49214
50727
49785
50211
50761
50001
49435
49088
49687
49206
51193
50688
50063
48578
51124
48566
48772
51188
49202
47987
49987
48977
50313
49972
51159
51496
49691
48438
50393
50762
49782
50680
50041
51006
49816
50805
51339
49243
49055
49559
50176
49593
48066
50567
49626
50160
51319
49579
48558
48619
50795
48290
51205
50231
49792
50894
50917
50448
50535
50675
48754
49988
48871
50578
50355
49834
49179
50490
49926
50322
50564
49061
50786
49740
51008
51068
48172
50901
50619
50458
49686
49975
51703
47043
50461
50068
50242
50295
50756
50585
49077
51159
51458
49028
49797
48964
48919
51788
50770
50359
51458
49639
50060
49860
50289
50747
50183
50652
50361
49356
50152
48872
50713
48354
49949
50492
50860
51110
50446
50312
51741
50951
50608
49779
50911
49817
49540
48318
51644
50412
51014
49395
48413
48850
49030
50542
51897
50251
48694
48989
49421
51699
50338
50730
50561
51924
48257
49894
50286
48640
49597
51131
48923
48866
51637
49750
50656
49113
49440
49705
50212
48351
49168
50312
52089
49293
50974
50812
49371
49912
50469
52290
50687
48786
50160
50656
49756
49175
49306
50928
49778
49599
48313
50173
50537
50412
50118
51070
49968
51260
49093
48354
51032
48295
48709
48809
52738
50138
50126
49761
52322
51016
48572
50266
50775
50365
51288
50780
49444
50807
49778
47203
49993
49827
49340
50801
50063
49114
51023
49737
50704
50224
48888
51130
50011
49450
51808
50775
48328
48787
50271
50601
49062
49333
49314
48128
49577
50476
52491
50461
51138
50542
48288
50819
51335
51713
49685
49045
51791
49496
50037
50604
50872
48442
50093
49735
51730
49423
48851
48804
51224
49795
50320
51125
48547
49044
51727
49295
50291
49862
50628
49479
49818
49162
48655
50191
49517
50474
49330
49721
49435
50375
48009
50812
52077
50457
51813
50689
49726
48123
50583
50210
50192
48427
49753
49844
49258
49298
50679
50530
51263
49538
50242
49623
51077
49468
50433
49689
50956
50110
50511
50303
47968
49086
49549
50240
48823
50290
49036
49564
50851
50739
50046
49686
51593
49287
49825
48339
50428
49805
47346
51147
52332
50203
49979
49805
50724
50827
51627
49849
50259
49807
50618
49933
50758
51013
49665
49850
50422
48206
51217
50121
49821
49876
49876
50913
50115
48910
51609
50889
50687
50922
48740
48639
49710
50484
49568
48852
47871
51350
48671
50394
50264
50658
50609
49349
50267
49521
49012
51677
50041
49686
49836
49374
50045
50828
52051
48318
50829
50009
49302
50608
50080
52244
50328
49317
49441
50093
50592
50297
48984
50012
51526
51265
51141
52181
49967
49832
51996
50309
49119
49274
50282
49570
49429
50355
48168
50474
49345
49398
50961
49941
48917
50752
50555
50974
49928
49270
50047
49065
49816
48005
50463
50716
48639
50636
50156
51510
50434
50622
49826
51619
50245
49432
49528
49910
49867
49561
50489
49187
51371
50671
50210
49594
50707
49045
49640
50482
51005
49469
49543
48216
52030
50665
49990
50013
50243
50497
52292
49334
51155
50645
48729
49395
49716
48265
48440
50065
50910
50454
49497
50641
49740
50518
49436
49518
49587
49614
50073
51339
51403
51723
48383
50475
51758
51654
48800
49422
50103
49295
49912
49766
48772
48771
51049
49794
49489
50721
50534
50313
50457
49101
49594
49532
51965
49587
50331
50548
49429
49631
49804
48878
49480
50527
51612
50419
51293
50128
50824
49033
50739
50087
50253
48146
48411
51269
49039
50606
52264
50926
48575
50194
50528
49947
48667
50929
49041
49794
49870
49698
50523
48250
49330
50631
49047
48977
48461
50529
50449
49513
51141
49555
47890
49185
48879
49801
49258
50734
49793
49370
48389
49915
50402
49636
48619
48717
50834
49316
49483
49166
49233
49215
48974
49852
51005
49890
50300
49749
51670
49761
50387
49243
50239
49553
50308
49250
49144
50028
49564
49089
48989
51240
49273
51101
51033
48592
48888
49068
48430
51408
49735
50384
49874
48619
48742
51466
49120
48954
49901
50302
52191
49553
49125
49123
50293
51568
50881
49782
50623
50713
50530
49100
49751
48929
51722
49791
49386
50699
50498
51306
49981
50426
49600
50016
48692
49318
49486
47897
49734
48228
52029
50073
51119
49054
51512
49615
49660
51216
48488
50986
49708
50810
51372
47889
49177
49969
50145
51404
50513
48110
51143
50299
48695
49763
49690
49176
49218
50390
50125
50903
48963
48583
48425
51445
48390
49726
49436
48939
50117
51007
50625
47499
49043
50284
51994
49908
49150
49281
49579
50206
49473
50286
48637
49861
50773
49009
48056
50087
48803
51803
52483
50951
49529
49539
50396
50466
50283
50177
52278
50379
51199
47831
49729
48135
48967
49335
49425
49541
51061
50028
48468
48497
50102
51287
48794
50424
47957
51837
49109
48646
48721
48414
49661
50729
51202
46608
49027
50752
50308
50667
50596
50884
49679
51057
51776
47882
50524
50548
51534
49370
50373
50651
52032
48681
51638
50595
49255
51280
50951
49804
52192
50440
49644
51434
50628
51244
49630
49570
50425
48932
49977
47611
50613
50959
49253
50364
50497
50992
50507
49995
49457
48474
49498
49048
50229
48942
49931
48987
51407
49313
50520
51176
50179
50709
51199
48826
49902
48225
49511
48883
51599
52066
49084
50605
51200
50832
49351
48760
49809
49150
50406
48956
48578
50140
48672
49340
50237
49344
51057
50243
51041
50283
51396
49615
49121
49104
49785
50348
50530
50707
49171
49906
51696
49766
49918
50167
49533
51217
49823
50468
49720
48631
50416
49857
50534
50446
51159
49739
49983
49386
52335
49643
49149
52262
50499
49927
51223
50088
49115
49044
50460
48933
52072
48077
51442
50828
49757
52505
52529
49076
48604
51184
50461
50085
48517
49310
50725
51217
50428
49525
49109
49391
51125
51195
50071
50234
51070
50219
50801
51603
49281
50475
48920
48661
49931
48920
51123
50425
52005
49117
48736
49490
50591
51324
49538
50062
51824
48626
50994
50379
50346
49694
50093
52079
48872
49954
49441
49670
49531
51058
49650
50344
51583
50862
49105
49203
52273
49649
49628
51081
49189
51232
47472
50421
48633
50102
49109
50170
48742
48590
50365
50013
49551
48379
48625
49701
50396
49362
50078
51376
52228
50435
49594
48915
52277
50127
47829
51414
50113
50627
49306
50745
51236
50114
49311
50542
49891
49990
51784
50308
49496
51784
49799
49215
48909
49204
51827
49472
50604
50323
50739
49420
48502
51187
50573
50098
50032
48314
48797
49386
50991
49084
48546
51523
50824
49295
49812
50145
49925
50894
50934
49275
49489
50341
51201
49921
49656
50681
49742
50446
50731
51693
50730
51255
49831
50169
49600
52825
48996
49206
48585
49634
49454
50573
50368
50219
50389
51072
51151
49804
48487
49207
48672
50826
48236
49547
49255
48956
47385
49672
50190
50955
49271
49864
50340
49518
50197
49191
50303
48887
49944
48004
50408
51551
49004
49995
48766
50071
49584
48580
49636
49047
50624
48963
50094
49578
50199
49488
49890
50621
49190
51008
49541
48591
49605
49260
48896
49331
51843
49651
50811
50046
49759
51458
49957
50901
49985
51572
48295
47667
50102
49509
49796
47882
50964
51074
50873
50038
50888
50301
49793
50617
49882
50219
49988
49429
50022
50245
49524
51775
49696
50651
48522
51009
50170
51454
51183
51008
49853
50064
49947
50591
52110
50233
50931
50532
49657
50610
50674
49192
49113
50074
50044
50156
48307
49156
48838
50252
49881
49316
48223
50623
50482
49314
50824
49177
51654
50304
48566
48921
50374
50804
51553
52360
49672
51214
48258
48942
51429
49101
49623
48801
51163
49264
48777
49483
51256
52203
49879
49315
50472
49957
50406
50733
49809
50010
51119
50922
49526
50943
49831
50124
50951
49647
48898
48886
50283
50530
48802
47995
48699
49201
49900
49729
50976
49420
50104
51106
51116
49081
47759
49161
51996
48819
52883
51491
49650
52048
50095
49693
50556
47751
50716
48899
49971
50894
50130
51069
51476
49169
50243
49734
49657
48518
49832
51337
49298
49682
51181
48830
50081
49245
50281
50835
50157
51935
49394
51301
48813
49164
48785
50052
49092
50654
51125
49890
50605
50785
49807
51514
48865
49634
50447
51700
48293
51777
50472
51239
51843
50368
49372
50226
49923
51602
51326
50124
51002
48849
50599
48034
48946
49160
48547
48855
50988
51211
52762
50747
49512
49854
50109
51478
50386
48751
50029
50880
49163
49859
50617
49842
48805
49549
47819
49722
48979
48275
50437
49989
51094
49125
49937
50667
50392
49347
50042
48942
50258
51441
51907
50130
50527
49905
50596
49285
51103
48416
49344
49023
50299
50107
48382
51229
49064
49226
50413
48442
49366
50728
50551
50225
49809
50103
49427
49801
51982
50514
50545
50608
49597
49770
51641
51497
48995
50274
49498
49089
47415
49850
50565
48954
50849
50916
50114
49553
49365
49450
50376
50583
49232
49371
50832
52751
49358
48419
49350
51213
51787
50519
48159
48811
48950
49696
51112
51225
49031
50642
49944
49956
49981
48797
50617
50508
50703
50130
50359
49159
50674
50963
49757
50455
48827
50021
49745
49993
49398
51952
50929
49688
48637
52046
49768
49460
49972
49643
50838
51457
49518
47721
49072
51236
49851
50096
50594
48926
49753
48325
50140
50418
49342
50014
49669
49765
50103
51747
50806
51374
49559
49418
50450
49839
49147
51105
49633
50399
51883
48887
48269
50998
51352
49162
51451
49799
50971
48996
50650
48722
48962
50243
49936
49474
48169
50068
