48233
49996
51871
48050
49779
51077
49443
49511
51734
51235
49516
51178
50335
50668
49721
50400
51518
50608
50258
52051
48144
49151
50771
50301
49459
50635
51049
48471
51560
50791
49676
48482
48374
49720
49827
50282
49204
48287
51818
50499
50969
48901
48740
50814
51341
50183
49655
48932
50333
48384
50838
49750
50458
50099
52002
50962
49260
48492
50155
49428
49758
50203
50112
49152
51584
49513
49253
50118
50407
50615
50205
49464
49108
50297
50536
50820
49292
50958
50085
49689
49798
49423
50237
52796
51735
51969
51015
51647
51191
49303
49154
49442
52242
49734
49730
51010
50152
51524
50428
50252
