50618
49931
51682
51295
49092
50583
51104
49206
49857
50064
52587
50328
48900
49922
50287
50891
50312
48612
49266
51560
50982
51869
49875
51831
50740
47747
49851
49138
50194
50090
49952
50579
47957
49849
50935
49352
50036
49062
50802
50389
48634
49782
50674
51122
47589
49107
50936
52085
50905
51549
50050
51452
50271
49916
51736
50733
49721
50512
49770
47607
49237
49387
50756
48414
51655
48611
51092
49978
51289
51276
49157
47610
50292
50125
49948
49282
49901
51422
50586
50085
48735
50243
50403
50321
49166
49732
50037
48032
49012
51204
50865
49735
49940
48387
49383
50483
50369
50452
50889
49445
48178
51083
51936
49477
51615
49198
48593
49292
49923
50652
49556
50484
48788
49901
51097
50082
50321
50019
49413
49693
49689
51549
52676
49148
51155
49572
49696
48881
48224
49695
48934
50986
50212
49671
51677
50472
50676
49879
48258
48647
50718
49736
51511
50954
50685
52046
51316
48904
49685
47905
49672
50724
51021
51564
49241
50144
50000
49275
50756
47788
50623
50265
50315
49256
49920
50170
51181
49418
49077
50679
49411
49318
50822
49327
50196
50786
48376
50589
50341
49968
49722
50013
49686
49957
51120
49975
50883
49204
51398
48269
49707
48301
50151
49447
52617
48162
50555
50038
48434
49514
48634
48439
49866
49638
49285
50641
50371
48874
49041
49879
49279
51259
50093
49741
52212
51664
50860
49821
49892
48451
50143
48683
48989
50305
49560
50222
49235
51364
49888
49866
49645
49202
49539
48993
48464
50218
50193
51606
50851
51347
49502
49122
50261
50215
50421
50890
49453
49636
51167
48998
50020
49603
49350
50094
50170
50004
51547
49166
49412
49513
49399
48674
49380
49652
50340
50910
49167
50466
49007
50935
51314
50308
50551
50013
50250
50486
49840
51315
50607
50411
51172
49063
48467
50694
50223
50664
49079
51325
48166
50376
49275
51093
49604
48276
50851
49616
51239
48784
48830
51469
48378
50355
50623
48914
51284
49799
49748
50561
50381
50987
49414
50692
48706
52059
50709
49302
51917
48199
49587
50998
50815
50796
50354
49567
49017
49967
50382
48792
51186
49782
50372
49757
50729
51674
50825
50791
50039
49451
48498
49430
49951
49152
50616
50216
50869
51682
50166
50752
50584
51228
50697
49794
50157
50750
50420
51037
49904
49797
49224
51240
47838
52515
49290
48516
49980
50470
50396
50648
50763
50628
49815
48666
51508
47554
49815
48273
51664
50048
50196
50569
49522
48916
50200
49718
49994
49945
48972
51792
52038
49616
49097
49294
47292
51535
50039
49476
49901
49970
50105
50833
48520
48526
49880
50703
49277
48442
50722
50260
49516
49324
50513
49843
49761
50961
49961
48218
53078
51010
50428
49304
50754
50109
49490
49872
48881
50441
48202
48325
49895
49503
48909
48316
49809
49658
51203
49428
48073
49915
49672
48337
49577
51217
50273
50676
48493
51142
50102
49966
48341
50657
49333
49682
49062
49620
51007
49478
49330
48820
50003
49280
51388
49243
50804
49136
51034
48891
50870
49851
50654
50618
50388
48593
49651
48573
50061
50628
48392
49078
49850
49928
50156
50199
50349
51373
48738
49110
49068
51058
50574
50160
49707
50332
52497
47796
48238
49481
49750
49691
51983
48914
50799
50406
50216
51274
48432
51493
50332
49172
50070
50785
50674
48939
47700
50670
50520
49099
50310
50620
50549
49715
48933
49634
52005
48699
50152
51073
48969
50602
49195
51112
48507
50860
50137
49157
50519
48389
49475
49543
52194
49936
49631
51219
48949
51624
48800
51310
51455
49471
50224
51765
50759
50451
48893
51307
51146
51286
50596
50730
49430
52622
49883
49308
49944
48534
49807
50403
47720
49425
50493
51600
51526
49651
50689
53564
50636
50592
50492
49839
50763
49660
50644
50603
48740
51000
49436
48997
49478
49016
50013
47777
51020
49922
48994
49434
51213
52489
48983
48790
49587
50902
49022
50841
49439
49200
50374
49907
50181
51442
50591
49566
50847
50803
49320
48706
49421
49526
52130
49761
49989
50014
48497
52665
51244
50782
50982
48785
50046
51479
51072
50326
51509
50951
50508
50739
47955
48785
51597
50157
50308
50497
49893
50986
50218
51080
50648
50161
50992
50843
49094
49006
50351
49348
50691
48825
50973
50624
49067
47811
50941
50197
50263
50464
49840
51976
50139
48742
50981
50583
48239
49162
48023
51428
49550
49779
48668
48785
51539
49723
50040
51206
50712
49495
51264
50123
50477
49991
49080
52252
49805
52107
49458
49962
50653
50472
50626
50065
50067
49007
52201
49122
50599
51788
49524
51778
48664
49574
50094
49740
49490
50398
50551
49700
51013
50051
49505
48873
49580
50494
49513
49918
50513
48222
49801
48814
49185
48892
48531
49371
50461
50701
50270
50169
50462
49948
50973
48959
50943
50939
50919
49729
51054
49310
49514
49063
49851
50592
51487
50831
48148
49607
49331
50522
50102
51467
50277
49500
48117
50092
50000
50863
50917
48861
50816
49423
51144
47696
51195
50954
50993
49779
52170
49547
49132
50802
49573
49897
49666
51182
50528
50205
48689
49499
50847
50033
49891
50400
48457
49826
50197
49316
50207
49102
49548
48616
49951
50130
50097
50968
48284
48742
49584
49963
50763
50236
50295
51935
49297
50271
49623
50052
49985
50041
49410
47969
50723
49205
49213
51276
49372
49498
49510
48923
50627
49725
50266
48938
49485
50453
50489
49174
49522
51953
49853
49488
51152
49894
50671
49884
49834
50837
50533
50166
50165
49124
50914
49989
50521
49094
49671
51484
50396
49833
49366
50019
52523
49989
48966
49387
48913
49732
50120
50006
49086
50098
50139
49927
50040
50825
50522
51564
49961
49276
50663
50545
48522
49547
50032
49012
50452
50197
49917
49026
50133
49045
51443
49016
50935
49824
50242
51257
48957
49939
49093
51060
51175
50051
50405
49190
49738
51674
49809
49646
50538
48827
50709
50536
50893
50078
50288
49897
48505
51261
50506
49502
48938
50134
49985
49263
50285
48729
47658
51757
50880
49839
50712
49260
52172
50217
51153
48591
49415
49596
46319
49302
49283
47631
49197
49866
51187
48505
48482
51557
51475
48640
51463
50492
48680
50641
50743
49171
49848
51176
50686
49734
49444
49515
49145
50504
50217
48533
49855
48803
51140
51246
50859
49042
49190
49608
48746
50977
50883
49888
51333
48207
50565
48984
50195
49519
49441
49599
49735
50596
50562
49039
49255
50164
49398
50577
48922
49616
50084
48840
51495
50910
49947
50114
51031
51551
49814
49571
