50442
49209
50697
50386
49040
50493
51675
47664
48762
49092
48625
49562
49749
49517
50957
49485
49872
49775
49904
48254
49657
50407
49556
49374
49557
50812
51070
49921
50436
50872
49675
50481
50774
48220
50416
47822
50205
51109
50011
51039
50013
49534
50038
49332
50038
49120
49783
51277
49344
48677
48770
50879
49368
51826
50163
49818
49478
50089
49181
49657
48765
52320
50933
48525
50406
48686
50548
49143
49519
50892
49072
48420
49446
50273
50247
50578
49894
49558
49221
51303
49484
50143
51077
49072
51384
49583
50186
49482
49174
49394
49671
49874
50567
49488
52425
50832
49204
50151
47867
50544
50046
51030
49669
49245
49978
51693
48349
50372
49240
51345
48537
50698
50760
49722
50346
49966
49726
49295
49891
50049
49753
51338
49340
49984
51071
51033
47254
51776
50287
50388
51074
51711
51843
49069
49459
49704
50876
51354
49758
48770
48550
48888
50043
50299
51156
50879
49956
49985
48129
51387
50766
49440
51081
49797
51627
52010
49511
49058
51333
49027
50580
47056
51044
50314
50808
50992
49588
49421
49545
50701
50414
49390
50454
50939
50838
50890
49152
50692
49882
48797
51567
49933
51488
50501
49255
48927
51429
48306
49256
50738
49488
48845
50158
50252
48316
50567
50620
49188
49545
49464
49930
51307
49083
50738
50804
49692
51097
51444
48153
50897
49427
49922
50475
50714
50417
51739
50238
49357
49140
50848
50981
47840
50633
50186
51658
48994
48216
49474
49639
50392
50396
51252
49455
49583
51124
49212
49984
50017
49273
50317
52047
49940
48939
50882
50520
51030
51277
49243
50263
49737
49883
50867
49879
49321
51394
49443
49290
48584
51542
49414
50551
52347
50414
49853
51466
49104
50863
49756
50351
49706
48572
50076
48096
50993
50017
50075
49675
50282
49360
51754
50559
50554
49641
50829
49538
50115
49746
50617
50412
51159
50917
49835
49123
49370
48657
50244
49691
50759
49209
50099
51345
50788
50062
49415
49633
50099
49159
48837
49462
48954
49389
50827
50214
49729
49065
50114
48009
48744
48797
51821
50775
49521
53330
49774
51183
47012
50071
50030
49199
49488
47827
49702
51410
49093
50135
49867
47335
52016
50298
47377
49948
49488
50437
49457
49072
50498
52160
51444
49214
51041
48761
51355
50139
50518
48907
49836
50104
51943
50686
51996
50405
49421
49544
50323
49393
48839
50387
49220
48190
52363
51821
50665
50549
50351
50009
51277
49579
48936
52364
52130
50754
50069
50196
51951
50309
51378
49263
48571
50571
48074
49892
51086
50746
49135
51573
50502
50929
49752
49964
50209
49992
50947
50381
51318
50933
49899
50681
50581
50484
49202
50727
49621
49676
50583
49590
50074
50371
49913
51561
49822
49701
50688
51229
49329
49444
52587
49695
48730
50018
48913
49933
49353
51226
50168
48493
51902
50181
49765
51673
49080
50505
49559
49134
50894
47305
48665
50289
50805
50041
50135
51579
49855
51606
50612
48493
50761
50643
51340
50689
50344
49960
51223
48438
48563
51395
50149
50108
48898
50431
50143
50375
49325
49558
52079
50425
48051
50294
51939
50152
49450
50769
50290
47153
50137
52142
50995
51935
51230
49867
49975
50751
50359
50207
50726
50713
51783
50809
49625
50126
50395
49911
49172
49613
50657
51161
49319
49723
49391
50880
49971
49267
50168
49606
49504
50409
50636
50118
49554
51373
50111
48982
51314
49635
51399
49692
50448
49267
51611
49586
50589
50531
50219
48975
50077
51063
48891
49286
50404
49554
49854
48198
50504
51673
50704
50353
49492
49655
51535
50667
51140
49763
48304
49943
48695
50612
48679
49419
51705
51553
50941
50013
49206
51946
49908
50725
50600
50613
50776
49085
50089
49995
49428
48995
50631
50390
52164
50549
49531
50809
50315
49681
50151
48755
51917
50255
48026
50466
50118
49175
48985
49107
50136
47715
50339
51383
50165
51510
50416
49554
50114
49302
50102
48959
49587
50719
48403
48602
49032
51931
51565
50759
49867
48551
49300
51289
49849
51130
51633
48157
50941
48911
50295
49691
48399
49814
49939
50356
49190
49827
48139
48326
49469
48786
49533
51125
49230
50844
48789
49957
49624
50556
50257
51205
50905
50074
50355
48363
51087
50099
49381
50050
51881
49353
52120
50116
51813
50133
51419
49402
50908
49359
48104
52131
50826
50049
49007
48897
49957
51434
51789
50012
48586
51136
49680
50711
49477
50089
49991
51170
50550
50922
50090
49105
48142
49675
47919
49201
50242
50674
50983
50848
48800
47901
49957
49662
48443
50428
51311
50777
47260
50038
48565
50289
48967
49799
49358
48584
48477
49693
51156
50484
51374
51880
49199
51626
50564
50050
48560
50024
51422
52346
51290
51340
50359
50829
48801
50131
50887
51636
50060
50832
49632
46695
48934
50067
49303
49966
49153
50831
49325
49933
50161
48681
49956
51179
50452
50003
48211
50062
51144
51560
49251
48945
49731
49778
49169
49887
49388
50137
50930
49573
50665
50297
48525
50366
48684
50394
49091
50660
49390
50206
51626
49987
48071
51088
51385
50295
48297
50274
51034
49547
49895
51440
50290
51974
50044
48351
48158
50257
48327
50146
50182
49448
50985
50490
49518
50608
50576
49844
51167
49928
49642
49033
50701
50351
51533
51178
52459
50929
49556
48090
48550
51690
48568
47442
49679
51198
49973
50572
50737
51372
50863
51045
49975
50440
50999
51488
49833
50215
49226
50067
51180
53257
49788
49007
49514
49905
50372
48672
50105
49582
51542
49980
50974
49131
51694
47699
49684
49762
49673
48670
50021
47790
50635
49260
50670
48693
50463
50880
50866
49987
49266
49863
50295
49961
49778
49627
51976
49457
49358
50403
49784
50207
49954
51107
50043
49128
51118
51205
49817
48944
48735
48629
50838
48604
50571
48585
50702
51303
52432
48770
49659
51990
48611
51397
48691
50960
49304
48038
49552
51358
50823
50873
50220
49771
50221
50206
48684
50608
50961
49668
50213
50908
50901
49845
50495
51565
50724
48468
49365
50699
52088
50048
49595
51767
50663
47259
50492
50697
49327
51526
49822
51614
51268
49768
51176
51125
51077
50394
48024
51067
50665
49256
49220
48648
50542
50762
49846
50561
50938
48541
50358
49326
48933
51399
50565
51451
49134
49540
49948
49638
50718
48955
49710
48270
51720
50018
51344
49745
50289
50133
49256
47964
50811
49670
49696
49310
50195
49906
50837
48845
48988
50846
49977
49545
49951
50030
49770
50526
50583
49486
49290
50447
49981
48334
47094
49048
49178
49574
50445
50753
51126
48806
48491
50289
51575
50064
49735
50418
49701
50328
50077
49413
50260
49760
50802
48607
49864
48088
51082
49390
48596
52346
51416
49764
49940
50682
49657
49004
46770
50597
50035
49500
49613
48824
50694
48887
51033
47925
49563
50682
50832
49709
50637
51899
49622
48605
48672
49617
47213
51773
49149
50672
50639
49004
47848
49750
49433
48681
50151
49544
51586
51087
47710
48699
50354
51211
48558
51402
49233
49528
49968
51058
50528
49543
50502
49762
51001
49608
50466
49298
52132
49132
48738
49249
49734
49684
47901
49280
52442
48675
50729
50353
51129
49571
48678
50634
50084
52193
50642
49499
51885
48579
49678
49757
49770
51419
49846
49898
50179
52093
49967
50602
48228
48860
50210
51823
49567
51294
51837
47814
51478
51238
50875
51604
49252
49270
49901
50777
50887
49758
50005
48841
50527
49508
50737
49615
48476
50736
50670
50543
49936
48554
49266
50504
51399
47139
50811
50375
50531
50490
50064
49534
49162
49858
50059
49835
49579
49204
49519
49147
50337
51536
49342
49926
48470
47905
50673
48355
50034
48604
50141
50817
47911
48582
52044
50154
50772
49943
49870
49604
50413
49844
49720
49261
49571
49825
50411
49662
51146
51374
50718
49788
50026
48679
50187
51224
48918
51289
51087
51087
50626
49702
50264
49924
48318
50261
50474
48877
50896
50353
50623
48477
50869
51129
49587
49660
48934
49899
49586
50209
50671
48691
49222
50882
51269
48866
50546
49644
48759
50975
48767
49624
51479
50413
48373
49802
47956
50859
50269
49465
48955
50427
49114
49683
48325
50837
51377
48715
49099
49205
50317
48605
48573
50482
50281
48763
49612
50388
50599
50878
50246
49123
49219
50592
49083
48390
49218
51426
51211
52573
49982
49577
49281
49488
50720
50874
49943
49535
49225
50126
49615
49874
49623
50290
52560
47282
49477
48884
49848
49874
51213
50206
52390
48979
49997
50272
49673
50433
50105
49567
49865
49670
50681
49993
50439
48514
50650
48131
49107
49683
49704
48137
50420
50933
50015
50127
49664
50756
49298
47510
49485
49338
50271
50836
50207
49801
50100
49239
50289
51602
48547
49836
49566
50891
47631
49548
49859
49847
50738
48151
50476
49771
52150
49696
50491
50428
48999
50425
50727
49716
48916
50209
50966
49132
51542
51263
51360
51509
49404
49619
49008
49252
50458
50232
48173
50104
51747
49637
50441
49016
49732
50834
48941
48478
51711
50756
48537
50406
48697
49131
50525
50413
51018
50089
49816
48442
48902
50561
50899
49145
49736
50287
48899
52819
50245
50545
49400
50059
49875
50019
48962
50352
50757
48156
48906
49196
51686
49715
50625
48885
48403
52033
49962
49457
48481
50530
52277
49930
49881
52544
51063
48906
50377
49132
50195
49681
50079
51250
48768
49259
49770
48064
49794
49825
50290
50812
50149
48147
48341
50529
51921
49951
51043
50806
50453
49392
52009
51760
48616
50285
50059
51101
46619
49527
50074
48913
47756
49920
50588
50504
49748
50189
47849
49465
51994
50277
48998
50269
49746
50979
50406
48560
48344
49502
49288
49254
50220
50654
48727
49163
49195
50825
50796
48600
49219
50354
49437
49237
50938
48960
48121
50741
50865
49151
49640
50229
49215
51253
50352
49656
51567
52034
50448
48575
48815
49869
49283
51169
51414
49227
51401
50478
50772
48212
49738
51051
51930
49611
50532
50741
51290
48865
50414
48436
48815
49616
49884
49759
48661
49903
49277
50002
48942
49526
50342
51345
49396
49250
49416
49730
51467
50569
49815
51773
49552
49892
49420
48810
49560
50650
49956
50091
49899
49024
48563
49828
49107
48569
50451
51212
49820
47909
48397
49659
48550
50068
51744
49175
50739
49830
51005
50099
51681
48435
49701
49755
48508
49611
50358
49925
48956
48519
49742
48142
49335
49287
51750
49215
49285
47671
49875
50589
49544
50357
50541
48647
49723
48832
50702
50326
50058
50217
49634
48479
49465
49625
50283
49137
50011
48452
50931
48412
51459
49364
52074
47427
50589
49783
49935
50250
51726
48540
49494
49126
51430
50497
49027
50173
50730
48966
48888
52377
50960
50965
50460
51097
50087
48930
50427
51086
51532
50607
48679
50114
49796
50732
50817
49662
51291
50565
49417
50505
50525
49007
50388
51403
51249
48113
48328
52046
51140
49781
50966
49880
48802
49785
48372
50226
50421
48959
49192
48975
48694
49897
48929
48949
51241
48579
49673
49446
51154
52652
51281
50855
49289
49501
48579
51011
49341
50008
49442
49889
50432
50251
52367
48808
51445
50760
49159
50195
48640
49657
49619
49285
48776
48913
50545
49785
49294
49614
50430
49876
51292
49177
50633
49603
50532
50030
48404
51729
49782
49363
50580
50361
48794
50947
48827
51378
52006
49669
49680
50265
50700
50771
51545
51596
50847
50409
49007
51284
49526
49700
50034
50520
49767
48925
50336
48817
49372
49567
51884
48762
50169
50534
49875
50343
50428
49923
50182
48571
51396
50073
51278
50497
50866
51095
50441
50065
50243
50692
49527
50169
50477
49940
50732
49799
50402
48611
51747
51468
49377
50186
51557
51921
49208
49854
50248
49195
50302
49386
49377
51412
49224
50388
49838
50615
51203
50345
51598
49297
50874
51092
48990
49575
50051
50761
49476
50376
50703
51764
52096
51314
50588
51107
49774
48830
50861
50579
49198
49925
49927
50717
49716
50037
50376
50276
50872
50140
49342
49661
51036
50783
51488
50371
49800
50470
49633
49928
50972
51066
50336
49746
48883
50161
50830
52237
49645
48970
50073
50506
50943
49943
50447
49165
52136
49144
50423
49277
51024
48783
50765
50513
48561
50091
49566
50125
51182
50718
49127
51934
50631
51106
49933
49620
51327
50977
49439
49207
49409
50370
48853
48597
52235
49062
50092
48780
50290
49057
48096
48833
48631
48423
52050
50584
50190
49842
49942
49958
51058
48681
49957
50998
50472
50062
50354
50709
50680
49583
51096
49933
50273
49343
50176
50090
50230
50519
51553
49114
51018
47941
48843
50741
51071
50613
48586
49518
50977
50327
49480
49287
50436
47313
50196
51493
51978
49954
48486
49414
48294
48376
49541
49681
48728
50456
48594
50493
48830
46963
50829
50187
50821
49539
50489
50556
52517
50046
50899
49032
49584
49754
50187
50403
47766
49855
50021
49835
50192
47982
50376
49847
49455
50299
49458
51996
50845
49861
50000
50695
50074
48922
51480
52757
51507
51701
50874
51149
51031
49975
48932
48680
48497
50174
49638
49667
49576
48242
50051
49053
50847
50127
49600
50585
50664
51073
47615
49994
49321
50191
50108
51837
52523
50334
52257
50250
49507
50094
51129
50751
48397
49714
50309
51939
50996
51508
48828
50228
49998
49227
48382
53171
49412
51142
48369
50173
49595
48495
50374
52589
50495
49486
48640
48655
48496
48923
50383
51031
50771
49580
50207
49193
50072
50913
49610
51602
50166
49511
49133
50517
49410
49474
51409
49847
50065
50407
50225
48572
49009
50169
49958
50094
49089
49279
50336
51856
50100
48259
49685
48823
49562
50563
49851
51011
48472
50787
49739
50385
50252
48436
50248
49462
48788
51175
50840
49306
49595
50101
49845
50580
50768
49043
51061
49946
50015
50663
49952
48366
53432
49061
50776
51410
49384
49613
50465
48372
49268
50354
49652
50060
50101
51062
51364
50624
49811
48683
52009
49828
49030
49438
50732
49226
49139
50982
52061
51098
50908
50634
49299
50134
51367
49608
50333
49787
51484
52299
49961
51268
50995
48169
50718
49358
51478
51893
49880
48940
49424
49472
49965
49965
48555
51676
50508
48540
49406
49950
49903
50449
50165
49130
50250
49438
50589
48686
51014
51306
51228
50008
49909
50162
49657
49273
49654
49227
49633
49726
49125
50545
50312
49133
50219
50545
50360
49492
47748
47783
50449
49848
50030
50888
49035
49416
51372
48160
49481
49259
48429
50665
49829
48125
51316
48901
51923
50836
49112
50210
51616
50548
49870
49764
50168
51464
50147
48658
47854
49059
49923
50621
50734
51148
49855
48484
49321
49597
50506
49999
50120
50796
50072
51584
50978
52005
50710
50268
49668
49083
51655
49604
50619
49676
48911
48599
50766
50816
50209
49627
49909
49058
49535
51120
50719
49326
52063
51263
47285
49974
49614
52338
47684
49322
50613
49685
48547
50679
51159
50674
50473
49710
49225
50464
50682
50898
49303
50831
48892
49632
50575
49898
49820
51482
51485
50299
49530
48750
49747
50517
49089
51784
49123
49082
49659
50541
50130
49408
51042
49851
50382
49291
51079
51544
49883
48257
50392
50957
49795
49921
50314
50751
50379
50767
49723
48622
49405
50680
51061
50070
50154
49616
48552
50489
51244
52517
50927
49798
50455
52702
50106
48884
49917
50785
49644
50967
49943
49309
49169
49171
50336
49652
50758
49814
51368
49047
51587
51185
51113
49983
49368
50926
50133
49288
50178
51445
51086
50184
52009
50751
50469
50744
49326
49760
49955
48838
51575
48012
49816
50677
49921
47635
50776
49247
48937
49797
51000
51001
52183
48863
49526
48848
50564
49265
48916
49857
51413
50729
49154
49965
49084
50960
51271
50631
49474
49143
49783
51123
49600
49628
50255
50190
50750
50186
49424
47893
51293
48859
50131
49143
50161
46935
50437
50483
50567
47913
50117
50397
49136
49427
50506
49597
50320
51075
49679
50150
50845
49260
48691
49986
49612
50219
49205
49858
49452
49443
49288
50284
48481
50298
47369
51620
51408
48932
52083
50900
49361
49938
50240
50149
50728
48710
50608
52545
51280
50764
50338
50967
51724
50104
49016
47445
50846
50707
48625
48406
50591
50519
48614
49238
51016
49502
51047
49296
49847
49307
51366
49500
49422
48541
50056
48703
51665
48534
51783
50638
49918
51407
49090
50967
48492
50490
50543
50546
51207
50088
50525
50220
49337
49311
48907
52305
49212
49808
51101
49669
50881
50326
52092
50793
51264
48411
51476
48434
50403
49604
48245
50472
48945
49761
50142
50428
49610
49629
50841
51988
49550
49934
50033
48431
50185
49816
50352
50972
52165
49067
50356
51335
49751
50046
49679
50806
50952
49801
49883
50454
49062
52104
49720
51889
49308
49414
50850
50610
49258
50253
49834
50014
51628
52096
50572
51751
50625
48209
49145
50038
49708
50610
51810
49508
49164
50424
50431
51963
50311
50466
49605
50532
49454
49369
52004
51759
52247
50548
50342
50239
50621
49569
51281
49154
50425
49540
49620
50569
50338
50660
50472
50323
49341
50813
48963
48714
49351
50132
51056
48076
48793
50091
48761
49122
49339
49238
51169
48970
49930
51018
49786
50303
50848
51491
49843
50200
50619
49957
48537
51870
50414
49729
51480
50581
50132
49877
50451
50562
49716
49407
51202
49867
50828
49894
49129
49370
50097
49549
51719
49122
49791
50534
50691
50423
49773
48585
49088
50468
49470
50134
50644
46800
49984
48100
50031
48451
50122
50585
49988
49917
50119
50089
49751
48157
49350
51394
47602
50084
51094
49764
50865
49702
50601
49795
51009
49410
49549
48762
49119
49577
50334
49535
47873
46445
50567
50960
50482
50009
49833
51853
49320
48856
49663
50510
49075
49720
51039
49831
48883
49912
50528
48841
50380
50529
49305
50753
49354
50699
50470
50624
50861
50822
50677
50900
51400
49384
50055
50518
49684
50589
49605
49642
48840
50364
51018
51060
48887
49944
50971
50501
49949
51329
49296
49617
51114
49622
48955
50090
48933
51438
49932
48382
51134
49512
49934
49528
51193
51315
49269
49435
50749
48875
52641
49365
50035
49623
49410
49368
51091
48868
50888
51893
49047
49039
47204
49073
51075
48046
50546
50790
50174
49003
49791
48276
49682
49658
49801
49330
49418
51926
50437
49970
51245
48350
50345
49160
50658
51993
50825
51227
49832
50331
50006
50692
51037
48089
50933
50380
52219
49235
48564
50433
48945
50165
49834
51553
51088
50675
51844
50430
48433
50602
49563
51083
50813
49781
49598
47909
49786
49525
52229
49729
49837
48845
49101
47857
48901
50276
50581
48615
49895
50893
49934
50104
49012
49578
49563
51302
50563
48361
50904
48945
48701
50546
49006
49161
49369
51244
49228
50449
49096
51314
48894
50525
51179
50743
49173
51133
49271
51100
49609
48886
48641
49134
50477
50871
49669
50123
49638
49209
49360
48302
49630
49962
49263
51164
50111
50876
49585
50261
50358
50443
51458
49609
49023
50202
49463
48056
49949
49630
48877
48655
50122
48088
47635
49124
49770
49264
49528
50022
50365
49245
50937
50648
50093
49960
49759
50612
48993
49923
50397
50289
48211
49862
49929
50837
50523
49870
51088
50693
49032
50779
51397
49215
50342
50453
49167
49747
50449
49942
50881
49359
50943
50561
49657
48889
49709
50317
49292
50156
48826
50297
50639
50179
48844
51291
49316
48812
51174
50334
49175
49902
50455
50008
50538
50409
49282
48237
51550
49688
50733
50034
49951
49114
50491
48317
48666
51444
51546
50270
48624
49855
50035
49295
47285
49799
50760
51039
48871
49002
51168
48789
50697
48554
49234
48755
49210
50509
49269
50256
51277
50643
49957
49255
50431
49749
51503
50057
49082
50283
50477
50047
51738
49600
48743
49147
50738
51622
49362
49816
49904
50427
49670
50024
50542
51245
49591
49716
50453
50183
48942
49189
49554
50900
50302
48283
50045
49789
50777
52242
49695
50785
48304
51912
49607
50478
49871
49804
50986
50278
51151
50747
50671
50438
52984
51722
50002
50825
50422
49650
49504
50807
52290
49564
50560
48294
49917
49351
49771
51701
50357
50232
51362
50493
50567
51442
50097
49492
50936
48643
49354
47551
49458
50713
51754
50355
50493
50069
49578
50221
49581
48220
51667
49883
50011
48407
50383
47825
48842
48897
50862
50931
49673
49878
49417
49070
50882
49700
51707
50551
50602
48462
50678
50135
50144
50592
52715
49584
49297
48545
51618
49984
52172
49929
50962
48182
47663
48313
48994
50663
50371
48441
48627
50065
47976
48761
52251
50766
51048
50770
49880
50968
50693
51276
49176
50027
50213
51702
48439
51521
49970
50530
49931
49637
50359
50922
49478
50485
49263
50258
49828
48853
50281
49868
51074
49589
50298
50130
51086
49973
50855
49848
50256
48731
49550
49284
48933
49490
51172
48931
49696
51186
48790
49133
50807
49115
50128
50727
52531
50421
49304
49461
48668
51568
46698
50608
49043
50365
52519
49891
49395
49642
49579
51737
49092
51138
49567
49700
50592
50439
51378
50436
49719
50832
49099
50524
49411
47040
49529
49963
49768
51140
50804
48851
50550
49453
48883
49039
50850
49669
49882
49876
48503
50157
49441
48737
50086
49745
48656
51892
50812
48171
49797
49445
51611
49419
48916
50485
48989
49417
49836
50821
48823
50570
51413
49033
50253
49961
49904
50502
49355
49403
50284
48675
49390
52631
49952
49161
49015
51497
50052
50578
48331
51089
50741
50031
48928
48931
50242
47422
50017
50216
49735
50263
51084
49249
51256
52263
51266
48586
48894
49448
50836
49487
50350
50448
50108
50943
49341
49763
49047
49813
47693
51675
48911
49960
49753
47941
49845
48629
49471
50200
50049
49767
51617
49761
49812
50369
48003
48933
50052
50768
50013
51744
50368
48952
52070
49503
48843
50652
48530
49131
50544
50085
50048
49181
51540
50648
50165
50753
51027
48160
48775
50208
49207
51445
51166
50921
50234
51082
48198
49811
49691
50473
50625
50431
49728
48547
50351
48454
51200
49091
50421
51200
49921
50065
48128
50175
49312
48701
50258
50409
48642
50139
49065
49743
50487
49265
49265
49679
49377
49681
50752
50325
52119
51095
48250
50566
48648
49766
50803
49346
49999
50682
48451
49852
48862
49124
49668
49821
51902
47962
50375
50822
50296
50684
49320
49547
50173
47813
50594
50589
50032
49920
50273
50208
50668
49799
49419
49089
51231
49908
50142
47581
50945
48925
50462
49544
50168
49406
49487
48722
51263
49413
49369
48268
49844
49757
49636
49275
51217
49733
49082
51894
50666
49238
49570
49206
50880
50139
49698
50853
49865
49649
50247
50805
50149
50798
50233
49968
51422
50409
48306
50573
48972
51714
49074
49945
49784
49990
50869
50102
49819
49848
50261
50735
49121
50434
48930
50614
49362
50901
51543
49218
53813
50303
49338
50972
49716
49655
51081
51479
49420
49471
51403
47850
49315
48413
49663
47521
50661
48631
50619
49609
51520
51096
49908
49428
50883
51163
50823
50109
48666
50973
50104
49020
51062
50309
49651
49587
49653
52444
48521
48362
49259
50914
50062
50457
52437
51330
49924
51247
50211
50263
50308
49856
48492
50859
47827
51076
51505
48384
47343
49237
48730
50150
50973
50621
50358
47925
49314
49412
48308
49627
50566
50437
49805
50079
50211
50639
49735
51904
50293
49750
50828
50092
48749
50351
49866
49237
49017
50218
50334
51175
50887
51553
49594
50253
48766
52210
50493
48222
50914
49496
49749
51155
51370
50116
50145
50491
49060
48479
51122
49337
51072
49422
51022
50410
50065
51374
50045
50313
49913
51131
50608
49138
49989
50047
49782
48373
49517
49529
50088
48917
50200
48815
49679
50573
49951
50345
50569
48981
50594
48666
50656
50913
49513
51011
50501
49797
51701
50534
48314
51039
49669
51038
51107
50304
51703
49488
48543
49081
49599
51087
49162
49741
51084
49833
48989
50144
49052
50748
51227
48876
49337
51437
49066
49837
50508
51310
49757
50684
49776
49856
49788
50665
49874
48907
50529
49872
49547
49536
52165
49312
50734
47726
51356
50475
50423
49709
49607
50402
47920
49387
50253
47138
49554
50240
49447
49313
50152
50846
48780
51482
48357
50376
50030
50407
50054
48976
47611
49727
49225
49658
50344
50692
49476
50981
49719
48701
51280
49738
50695
50320
50185
50364
49252
49703
48792
51357
50446
49774
49125
50584
49350
51906
50197
49755
48832
51174
50519
51154
49442
48182
50720
49866
48567
50109
48122
50519
50391
49976
51127
50203
51422
49462
49555
48773
49873
49554
49092
49952
49159
49492
49669
51488
51266
51726
48569
49094
48919
49027
50682
50069
48949
50546
50886
50246
49096
50971
49631
50793
48381
49995
47642
50821
49391
51381
50091
50787
49603
48690
48085
48619
49341
51198
51224
49009
49327
50390
50183
48560
49837
48379
49819
49416
50987
51258
49748
49845
49397
50927
48666
50402
49963
49308
51884
48661
50564
49098
49612
50905
50734
49947
51241
49166
49527
49423
51112
49836
49334
50034
50683
51113
50006
49683
49919
49556
49279
48442
50060
50832
50147
50026
49953
49492
50930
49889
49263
49000
50669
50221
48731
49614
50536
50172
48230
50689
49199
52130
49635
50159
49799
49244
50053
49802
49809
51174
49218
48465
48434
50752
49410
51231
49978
48904
48787
49362
49593
49593
49452
48917
50294
50329
49061
49946
50551
49246
51152
50325
50362
50734
49430
51357
50874
48513
49608
49506
48843
50577
49686
50550
48948
50600
49830
50167
51280
51379
50978
49176
51799
49523
51208
49066
51503
50566
49827
49711
50052
51836
49383
49400
50818
48887
52060
48769
49662
48562
49560
50063
48982
50059
48237
50465
50013
48348
50153
49575
52694
51346
48810
49658
49543
49319
49216
51082
50037
50291
48570
51040
49506
50375
49109
50629
48835
48836
51717
49776
49362
52848
48793
49399
49628
50836
50089
50733
50229
50945
49323
50616
50840
50951
50883
48689
49198
50267
51257
47395
50625
50447
47425
50172
50791
49281
51238
50513
51260
50747
50220
50165
51779
50743
49864
51097
50469
50308
50590
52564
50203
51958
51208
47962
49377
50865
48525
50806
50044
50578
50679
50353
49895
50508
48778
49309
50580
50318
52058
50805
50842
50150
51534
50367
50888
50787
51285
50425
48889
51029
50592
49920
50641
49750
50491
51317
51701
49158
47971
49635
48617
48006
50298
47835
51056
49379
48800
50982
49050
50889
48650
50671
50224
50658
50151
49922
49065
50782
48908
49230
51044
50249
49640
50197
49846
50547
50107
48121
51359
48505
51772
50283
49818
49728
50384
50206
50663
49435
48925
50386
51573
50447
51003
49325
50104
51362
49067
50586
49653
48675
50025
48172
51099
49640
50299
50442
49779
49240
49265
50197
49359
47579
49201
49180
49331
49604
50878
50273
51964
48902
49472
49004
48153
51128
51539
49625
49906
51087
49390
48637
51007
49608
51767
48723
49524
49287
48332
51112
49912
51581
49675
48556
51083
51988
51647
50280
50360
50811
49566
49571
48634
48880
49977
48117
49911
48993
49725
49853
50742
49303
51350
49416
50259
47296
50971
50992
50789
50094
50626
49238
51054
49927
48843
50861
48925
49525
50597
48359
51138
51137
50817
49675
48139
49522
50014
49474
50009
48768
48667
50139
50059
50202
52029
47555
49959
49719
49231
48783
50383
48491
50253
50309
48479
49817
50624
48809
50075
47961
50229
51274
50836
50183
50155
50499
49586
50578
49537
48609
49302
49912
51006
48911
49345
48504
49665
49451
50028
52244
51777
49150
52277
48605
51301
50065
50878
51150
51170
49697
51206
49175
48131
49964
51625
49938
49300
49570
49076
49714
49320
51807
48629
50828
49568
50074
51393
49908
51710
50719
50527
50638
50394
50858
51938
49041
50967
50017
48849
49872
50524
51524
49592
49658
49696
51130
49448
49296
50123
48362
49661
49274
49781
49427
52667
50303
51223
49962
50423
48930
50042
50148
48826
50972
49566
49981
50733
50338
50031
49265
50533
49250
50499
49400
48376
51320
49618
50950
51240
51636
51284
49591
51995
48539
49974
48866
50063
48801
50181
48850
51145
50966
50670
49757
50031
49630
49566
51424
50573
51110
48998
49934
51486
51369
48825
50043
49606
49747
49829
50533
49834
50833
47952
49402
52526
49396
50986
48522
50575
49467
50647
49195
50885
49009
50532
48817
50985
48888
50402
51848
49162
49345
51142
49073
52217
51136
49389
49593
50240
50402
51526
48966
51069
48822
50056
51147
49749
48445
47500
50314
50230
49528
51389
50653
50848
50576
50009
49826
51895
48555
50919
51076
52057
48758
48458
49630
50674
47832
50507
51015
49251
49557
49113
49768
50052
47758
49674
49919
50289
49168
51540
47232
50042
49051
50343
50840
51533
50055
48975
49717
48011
47479
50367
49075
49977
50781
50929
49910
49921
50115
50362
50326
51090
48745
50726
49622
50786
50425
50749
49417
49492
49746
49591
50389
50626
48809
49815
49733
49576
49475
49863
48946
50659
51870
49612
50998
50703
49495
49643
48885
49882
50324
50078
47626
51183
49134
48048
51170
48480
50191
50343
50143
50826
49542
50644
50103
50179
51640
50474
50407
48592
49701
49751
50224
49623
49177
52417
49026
48055
50446
50380
48178
50449
49641
49224
50760
49754
49661
48354
49928
48714
50386
48115
47688
51837
52171
49657
49982
51127
49743
51164
50303
50187
48840
50788
49920
51565
49732
49330
52628
50989
51822
49312
50143
50233
48926
47722
49872
50041
49691
49707
49922
48919
49272
48900
48963
48882
51755
49538
51579
48867
48356
48138
49869
50513
50013
51893
50022
49819
50311
51580
48490
50070
50176
49551
48916
51569
50300
51523
50711
51351
50156
48923
50341
51576
49679
50541
49259
51295
49664
48998
50305
49565
49304
48603
49938
50848
48983
49455
50045
50817
51888
49830
50691
50633
49227
50226
49994
48999
49013
50047
49807
49597
49272
50653
49910
48723
50031
50232
51468
48988
49848
49442
49670
48647
51625
49550
49456
51562
50085
50076
49226
51101
49446
50258
50936
51003
50657
48015
50847
50840
51192
48393
48632
50176
49404
50755
50212
48965
51021
49639
48269
50224
48705
51231
51478
50319
48030
49370
50104
49643
50420
47888
50392
48900
50481
47894
50795
50549
50167
48827
50590
49881
49775
50157
49782
50166
48585
49706
51888
51701
49857
49692
48587
49413
49623
50080
50886
50403
48677
51787
50027
50289
50007
50911
47038
49709
48118
49880
49747
50466
49944
48990
50822
48738
50330
50642
50942
50916
49947
50795
50033
50013
50692
49773
49551
48260
51281
50328
50532
49850
49862
50724
50913
49288
49663
50259
50224
51881
50809
49654
49966
49842
50182
48194
49595
50224
50032
50157
50660
49199
49444
52037
49728
49472
48812
49626
50530
49074
50980
50463
49686
51856
51840
50360
49925
49822
50565
50377
49307
49690
49535
49409
51203
49274
50166
49401
49292
49995
51291
50814
49311
50250
50844
49468
49560
49692
51140
50306
49693
49748
51205
50481
49951
48536
50885
51990
51433
50510
48874
49001
51179
52001
51060
50600
51234
50693
48758
50465
49811
50267
50347
51366
50900
51873
50916
49463
50844
50718
48927
49817
49391
50421
50007
50645
50869
49024
51217
51075
49550
49125
50545
51585
49520
49471
50121
49175
50162
48648
52264
49566
48782
49973
51299
49472
50766
50050
49395
50407
50400
50275
49711
50554
50845
51381
49223
49459
50121
48464
50779
49594
49474
49787
50168
49088
49413
50815
49960
50187
49977
51077
49291
49774
50637
49943
50306
49063
48887
49243
50618
49921
50086
48651
48700
50871
49556
50137
47932
50383
50565
50012
50298
50654
51341
50775
49760
49641
48785
49605
50114
50793
49919
50577
50143
49880
50074
49144
49970
48991
50933
49617
48436
50583
50428
50466
50520
50408
49694
48030
50759
49612
52085
49687
53128
49819
48619
52148
50282
51414
49640
49832
48429
49751
49716
48892
50941
48644
50460
50275
50973
49447
50889
50894
49793
49351
49210
50489
51188
48585
49545
51037
51922
50640
50012
48789
48220
49616
49901
52590
52670
49228
49332
50812
49523
51810
48678
50883
52404
50729
50228
50276
50121
49233
51287
51011
50893
49564
49608
50323
49988
50495
50489
49252
49322
49294
50922
49798
51006
49066
49840
48166
50566
49502
51902
50760
52196
48819
49837
49622
49912
49595
49105
49029
49217
50089
51049
50465
51886
50808
50216
49701
48199
50014
49787
50875
50695
49797
49560
48818
49404
49650
50155
49513
48745
49200
50550
49135
51080
48189
49821
50569
48887
50503
50487
50825
49288
49882
48995
48876
50531
49715
51384
50432
48677
51065
47857
51024
50648
51687
49898
48963
50242
52409
50925
50436
50147
48945
50868
48738
51180
50845
49670
50435
50489
50336
50456
49834
49009
50118
50932
48390
49760
49348
50385
50970
48763
49892
50509
50585
49784
47948
50900
50836
49741
49906
50987
51511
48528
50972
50032
50080
49121
50520
50240
50619
51405
50072
49664
49903
49186
49910
49640
50676
49683
49153
49583
50216
50490
49522
48147
49802
49825
49965
49400
49385
50450
50399
50600
48362
49870
50672
50379
50168
49144
49699
50338
50412
48285
50066
50574
50978
49391
50189
50942
47649
51811
48601
50811
51375
51271
50371
49868
50031
50133
49878
51495
50888
48237
50166
51456
47639
51431
49788
49707
52011
50024
50902
49932
50239
48713
49555
49554
50927
49963
48541
52849
49417
49775
50061
51233
50493
50795
49320
49491
49685
50284
49974
47976
49347
49419
51113
50737
50073
50981
48256
50394
51282
50098
51943
49717
50682
48845
48615
49077
49092
48281
49772
51729
50046
51220
50969
51602
50030
48073
50900
50072
50726
48281
50628
50699
50420
47591
49734
51700
51176
51557
50950
50219
50455
50339
49321
51374
48372
50619
49929
49238
47383
50568
50378
49963
50642
50251
50122
49740
49527
48372
49904
50413
50777
49330
50549
49112
49094
49736
49860
48408
48277
49019
49085
49669
52340
50603
50139
51056
49186
50596
50111
48416
50204
50186
50381
50274
51127
51101
50705
49452
51562
48196
50575
49114
50052
49407
51018
50362
50274
50445
51068
49602
50542
51657
49688
48296
50010
50832
51916
49802
49174
50299
50677
49703
47695
49472
49287
48151
50354
49118
50079
49367
50932
49123
48634
47531
49865
49878
50754
50722
50321
49159
51390
49635
48814
50269
49184
50351
49823
50164
48840
49794
50362
49343
52587
49598
48554
50458
50013
49756
51189
48024
50648
51177
50380
50737
51364
50189
49066
50362
48904
48286
48340
50143
48265
49474
51222
48283
48770
49892
48558
49697
48947
51785
49195
52242
51043
49300
50408
50081
51258
49497
50951
50121
48393
49658
48843
49084
51312
50375
50312
51006
50747
49533
49916
50726
49570
49100
49005
51065
50206
48744
50264
50190
51029
49662
49546
50889
51081
50318
51873
49096
51141
49248
49768
49991
49379
49545
49059
49270
48059
49566
49152
51960
48258
50311
50934
50161
50955
50698
50213
51377
50485
49429
50220
49182
48855
50096
49698
50415
51414
51080
50090
49006
51487
49816
51691
47760
52245
48649
49579
49724
49083
50480
50872
49478
47642
49423
48444
49907
50273
49736
50584
48877
51006
49042
49754
49327
50616
50675
48219
49122
48298
51368
50601
48738
49946
50217
50426
49362
49589
50181
48910
51052
52406
50991
50571
48952
50543
49128
49528
49420
49861
50298
48535
49861
49110
49756
50238
50474
49523
50105
50312
48622
50734
49346
48347
50700
49343
48795
50848
51030
50942
49272
49262
51200
51924
49989
49412
48310
50401
49922
49653
49365
50694
50038
49432
49434
49561
49066
50094
50047
49237
50303
49965
49578
49751
49200
49316
50812
49222
50946
50538
50681
51681
49241
49505
50982
50911
48173
47872
49858
51380
50236
48806
50739
49292
50900
48972
50585
51487
49186
49608
50349
50182
51031
49927
48918
51275
51287
49857
50484
47985
50190
51035
51556
50392
48842
47839
49591
49882
49183
49181
48987
51755
50544
48282
50066
49684
50198
50581
49121
50080
48948
49991
49397
50321
49699
50866
48287
49621
50645
50280
49419
49293
50769
48139
48485
50488
49314
50170
51630
50513
47303
50658
49672
49312
49169
50842
50890
48441
49808
48004
51164
50251
49356
50675
49375
49066
50066
50936
51717
48758
49726
49777
50103
48922
50835
49844
50425
49001
49440
49497
48308
49661
47610
49498
48842
48133
51703
48121
48899
49081
50937
48890
48445
48826
47564
48644
49619
47844
51322
50921
48338
48786
50132
51197
49013
49497
50676
51761
48629
50387
50792
48811
49820
50146
48220
49840
50361
50782
49137
53111
51857
49394
49681
49224
50151
50997
48863
49386
48963
50942
48697
51269
48893
50687
50087
50505
49970
49371
52267
51145
49042
51666
52387
51041
50239
49707
51168
48768
51555
50741
50134
50635
51160
49366
50709
50801
50169
50331
50088
49750
51157
49532
50148
49676
50383
49097
50814
49562
49827
49089
51409
50863
49062
51397
50797
49899
49874
48701
50551
50241
50323
50780
51342
50591
50836
50454
49539
50903
49898
50013
49402
50304
50799
49361
48237
49337
51249
48780
50044
48556
51603
49530
51350
49015
50939
48358
49758
48524
50621
48430
49225
50688
49483
49455
50324
49540
50447
49373
52824
50256
49815
49381
50142
49176
49533
49795
49176
48255
49412
50018
51422
49049
51152
50644
50185
50324
49465
49927
50061
50225
52058
52305
51846
50442
51592
52194
51429
49711
49699
51268
49441
49564
51674
50188
49003
50477
48255
47930
47853
49858
48631
51184
50232
49307
50070
51118
48676
52424
50591
52037
51259
49973
48328
51584
50625
51060
49274
51252
50181
49877
51398
49903
48986
48943
50101
48634
49073
49208
49728
49595
50529
50631
49278
49034
50541
50723
51126
48662
49949
49121
51961
49787
48990
47620
49898
51779
50572
50479
50846
49562
49645
50694
49992
49841
51125
50822
49579
51176
49444
49209
51881
48188
50081
48597
50823
49711
49168
48849
50035
48886
49259
49736
51378
50098
47754
50199
49548
49014
49121
50856
48486
49061
50574
49958
51797
50183
49056
51788
51448
51731
49744
48903
48582
49358
49834
49389
47883
48680
49981
49874
51617
49738
50224
49843
48980
50704
50559
50060
50104
50202
49951
49305
51597
50404
49956
50188
50427
50144
49755
49040
50691
48833
49964
50409
50601
49026
49208
49409
50439
49722
50597
51018
50661
49070
50977
51249
51086
49416
49391
49357
49717
49637
50045
50663
51589
49571
50002
50900
51178
49977
51025
49357
48998
50282
48867
51476
49200
49460
48160
48634
50221
50942
49879
48405
49401
50989
49874
48984
48729
50696
49518
49600
49992
48545
52142
50144
51501
48931
51077
49515
50358
50758
50304
51633
49316
50547
51252
51205
49826
49376
49900
49637
51713
50021
50495
51179
50279
49239
49422
48706
49486
51348
49609
48434
50237
46961
50083
47850
50047
48751
50113
49965
50345
50006
50273
48944
49089
48575
51463
50441
50056
50573
48745
49518
49087
49193
50099
49121
50674
49903
49856
50117
50882
49631
50148
52046
49120
47889
50414
49815
48866
49752
52061
49617
49668
49866
47961
48460
51831
50240
51503
49665
50977
50251
50425
48311
48913
47180
50953
49400
49551
49868
48433
48393
50454
50327
49634
50182
50807
50088
51204
48712
48480
49167
50862
49856
50654
50352
50048
50477
51174
51265
49967
49367
51123
51216
51032
48683
51074
50817
50233
49893
49416
51243
49548
52131
49632
51587
49150
51533
50917
50076
49425
49262
48844
50366
49949
48410
50879
49025
47959
50143
50185
50140
48945
49627
48778
52159
49990
49071
50830
47851
49513
49186
49970
50816
50526
49091
50320
50644
50978
50526
49837
49463
48356
49571
49275
49458
49737
49996
49735
49893
48836
50349
51583
51347
49265
47949
48983
49222
50438
50136
48247
49318
51107
48822
48656
51552
48675
49464
49157
50333
51238
49557
49976
49085
51854
50547
49443
51422
50211
48195
51242
51288
50579
49288
48814
48495
51252
50204
49067
51160
50092
51225
50380
48418
47662
49298
51899
49425
49984
48178
48786
48878
52039
46922
50120
49756
51488
50027
50377
49646
49688
49513
49494
50153
50756
48836
49999
50410
49859
51873
50721
51455
50190
48506
49058
49158
49706
48600
51089
49772
51323
50944
51547
49645
48946
50681
52077
50884
49226
49318
49750
49961
49243
48882
52672
49811
49409
49575
49538
50079
51474
50559
48884
48039
50571
50157
49378
50135
49469
48934
48643
48835
49854
50524
50741
49771
50133
49476
50083
50552
50113
48058
51062
49617
50418
50624
48936
50472
49786
48614
50140
50396
49420
49738
49096
51246
49477
50315
51715
50811
51313
49202
50133
47883
50374
49080
48706
51739
49483
48429
49261
50417
50208
50530
49508
50711
49289
48345
51122
50940
49310
50371
50915
51497
50766
49068
49183
47496
48199
50560
49848
50961
48597
50574
49364
50932
48187
48947
48695
50397
49712
49211
48101
50862
50304
48480
52259
50408
49713
48738
51611
50664
49907
49481
48218
53078
50274
50603
49604
50400
49587
48792
50674
51336
50255
50308
49678
50309
51156
50218
50621
49034
50633
48877
50388
50182
48915
50581
49507
50704
51511
49590
50810
50896
49794
51794
50804
47801
50455
51516
48069
49194
50241
50681
50881
49340
49676
51322
49618
50489
48938
48914
49034
49958
49467
48880
48445
49463
50882
50342
49405
50685
48679
49142
50639
48930
51754
48975
50994
50103
50786
50385
49495
48751
49600
49418
49126
49833
50600
49483
51352
49700
50674
50007
49003
49812
50322
48685
50123
51130
50146
50419
50514
49478
50189
50750
49192
49500
50668
48895
49867
48938
49371
49760
51147
49522
51215
50449
49649
49719
50257
50432
49614
48873
48727
50133
49210
51805
51047
49941
49817
48484
49110
49987
49454
49698
49225
47608
50156
49371
49930
51091
51027
50599
50671
49364
50919
49675
52311
48741
49434
51134
49643
50045
49383
48729
48253
49618
49213
49792
49929
50257
50142
47893
51016
48797
50989
50607
47941
48555
49364
50792
49898
50628
49696
50133
49969
50603
46933
48198
51199
50336
48757
50877
49171
48112
49903
50674
49258
50832
49155
49247
51646
51954
50670
50915
51155
49271
47827
49636
52748
50467
50045
48189
49504
49440
50240
50539
50939
51336
49524
50098
49503
49521
49751
51061
50205
50492
48558
50204
48951
48942
51180
47812
48803
50245
51434
50403
50785
48962
49678
49841
50906
51493
50057
49468
49497
49503
49882
50080
50591
49616
49922
50642
51148
50900
49849
49635
48411
49527
49805
49869
49097
50994
50841
48494
48497
49989
49310
51741
51070
51465
49528
50641
51646
51131
51632
49623
52384
46986
50057
49889
50160
50775
48062
48613
50069
52258
50649
50545
50629
49228
51007
50592
50458
47917
50055
48494
49019
50050
49459
50100
48679
49122
50153
49040
50464
49848
50821
50090
50087
49116
48726
50691
48782
51446
49198
50984
48575
49630
50725
50254
49787
50554
50555
49062
49585
50449
49530
49827
49806
48906
49928
50644
49413
50591
49151
50301
50092
49816
51505
51782
50679
49882
49936
48184
49783
49048
47650
52074
49047
51337
49427
49778
51270
50410
49434
49626
50577
48937
51905
50953
49819
51094
49395
48952
50577
49965
50248
49178
48315
49850
51028
50441
49933
49028
50458
52375
50309
49914
50015
49291
48391
50401
49534
49519
48803
49490
49725
50673
50637
51916
50172
51585
49531
48723
49479
50999
49627
50363
49812
48810
48065
50740
49824
48093
47938
50402
50554
50175
50684
51280
52042
50538
50046
49896
48697
48749
50848
50684
49471
52595
48503
50426
50668
48213
49620
50958
51018
51153
50094
50655
50678
51512
49440
51520
49841
49048
49024
50428
50031
49320
49672
49802
53138
50852
48743
48527
49732
48610
50275
49771
50405
49223
49384
50773
47422
51429
50066
52246
50155
50935
47644
49822
49940
50597
49988
49895
50143
49074
49966
49179
51292
50537
50796
50367
48313
51143
49226
51182
49630
49821
50127
50272
49560
50691
49801
47088
49697
50357
49900
50903
50002
49329
48888
51436
49897
50706
50191
48652
49778
48605
51031
48562
49647
51879
50272
50587
48708
50732
50375
49789
50572
50132
49776
51722
52028
49694
48865
50135
50332
48322
49912
48841
50670
49061
51526
50145
50392
50330
50256
50468
50167
49301
49770
50667
50990
49871
50959
50556
49813
49756
49483
49773
50626
49579
49680
50864
49780
49937
49908
49365
49414
49204
49322
51204
49126
50576
49474
50733
50814
50506
50244
50862
51268
48079
50234
50345
50400
50488
50056
52273
49682
51378
49324
49848
47673
48325
50829
51082
49722
50480
50626
50011
49257
49517
49923
50636
51325
51005
50913
51134
50145
49002
50182
48844
50060
50213
49863
49162
48284
49862
50435
51031
50345
48344
49307
48587
49136
51272
49462
49261
50172
50678
50213
49368
49570
49278
49834
51141
49634
49589
50580
51219
50139
47901
50594
49939
49164
50083
48577
49582
49092
48385
50553
49578
50540
49602
50538
49730
48442
49569
51414
49230
50212
48159
49058
48938
51140
49403
51017
51130
49993
51924
49295
49805
49735
48471
49678
48773
49649
49758
49919
49039
49425
49027
48756
50120
51142
48659
48780
49790
50975
50183
49487
49493
48096
50547
49746
52124
49878
50190
49287
49529
49006
49363
49274
52207
49777
51223
49684
50874
51006
49994
50577
48711
49876
48907
49526
49670
50093
49077
49551
50523
51075
49829
51648
51034
49979
50321
49052
47978
51035
49474
49859
48856
50256
51074
49982
48926
50922
47337
51171
48747
50591
50194
49782
47770
50128
50064
49336
48321
49718
50226
49715
50803
49913
50620
50459
51712
50595
49591
50060
49201
48293
50200
48169
49503
49430
49829
50975
48757
48490
50772
48956
50295
51036
48941
50363
49830
48286
46897
51542
49412
48708
48627
49717
50642
49323
50055
50214
50651
49795
49604
49236
50118
52135
51322
50304
48494
49959
51310
49745
48423
50503
50765
48877
49542
49785
49845
50043
50494
49753
50850
51211
50136
50768
52846
49964
49227
49692
51954
50156
50432
50609
48618
50455
50485
48800
49674
49369
51286
50824
48119
49981
49332
48734
48539
50594
48874
48875
51139
49563
50125
47864
50423
49265
50094
50618
50881
50544
50918
50762
49167
49636
51324
49759
49331
51195
49836
51751
50214
50046
50127
48696
50945
51173
48199
50739
50280
51033
49301
52243
50714
49877
50322
48364
50771
49795
48474
48905
51018
50399
49957
50029
51465
49867
49641
51211
50433
47745
49576
50088
49141
50929
51052
48674
49293
50104
48938
48516
49068
50096
50452
49118
49978
48274
50788
49196
49413
50864
50770
49325
50338
49847
48841
49885
50652
49236
48098
49949
49703
49981
50438
50751
50149
49585
49309
49536
48309
49666
52123
49215
49725
49204
49643
51423
48925
50091
50593
49365
48830
50515
50429
50963
50480
47954
49059
49346
49326
50288
50271
49228
49023
51376
48929
49449
50564
49540
51240
48619
49536
51151
49869
50415
49799
49102
49716
48608
49888
50003
49327
49417
49642
51416
49546
50953
50681
50463
51384
49651
51083
50362
50381
49606
49589
51149
51378
50531
51633
50259
50538
52396
48734
50944
49200
49869
50207
50137
50511
51467
50916
50249
49196
48767
51197
51487
51204
48493
49141
50072
51318
49825
51489
50203
51218
49739
49635
50529
49947
48996
49209
50843
49097
50056
51437
47973
50033
48513
50724
49524
48925
50711
48766
50361
49812
50138
48982
49729
49610
49345
49972
48552
51643
49462
50366
51455
48189
48687
49585
49028
50996
51126
48019
51602
49480
49377
50818
52380
49687
50315
52334
51589
50564
49774
50110
50251
49494
48796
49124
49087
49177
48023
49873
51024
49202
51438
50604
50932
49266
49207
52368
51094
51178
49205
49320
49316
50331
50682
51373
50840
50058
48885
51837
50861
49913
50362
49831
47989
51615
48904
50372
49932
50077
49465
48101
52039
49521
51045
49524
50005
50054
49776
50842
49465
51529
49218
49432
49777
49070
50099
50801
49512
47932
50679
49701
49111
49341
50036
50735
48811
50834
49318
49047
49420
50760
49170
48527
50621
50299
49792
50675
51477
51813
50380
49847
49947
51496
49494
48987
50561
48198
50367
48831
50865
48979
49782
50295
50164
50123
47820
48606
49906
49419
49801
51100
50337
50170
51568
49144
51073
49469
51520
50489
50932
51331
51871
50100
51604
51381
48212
50113
50958
50716
50035
48833
50027
49756
49143
50538
50283
49893
48699
49411
49189
49171
49247
50689
50050
50569
49462
50194
49815
51186
47033
50636
49040
50873
50493
51010
50907
49449
48235
49093
50165
49670
49077
51681
50531
48184
48355
50497
47865
52336
49738
49990
50505
48698
50636
50178
49452
49978
50328
49802
50698
49302
49920
46613
52147
49851
50708
50311
49774
49315
49022
49048
49333
50587
51108
50658
51611
50932
48553
50871
52218
50245
48366
49216
49687
49756
50004
50410
50691
49823
50374
50099
49460
50037
50082
49830
49490
50272
50855
49553
49205
49205
49308
49700
49860
50024
51280
48510
49950
48958
48716
49483
49821
49863
48891
49622
49421
49363
47555
50704
48703
49924
51409
51924
48792
49250
47772
49221
49782
50102
50648
49751
49444
49303
49964
50425
50129
49450
50310
50628
49484
51240
48571
49460
52536
50073
49055
50145
48409
50588
49908
49219
48297
48939
47271
50142
50565
49840
48997
49588
49343
46535
51057
50103
50791
50154
49551
48694
50156
50078
48687
50593
50320
48830
49996
50617
50137
49721
50058
49138
50691
49518
49414
49424
50438
49129
50199
48254
50082
51505
48540
50794
51921
49722
49383
48977
51271
50864
49978
51038
49798
48970
49625
50336
50443
48887
49901
50712
52834
48499
48348
48275
49966
50480
50464
49199
48489
50372
49219
49538
50082
50568
49828
50824
47719
49603
50099
50710
48768
50521
48918
48032
49340
50781
49714
50033
48933
50281
51024
50404
50095
49218
50842
50681
49196
49977
51162
51380
49174
49524
49558
47843
49300
50592
51477
50520
49239
50082
48375
49358
50649
49594
49857
49517
50936
51115
49739
51666
49850
49740
49617
48905
50100
49556
51520
50169
49428
49576
49095
50743
50380
47625
49694
47411
50049
50449
51242
50932
49970
47895
48618
49115
50044
48433
50023
50730
50164
50524
50865
49299
48142
48826
48980
51136
48786
49290
49800
50580
50622
50873
48318
50921
52130
50282
51835
49566
48122
50344
48961
48445
50747
49646
50172
49295
50336
49179
49508
47963
50530
52560
48957
48779
49182
49535
47807
50381
51484
51076
50320
49272
50670
48797
51753
49389
51456
48884
50065
48619
50877
48708
49916
50014
49801
50709
49907
48402
50358
49240
50428
48594
50524
49771
51583
49929
49224
50591
50960
50851
50710
49325
51931
50938
49373
48122
49041
48362
49411
50686
50009
49234
50542
50603
49599
49926
48100
48157
48892
50262
49697
51526
51328
49708
51692
49732
48438
51467
49149
50530
49464
47766
49612
50281
48699
48597
52213
48608
49550
50291
51607
49458
49854
50627
49274
49353
50445
51518
47987
49237
49942
49300
49220
50098
51547
51243
50774
50892
51156
51889
50136
50110
51638
50167
50189
49040
50105
49743
49671
49448
49992
49842
49910
49242
50235
47961
48951
52284
50063
51308
47812
49940
50228
51503
48614
51330
49323
49768
50095
49504
49686
50161
48522
49191
49679
48245
48773
49361
49830
50562
50062
50783
50610
50499
49609
49911
51997
50700
51099
49957
50258
48949
49176
49951
50059
48684
49759
52104
50924
50216
51656
49822
50893
50154
50316
48026
49647
52095
51637
48953
49433
49091
49329
50382
49629
51043
49589
50413
49914
50482
50109
50737
50454
50221
49320
49670
51183
48689
52096
50788
49426
50007
49906
50966
48499
49378
50230
51287
48291
49317
47549
49542
50988
49721
48499
47815
51404
49350
51616
49767
52572
50967
51782
49441
48850
50825
50644
50705
50898
51150
50632
50310
50741
51699
50276
51140
50441
51224
49993
50498
49999
51307
49050
50615
48815
50502
49372
50248
48953
51191
50547
50334
47502
49003
50106
48899
49355
50086
49449
50946
47486
50571
49415
50360
50326
50952
49707
49579
50343
50438
51548
49200
51258
49901
49964
49018
48691
49962
49485
49723
51277
49749
50679
50597
50784
49308
50669
49335
49730
50085
50048
48853
49500
50160
50791
50753
50823
50625
51298
49080
49599
49206
49479
47290
47985
52084
48388
50591
49559
49496
51403
50797
50072
51299
51200
50170
50099
50494
49939
48803
50749
49742
49524
47542
49007
51304
49326
50417
50718
51884
49861
51661
49167
49424
48759
48542
49660
50437
50106
49964
49937
50361
50381
50518
50498
50209
50550
50365
51015
48647
49124
49528
49112
49140
49341
49406
50965
49457
50593
50770
49655
50288
50441
50480
49138
48264
50618
51942
48025
49865
49298
49476
49600
51267
49682
49707
49440
51801
52297
48875
49648
48395
48959
49637
50376
50953
49593
50731
50664
49808
50441
51007
49149
51677
50593
51056
48957
49853
50511
49384
50299
50822
50449
50177
49516
49752
48676
50583
50687
49939
50614
51040
50891
50159
49644
50907
48610
48494
49881
50831
48801
51263
49895
49760
49264
51501
50256
51237
51570
51878
51761
49186
49674
48402
48865
50095
50843
49051
50060
50961
50862
50435
50112
51017
52196
49706
50027
49422
49528
48806
50834
50331
49346
50291
50234
49491
51296
48955
48701
50148
49344
48445
49138
50935
50821
49311
48262
48448
50752
49004
50894
51065
52066
50300
50399
50823
50215
51037
50168
51494
50263
49678
49841
48511
49081
50363
50090
49750
49146
50232
50183
51237
48946
49691
49160
49209
49909
48523
51860
51197
50713
49337
50201
51085
50449
49602
50443
50246
47948
52157
50317
50476
48804
51205
50813
49081
50687
48644
50261
50249
50000
50569
48844
50547
50593
50429
49747
48563
52491
51387
50976
49973
50784
48422
50058
48908
49939
49962
50837
49460
48931
50013
50624
50510
50885
50384
49271
51759
49063
50946
50580
49933
49215
50862
51381
49492
49505
51628
51750
50391
49350
51615
51432
49990
50540
49039
48067
48016
49563
51065
50192
49721
49978
50886
50259
49141
51580
50262
48321
49446
49755
50584
48846
48142
48300
50678
49326
49166
51652
50122
50824
49428
50562
49422
50578
51383
48267
49126
48847
50456
49759
50470
50369
48517
49934
50341
51276
51926
50790
50049
51056
48951
50303
47758
52066
50259
48937
49729
50083
49654
48751
49657
50054
50150
51560
50277
49029
50380
50148
50281
49651
51255
48197
50320
49621
48634
50651
51495
49690
49464
49365
49953
48255
48387
49457
49786
48386
51742
49775
49148
49108
49058
50355
51429
49284
47828
50428
51982
51509
50982
50750
50688
49273
50543
49715
48620
50543
49870
51322
50930
49825
50515
48761
51690
49923
50916
50740
50654
50015
51762
48983
49801
51313
49206
48688
49369
49841
48393
50973
50000
51339
49421
50974
49780
50244
51777
48555
50420
49130
51149
48591
50769
48887
52572
49466
51909
51189
51193
47462
50571
48470
49208
49530
49902
48843
50703
50304
48294
52805
49985
49509
48931
48797
49503
49976
51531
49868
50880
49890
50385
50243
49002
49239
51095
49974
49233
50080
50854
50418
50552
49494
49857
49986
50709
50814
50250
49604
49695
49158
49089
48457
49682
50626
51559
50245
50321
51688
52047
50363
50806
51691
51236
50807
49316
50799
49981
49641
49531
49560
49668
49317
51542
48800
48926
51502
50708
49629
49766
50333
48465
49763
50531
50807
50138
50555
51149
49004
49902
49614
51181
49218
50987
50056
49018
49270
50286
48319
50096
50316
50623
51984
50783
49641
51080
51816
49890
51467
49300
49045
49214
49747
49707
50946
51385
49275
49902
50727
49411
50793
49369
48667
51737
48468
47807
49426
49374
49584
49017
49689
49928
49555
51015
49649
50566
48092
49636
48828
49289
50340
50552
47958
50029
48942
47851
50446
50040
50079
50144
49869
49852
52012
48790
49567
51288
49890
52200
52223
50001
49371
49546
51528
50685
51045
49930
50168
50376
49322
50186
51186
49468
51515
49682
50604
50043
51095
49456
50980
49469
50444
51463
48843
51864
51106
50206
50727
48606
50246
49846
49210
49682
50429
50887
49504
49735
48893
49976
49641
50247
49362
49993
49587
49308
50687
50874
50619
50171
51545
49311
48143
49013
50037
50051
50647
50711
50339
49683
49337
50816
49428
49552
50802
48878
49949
49633
48609
50299
49554
49465
50047
48919
50002
50594
49813
47859
52316
51813
51542
49515
49621
49933
49797
50250
49025
50502
49840
49208
48573
48918
50677
50378
51116
51960
49357
51222
49811
48521
51932
49468
49445
49586
50094
50008
49779
50819
49499
49466
49834
49774
50659
49095
51582
50457
49773
50987
49920
47562
49003
50478
50204
48800
50914
49840
49212
49563
50952
48662
48517
50172
50319
48919
49369
50200
52090
50930
49782
49310
50228
48500
48618
49547
50968
49369
50147
49487
50499
49675
48442
51742
48171
50938
49517
50086
50390
49822
49876
50554
50050
49669
49915
50649
50203
48205
49552
50420
49695
48166
50815
50428
49762
49183
49467
48980
49661
49374
51487
50581
50067
50114
51353
49610
48837
50133
48846
48820
50085
50511
49998
50358
49470
51993
49832
50794
51721
50196
49304
49643
50947
49564
49853
49936
51377
48940
49133
49399
50193
48454
49332
49512
51808
50403
49860
48808
49721
50317
48204
50548
51597
48845
49282
49075
48897
49432
50029
50963
50692
49323
48951
49659
49749
48561
50301
48541
51408
49667
49346
50053
48276
50899
50310
49765
50616
49953
49297
47714
49033
49288
50199
50494
49663
53132
50338
51258
50009
49455
50692
49797
49604
50787
49509
49771
49089
49073
49204
50104
50434
51681
49914
48913
48149
50907
49353
49912
51217
48319
49643
51474
49105
49356
52870
50740
49644
50042
49885
50314
50905
50842
50298
49658
49370
50100
50327
50035
48309
49773
53055
51420
49428
48438
48772
49631
50835
49653
50645
49944
50900
49679
50556
51530
52413
49584
51219
51039
49984
50410
51633
48846
50089
51216
50729
51050
49868
48168
49645
49481
48823
48169
50481
49161
51100
49891
49188
49424
50798
49448
50205
51552
51512
51146
49280
50126
50923
49967
50052
50499
51383
49938
49340
51665
50675
49008
48361
49131
53025
51795
50831
50122
51651
49805
51235
49925
50771
51772
50195
51527
51508
49514
49199
49884
49885
50624
51825
50284
49017
49192
50602
49737
48269
50370
50968
49488
49130
51049
48981
51215
48477
50628
48762
48895
47876
48875
48965
49027
50366
49865
49913
51687
50216
49246
49475
50251
51439
51037
50076
49881
50073
50829
49040
49436
50885
49073
50766
50106
50722
50379
49656
47984
50163
49314
49822
47901
49530
50252
50621
50333
49180
49932
50285
51307
50571
49468
48577
50509
50323
49586
49667
50962
51204
50029
50086
49789
48038
50098
49354
51393
50876
50602
50391
50331
50182
50466
51334
50173
51157
48918
49029
49232
49725
50103
49921
50252
49788
49351
51092
50441
49280
49464
50414
49227
49724
49604
49361
50268
50339
50160
50055
51331
48469
50971
50213
48019
51971
49863
51407
50204
49309
50300
50508
49853
50397
50882
50596
51110
49990
50229
49490
49841
50425
50924
47863
49686
49462
48886
49525
51030
48985
51000
50914
49092
51491
50552
50901
49289
50542
47950
50383
51533
49982
48575
48553
50963
50042
50214
50482
51407
49638
49730
51418
49789
50165
49766
50136
50788
49918
50534
50146
49326
49140
49447
49499
51222
51332
49702
51333
50736
50539
49341
50432
49313
50050
49077
49548
51137
48631
52778
49468
50517
50158
48401
49502
49082
50065
49995
49960
50407
49410
50227
51017
50683
50561
49913
49902
49004
51256
49648
50212
50591
48935
50052
49096
50169
50995
50616
50386
50005
50294
49771
48581
50592
50125
50420
48801
48902
50271
49757
51116
49688
48497
49664
50018
49962
49948
50354
50949
49297
47923
48042
50669
51725
50958
50779
49766
50282
48667
50302
49528
49930
50141
50266
50734
48232
51733
49595
49822
51325
50649
49818
50329
51242
50125
51223
50118
51644
48281
49794
50996
48930
49731
49424
49946
48414
50796
49243
49674
48407
50572
48466
49317
51172
49885
48187
49046
49547
48512
49903
48979
48267
53167
50361
51000
50009
50133
48985
51083
51155
50137
50586
48198
50554
50228
50500
49369
50865
49021
49235
49107
49116
52324
50687
52276
49574
49895
49339
49141
50252
50035
48684
50959
49310
50357
51134
47938
49608
49310
50116
52885
47864
49558
50883
52083
51265
50762
48191
50082
49329
51514
50651
49647
51227
49073
48351
49277
51116
50997
50030
50316
51201
48335
50628
49446
50029
50088
49191
50623
52042
49215
51448
50649
50274
50063
51582
51315
49695
49916
49835
49172
51130
49305
50448
50440
48868
51804
50820
51185
49642
50618
49827
47558
49487
50708
48709
50772
50290
50715
48916
49576
50064
49834
49118
51609
49881
48433
49447
50236
50019
49557
50541
48611
48128
47798
49503
48929
49647
50416
50969
49142
48554
48207
48634
50458
49833
48535
48335
50883
51093
47909
50313
51387
49030
49948
49917
47314
50104
50394
49402
50374
50824
51238
49773
48903
50268
52350
51089
51239
49876
51969
50550
49430
49902
50648
49952
51580
50193
50421
49195
50114
50493
50150
48683
49622
49983
48460
50997
50692
50265
49404
49730
48055
50306
50187
50278
49291
49996
49416
50438
49319
51327
49551
50972
50101
49950
48750
49786
48664
50465
52615
50428
49017
50897
49987
52197
49028
49578
49805
49615
48152
50398
49603
50517
49605
50584
50567
52954
50994
50153
49994
52505
49933
48861
49524
50625
51034
51661
51533
49393
49215
50135
49741
50054
49867
50892
49682
49951
51026
50409
50113
49961
50949
49446
49376
50872
50712
50668
50677
49679
51522
49473
49112
50378
50134
48457
49189
50455
48675
51569
49434
49612
51805
52012
49130
50257
49611
50226
48726
49558
49772
48509
49056
51356
53060
50152
50972
50560
48231
49932
50154
49614
48795
49460
50069
50024
49694
52501
49737
49848
49215
48771
50771
50064
50662
50466
49472
51226
50841
50429
49186
50194
52159
49138
49788
49200
49663
50985
48655
48635
50356
49985
51487
50129
50531
49785
52492
49885
49204
50110
50481
50503
51189
48624
51765
49970
49420
49500
50048
49609
49894
49594
51642
49079
48849
50923
49712
49306
48919
50304
49628
50623
50271
49653
49022
49566
51333
50993
50874
49772
47329
50380
50319
51679
49955
51671
51026
50663
49838
48900
50618
49913
50374
52480
46929
51038
51204
49416
48833
48496
50230
50168
50106
51010
51080
51520
50144
50480
49017
48069
49527
49443
50430
49812
51427
51628
48677
49180
49347
50001
50020
50762
50156
49871
50880
49932
49427
49117
50205
48500
49613
51532
50108
48210
49480
49853
51055
50339
50469
50022
48338
51922
50161
49886
49636
49763
50058
49938
51290
49558
49585
47499
48822
49255
50790
49529
49935
49978
51900
50193
49889
48511
50711
48955
51157
48865
50429
49730
49404
49891
50932
49165
52061
50537
50089
49925
50064
49605
49128
49540
46997
50903
50844
50067
49576
50967
52683
48369
50337
51580
48373
50274
48541
49614
49169
48509
51167
49610
50283
50565
49779
48705
50480
51538
50942
49711
52159
49410
50100
50293
49832
48917
50772
49286
50715
47859
48662
50769
51156
50219
49659
49339
48371
49682
48950
49376
51511
51537
49571
49215
48351
48819
49048
50691
49128
49687
50792
52179
49171
50524
49736
50836
49763
48210
50218
50863
50369
51460
49917
50576
49445
48372
52201
50585
50861
49260
49117
50334
49389
48499
50865
48947
49775
49939
50117
49653
49729
50738
49132
51156
51985
50250
49949
48995
50407
49651
49836
48961
51719
48518
49720
48371
50635
51483
50090
49822
51041
50714
48239
49402
51005
49962
49685
49033
50577
48720
49799
49600
50220
49064
50459
50140
50505
48882
48983
50310
51737
50243
49303
49884
51993
50657
49613
51500
50943
48654
48791
50319
50073
50285
49246
50261
49429
51068
50259
50773
49566
50281
50717
50250
49929
50293
51795
48917
49819
48738
49971
52039
49183
49273
47654
52259
49452
49869
49042
50349
49100
50981
48856
48552
52177
49491
49245
49462
49082
51070
50449
50962
48499
49671
48975
50473
51674
49054
49810
48328
49622
47842
49698
49753
50751
49794
49479
50066
49184
50476
49944
51084
51687
51328
50329
50217
49771
49689
49378
50352
49316
50612
49459
50157
48906
49538
51242
50148
50044
50206
50681
51108
48654
50395
49929
50793
51596
49989
47901
49447
48644
50575
48675
49022
51148
48992
49823
49777
51224
49634
51388
50303
49136
49291
49555
50263
49824
50391
48599
47850
49162
50271
48987
52645
50260
49570
50309
51746
50114
48311
50042
50572
49410
50127
50331
48274
49268
49229
49089
47885
50513
49652
48930
49690
52787
50794
50367
48586
50440
49052
49810
48964
50316
49758
51029
49226
49215
51481
51408
51271
50251
50111
48486
51203
51133
50819
50855
50052
49095
49632
52251
49470
50510
51395
50591
49982
49399
49609
49737
49252
49738
48086
51058
52342
48889
50809
51716
50763
48910
48943
