48990
50324
47268
49190
49718
50830
49799
50243
50591
50904
49895
50070
49761
48730
49647
49103
48704
50598
51029
50340
51037
50651
49618
51532
48900
50176
50536
50290
50007
49485
50655
50097
50786
50054
49792
52013
50284
47411
49107
50254
48928
50196
49460
48676
50973
49763
50655
49169
49720
49879
50989
50702
49631
49311
49222
49301
49665
49749
50120
49420
49330
48844
49867
49412
49841
49545
49300
51132
50924
49623
50385
48842
49671
50143
49352
47837
49252
48429
49633
49617
49212
48368
49408
50412
51188
47521
51459
50012
50750
47493
48556
50142
51474
51537
50701
51148
51235
49078
50748
49468
49519
49981
48935
49500
48595
47489
50241
51263
48840
48964
49888
51957
51170
49167
50358
50231
50440
50506
49296
48100
50810
50434
52450
48657
49551
48004
50574
51683
49600
50654
50175
51642
50511
49051
50101
50617
49238
50129
50627
50240
49473
51689
48940
49223
49593
50972
49788
51162
50160
48739
48831
51425
50871
51378
50500
51290
48806
49141
50461
49619
49514
49734
51103
48681
51913
50233
51148
50674
49574
50720
52141
50166
50802
50282
52256
51210
50025
48849
50655
48055
50009
49713
50643
51192
49748
49091
50916
51133
50248
48710
50509
50369
48775
49322
50229
51112
49644
52650
50198
49154
50817
50422
50637
49417
47812
50909
49733
50288
49384
51521
48515
49450
50507
49726
48230
51491
49569
50817
49941
50097
47956
49342
48877
49717
49571
50725
49039
51610
49529
49640
50786
49790
49698
50297
50045
50231
50353
49985
49192
49307
49701
49715
50077
50522
51026
52629
49053
49805
51819
50026
51507
49323
50125
50917
50976
48768
51553
49015
49098
48225
49896
49703
48439
48826
50012
51173
50179
49911
50056
49680
51337
48982
49137
49542
49817
50973
51677
49229
51366
49875
50313
51982
50366
49784
51436
48850
48883
50035
49719
49737
50277
50615
51139
50762
50401
50838
50053
51313
49437
49057
50395
50572
49354
48796
51328
49626
49180
49068
48893
51788
48959
49604
50872
51801
49165
49729
49663
50173
50104
50581
49651
49192
49411
50115
49513
49844
51889
50488
48862
49712
48963
50711
49578
50547
49910
48413
49843
50368
50300
50949
51211
50384
50079
49827
51350
49356
49617
48143
49098
49971
49577
49417
50670
50689
50294
50359
50320
49994
50527
49977
51535
48444
49290
51536
50521
49645
50757
50233
49666
50097
49561
49689
48924
48343
48875
49182
52579
49478
49109
51311
49724
48992
51440
49682
51067
50545
52016
51917
49997
50449
49514
50191
50634
52104
50802
50689
50875
48952
48660
49742
50478
50993
49408
50583
47497
50472
50908
49643
50475
50137
48028
50841
52111
50210
49705
49183
49940
50645
48828
49045
48923
50275
50606
50407
50092
50392
52383
50238
50067
48978
49105
50406
48041
50428
48383
50205
50179
49423
49837
49258
49312
48496
51149
50172
51207
49710
48722
49891
50266
52000
49354
50844
48830
49113
49872
49417
52089
51143
50160
49062
50017
50391
52637
49546
50357
49912
49732
48505
48701
51084
50963
50565
50376
50109
48968
49909
49895
49076
49964
50966
48066
50036
50808
50065
49925
50242
50337
50117
48863
49885
50744
49886
50108
48843
51325
48880
50704
51183
49534
49587
50272
49241
48589
48332
49588
50205
49059
49789
49090
50153
50414
49552
50279
49969
51481
48750
49431
48548
49301
51160
46894
50097
50504
50800
50791
49272
49293
50585
51334
50846
50371
49414
50091
48719
50523
50750
50615
50645
49788
48030
49788
48857
48173
49350
50686
48001
50884
49884
50910
51035
49129
49518
48734
48990
50102
49699
49037
49208
50026
50450
48604
50058
50341
50186
48494
49449
52052
49034
50055
48511
48889
49876
49316
51004
51391
51383
50760
49986
49259
49395
49546
49398
48892
50915
49783
49576
50310
50956
49747
50180
50662
49294
50969
49432
50788
48582
50188
49794
51183
49804
50190
49875
50075
50316
49558
49842
49045
50718
49008
49595
50599
49008
48819
49981
49258
51121
50327
49269
51719
49895
50602
49529
51127
51531
52522
49981
50526
50962
49195
49151
50608
49400
48572
48609
49725
51295
49655
50054
49073
51390
52230
52224
50085
49625
49942
51092
50419
50101
49611
49199
47837
50264
49323
50587
48966
49435
50769
50408
50716
51132
49846
50568
50510
50668
49972
48790
50506
51045
48634
50229
48966
49634
50245
50112
49972
50581
49144
50125
51458
51359
51083
50430
50387
50577
50066
50704
49821
48610
49089
50246
50271
49888
49404
49722
51782
48216
48831
51178
48979
51393
49151
51091
50129
50538
49624
49971
51543
49098
49839
49718
51263
50908
52105
50746
50432
49985
49524
51347
51300
49948
50107
49609
49204
50615
50100
50165
51307
49536
49067
49779
50140
50720
50567
49714
50083
49988
48200
50656
50171
49692
50526
50114
49281
52275
50928
51017
49479
50728
50221
50378
50606
48302
50233
50735
50611
51493
49052
50817
50324
50445
50142
48822
49645
48487
49461
50899
49461
51200
50221
48975
48889
50512
49819
48912
50670
49686
50161
50779
51397
49189
49986
50681
51328
49842
51372
51286
51936
49986
49034
50119
49983
50426
50312
49396
49352
49834
50056
49494
48738
49664
48819
49827
50535
51349
51601
48709
49507
48395
49028
51231
49248
49638
50587
49295
50109
51011
49842
49425
50700
49484
48017
49629
49586
49487
50747
49846
50794
48803
49330
51179
49514
51179
48903
50065
50157
52096
50036
49026
49347
49666
48643
49720
48930
49831
50802
50913
48727
49755
49720
49803
50542
50695
50295
51211
51114
50334
49537
49218
50800
50209
50296
50705
49674
50053
49774
50807
49498
49889
48264
49337
51150
48896
48536
49569
52012
48233
50577
51365
48877
48498
50448
50951
50522
50512
52208
50299
50192
47206
49046
50729
47491
50145
50644
49753
51475
50992
49390
51565
52215
51246
49382
51660
50344
50452
50988
49948
50491
50345
49043
49619
51149
49644
50019
49644
48871
49458
50431
49163
50057
49652
50892
50723
50264
49133
50518
49466
49143
50628
49802
47048
49341
50589
49156
50208
50057
47682
50628
49722
49980
49701
51991
50985
48857
48794
50238
49308
47151
49491
49535
52532
50742
51047
47391
50463
50131
49143
50085
49846
48459
49756
49898
49819
49358
50226
48423
50667
49876
50393
49835
50602
51274
50202
50718
51054
50538
48728
49702
50852
50544
50053
50063
49517
49451
49058
49044
49690
50389
50271
50616
50290
49891
50164
50433
51203
51055
47106
50905
51027
50305
49858
49867
50075
49052
51343
51717
49373
49415
50337
50905
49160
51670
51732
48163
50710
51325
49452
49198
51171
50627
50316
49490
49901
51222
51346
50534
49905
48381
50290
49074
51214
50458
50098
50968
50440
50055
48490
50466
49820
50669
49773
49825
48352
50691
48228
49118
50891
50790
50012
49792
49420
50130
51074
48609
49079
49768
49086
50110
49930
49638
49172
49448
48912
49354
50231
50669
51601
50636
49709
49975
49584
50159
50221
49906
50176
50086
49048
50795
48390
51357
49595
50348
50544
49196
50280
49443
48607
51165
51249
52272
49536
49681
50864
49739
50235
51600
49678
49105
49457
50046
50166
49412
48720
51250
50303
48457
49481
50901
47973
50768
49424
47950
50339
50344
49658
51826
49918
49362
48701
51124
50230
48757
49491
50597
49038
50312
49636
50703
48440
50300
51206
50632
49697
50846
50606
50575
48926
50521
50058
49065
48966
50682
49835
51050
49196
50330
50475
50720
48975
50981
48338
49342
49607
50385
50200
48085
50321
49790
50623
48856
49940
50848
51734
48689
51090
50741
49273
49040
49791
51080
47978
49305
51540
51324
49494
49275
49764
49757
49837
50550
49477
49249
49255
50520
51249
48704
50779
50136
51178
51102
50245
50874
50929
48749
49149
50222
51195
52023
50178
49112
50448
48276
51094
50826
49419
50818
50778
48836
49351
50711
49460
50582
50294
50886
49616
48927
49699
50905
50339
50308
50058
49377
50984
49591
51603
50497
49655
51795
50621
50427
49603
51106
50544
50353
49815
49556
51174
50148
51172
50081
49131
49851
49298
50922
50039
50711
49788
51355
49289
48197
48770
52116
49130
49822
50899
50573
49827
49023
48829
50076
48092
48480
52420
49364
51424
49798
47767
49712
50366
51425
50890
49514
50789
50401
49679
49728
49160
49939
50008
49316
48813
49752
49946
50427
51090
51353
47213
49792
50301
50075
50234
49931
50347
50307
49997
51373
50882
49475
49970
50611
50659
48995
50253
50009
50229
52488
49699
50433
50203
50211
49869
49258
50311
49402
49334
52243
48780
48370
48281
48883
48372
51287
50549
50094
49378
50591
50081
47501
48272
50151
50100
49753
49109
48055
49045
51313
49736
49939
50869
49255
50244
51175
50470
50033
49823
50079
49068
49365
49712
51843
47601
50009
50438
49766
48843
50883
49650
50408
51061
50046
50077
49517
48882
51222
48892
49627
50536
50174
50822
50151
48158
50362
50798
49858
50223
49315
51163
50558
50704
51622
48038
51024
49371
50021
51373
50701
50701
49063
49273
49697
49182
51144
50780
51732
49599
49011
50726
49772
49804
51961
49704
50223
50547
48927
48622
49273
51796
51223
49365
50878
50611
48902
49708
48890
50626
50226
47908
52388
50430
50223
49514
49277
48496
50430
50049
48998
51596
50397
49481
49111
49364
49280
49844
49993
48741
48995
50506
51491
50480
50815
48965
49462
50369
49543
50779
50886
48115
50838
50175
51420
49768
49397
50060
49134
49256
49667
49356
49111
49503
50973
52290
50151
49765
50556
49979
49301
48723
49009
49779
49687
49803
50160
47776
48634
51603
48586
50571
51162
50080
50333
50226
48121
49899
50180
49986
48487
50084
50670
48899
50190
50720
48477
48753
47737
50247
51783
49142
50251
51156
49809
51379
51949
50176
51834
49253
49100
50812
50490
48683
49559
50522
49992
50918
49562
50399
50487
46566
49988
51097
48843
50568
50340
49313
48662
49343
50092
49544
50916
48263
49853
51231
49165
50527
48683
49001
48964
51039
49404
49701
49433
50331
50769
51995
50847
51743
50413
51460
49991
49709
49369
49829
49425
50703
48274
50435
50369
50169
49432
49637
50169
50033
48353
50102
49385
49646
50324
49586
49095
49371
50623
51311
51693
49019
48011
48742
49042
49789
48935
50752
48806
49927
49378
49742
51078
48099
49876
52019
49754
49550
47582
50457
48346
50538
49751
52241
47723
50101
50689
48427
51206
50094
49607
49664
49969
49509
50604
49378
47733
51019
50833
50024
50416
50610
50421
49143
48712
48189
49360
48766
51019
50844
48680
49992
50247
49699
49250
50898
50210
49583
50979
50668
51114
48697
49799
50635
48493
48811
48953
49044
49496
49988
50749
48474
50445
49985
50782
48868
49768
48439
49522
51484
49642
50352
49816
50317
51388
51022
50069
48492
49548
51897
50348
50652
50105
49798
50192
50002
49268
49216
48772
50004
50575
49191
49536
49477
48968
51118
49749
49547
48467
50491
47633
50038
49290
49291
50170
51299
50924
50199
50327
47766
52451
49789
51280
51379
49679
48357
49938
52796
49582
49338
49364
50821
48956
49245
51538
48814
50916
50273
50990
49497
51917
48950
52156
48074
49707
51458
49052
50185
50049
50216
48387
50988
48536
50413
50924
50207
50224
49123
50365
51010
50989
49186
51024
50967
51854
50415
49975
51041
49578
49879
50862
50769
49068
48988
50961
50721
50052
50641
48003
50330
50112
51573
49596
50725
49754
49648
50246
50311
49141
51262
48814
47535
49366
49521
51787
49713
51882
49919
52625
49220
48558
49439
49540
49674
49732
50647
49526
50057
49530
49711
51542
50344
48808
51862
50266
48840
50271
49838
48772
50311
49502
50523
51068
49616
49310
50574
49955
50238
48336
49897
49057
50324
49973
49531
50550
49171
49228
50255
48633
49810
49880
48023
50390
51027
49528
51690
51876
50771
50138
48844
50536
50166
49764
49205
49433
48864
51548
50917
51364
50711
50652
50929
51628
49447
49838
49673
51005
49875
49697
50540
49725
50418
47889
51194
50040
49055
49536
49287
50616
49854
53254
49371
50148
50983
50769
51461
48075
49505
49631
49803
49731
49617
50570
51230
50283
49573
49580
50495
49864
49460
49237
51803
49668
50017
51050
49606
50671
48535
49760
49815
49874
50225
48222
50646
49529
49497
50528
47741
50631
48733
50205
50675
49424
49961
51168
50289
49292
50075
49515
51360
49403
50973
50109
48650
50553
50523
50223
49890
49220
50734
48199
48684
49543
49716
49234
49629
50023
48667
49296
50334
50300
50125
49383
50275
48795
50877
49024
49741
49798
50151
48107
51113
50722
49942
51069
49451
50848
50474
51362
48879
51256
50032
50995
49287
49189
49758
50715
48793
50725
51616
49504
51304
48694
50428
50891
51360
47483
49304
49234
52220
50383
49582
51468
48298
52056
49856
49082
49346
50497
49615
50290
47772
49757
51411
49426
48731
50727
50249
49627
48909
49373
50129
48918
48661
51330
49333
49927
51451
49056
48569
50132
48851
49291
50138
49310
51950
50263
48828
49394
48649
50665
51363
51480
50748
49908
49786
48790
48667
49276
51455
49654
49313
50068
49038
49241
51976
50831
50170
49676
48996
50880
52231
50621
49659
50411
50398
49740
49101
49358
49493
51449
51368
50545
48593
49729
49241
47906
50376
49030
49969
51557
50217
49364
49045
51155
49496
49802
51225
49084
48172
49446
49678
51368
50031
50041
48909
49651
49445
48266
50589
49659
47401
50880
49685
49769
49859
51244
49425
49798
50669
49630
49772
49387
49216
49956
51879
51211
49184
49785
49885
48710
49221
49261
51249
47976
49508
50934
50906
50329
49885
48971
50922
50379
50429
50542
50659
49974
50026
50178
48686
49070
49302
51783
49639
48357
48813
49650
50635
51415
47928
51121
49620
50686
49237
49439
49386
49212
51422
50668
50608
51166
50093
51696
51672
50812
51077
49433
48884
50295
48690
51462
49663
50207
51155
49744
48976
50593
49462
51222
50018
48919
50841
49754
49021
49238
49711
49163
49020
50088
49564
49830
49413
49218
50278
50055
49496
51766
50051
50685
48453
49117
49372
48765
49582
50587
48419
49296
47751
50528
50109
51983
50209
49894
49308
51163
50462
50837
49428
50999
50143
50197
49536
49606
50813
50170
50620
49415
50413
50434
49638
51394
49768
49236
49375
48876
50903
52218
48548
50129
50154
50727
50194
48990
49161
49255
49517
49396
50941
50015
50189
48317
50392
50632
47637
51781
49374
47500
50744
49788
48560
50037
50367
50130
50465
48794
49746
51574
49134
49273
49863
49590
48335
49998
51301
51120
51199
47917
49562
49876
51526
51578
49006
49087
49285
50710
49475
51055
51049
50295
53224
49627
49315
50852
49218
50398
48495
51408
50146
51424
49972
49004
49434
50349
50050
50681
49619
50285
47781
50400
50267
51547
48939
50544
50642
51095
51018
49739
49492
50725
51198
49599
49438
49504
50574
49546
51558
49162
48615
50438
49346
49178
49241
51528
48978
49267
52278
49962
49443
51463
50454
49507
49195
49933
51527
50095
50657
49449
48745
50760
50942
49085
49210
50109
50302
49386
51035
49094
48445
49668
50438
48714
49193
49674
48874
50635
49996
47606
49182
48742
50377
51159
48243
49520
49751
49578
50363
50541
50299
50544
48672
51014
48691
49676
50404
49321
50775
52488
49272
50184
50919
52077
50273
48180
50353
49053
49047
49107
51260
49720
48955
50100
48337
48470
51963
49808
48277
49248
50941
51835
50120
50047
48043
49328
51056
48722
50933
49685
48544
50138
50708
51040
49916
50049
50441
51300
50929
50411
48264
49167
48936
51463
48746
50594
50989
50974
50767
49885
47409
48873
51401
49915
50935
49596
50368
50635
49670
48528
49523
50884
51498
49040
50625
48297
50007
48811
51179
50942
49127
50830
50336
49669
49301
50518
50509
49393
49532
51791
50484
50124
49533
50026
51402
49213
50381
50042
49900
49885
50542
50514
49343
49606
49496
49663
49048
50697
50766
50153
52154
49615
49788
49368
50438
51927
48688
49758
50452
50327
49684
51344
50555
50795
50232
49276
50020
50915
51440
50947
49877
51219
49152
50482
49595
51561
51583
48030
51558
51947
49289
50677
48859
50447
50546
49567
50460
49927
50589
48843
49796
51154
49597
50941
48186
48384
50606
50620
50441
49904
48799
49206
49535
48889
50202
50134
50729
49369
50572
49779
49454
50008
49850
51060
48713
50012
48606
48641
48376
49041
51994
51053
50517
53334
50398
48368
51758
49334
50151
50551
50133
48573
48705
48694
50020
49635
49227
51223
49860
50757
50885
50076
49496
50590
50401
51881
50421
49628
51887
50257
49837
51523
49612
50094
50144
48902
50417
50282
50092
50030
50507
51648
50572
50038
50905
48825
49797
50599
50733
48835
49189
49042
50252
51470
49953
49799
49380
50113
51487
52059
49328
51058
50704
49078
48587
51746
50607
50015
48802
49736
48794
48726
51744
48747
50232
50577
49044
49194
49351
48253
48325
50284
51558
50475
50180
49893
50789
50781
48757
50710
50346
49709
49651
48586
50526
51458
49877
50252
50525
50432
50042
50616
50459
50393
49291
49336
50028
49584
48865
49189
49425
50729
48865
51100
48958
50384
49840
49506
49218
49740
48493
51290
52546
49079
50342
50124
49380
50654
49863
50449
50560
49939
49019
51882
52062
49297
48509
47755
49880
48700
50944
49857
49655
48875
49513
50561
50586
50416
49723
51016
50171
50213
50699
49426
50787
50140
49473
49766
50569
50959
48961
49293
50463
50046
49416
50161
49275
49758
50638
49703
47316
49756
50471
50150
52362
48668
50969
49419
49973
49156
49711
50989
48912
48751
50174
49683
49247
49755
49317
50173
52115
50167
50998
48863
48797
49365
48406
49895
48998
50197
49812
50710
50879
50633
50373
50386
51529
50416
49951
49475
50415
50761
49306
49464
49733
50875
50492
50538
49850
49535
48972
50541
47773
47534
51053
51019
50267
50395
50433
49954
49348
50677
50559
50346
47956
51686
50158
49214
50949
49027
50103
50610
48919
48821
49333
48160
49261
50581
51130
51446
50238
48885
50067
47867
49967
49598
50259
50236
50405
51330
50339
49980
49659
50752
51340
51494
49675
51056
48869
50800
50688
50930
50336
50653
49764
48912
49783
48261
49971
49152
51211
48998
51622
49699
50951
49063
51544
49336
49501
52551
50768
49896
49682
49812
48340
50933
48459
49500
50160
49433
48585
48800
50767
49686
51329
49332
50062
50070
48927
49696
50206
49928
51990
48922
51286
50328
50887
50042
50175
50552
49806
50995
48648
50104
51612
50780
48457
52082
50845
49526
50759
50262
49299
49630
50704
50198
51516
48986
48959
49004
49433
49543
49087
49332
51205
50251
49502
50158
49095
49387
51226
49696
48985
49204
49442
49208
49897
49676
48320
49226
48298
48628
50203
51340
49503
48884
50119
49642
48400
47942
50707
48405
50346
49116
49583
50334
49223
51718
49326
52024
49604
49770
49298
50546
50180
49310
48026
49667
49843
50734
50312
49985
50732
49953
50900
52108
49234
49178
49096
51315
49646
51096
49598
49253
49537
50320
49992
50090
50895
49838
50837
50327
48646
50099
50265
50275
49601
49739
48621
50486
48836
49141
50577
49773
50282
50396
51350
49702
49836
50549
50077
50727
52363
51607
51372
49477
49131
48750
52167
49525
47015
50175
49483
49610
49600
49996
50083
48170
48800
51027
49985
50950
50455
50410
49054
51401
50579
49882
51051
49203
50396
50512
49970
47278
49053
49524
49689
51929
51800
52359
50131
50322
51381
50066
49869
51058
49402
50440
50222
50538
49870
49013
50992
48736
48252
50147
50252
50368
50891
50221
49713
49706
50904
49497
50593
48661
49668
49300
47950
50111
51307
49914
50622
51302
50543
50937
49377
50430
49824
49876
50504
49959
49082
49756
50585
50311
49379
50351
50866
50479
51989
50193
48178
49839
50286
48117
50246
50216
49855
50080
51640
50180
51217
49675
48030
52037
49762
50396
49769
51059
48526
49074
50227
50231
47513
50530
50452
49137
50810
50293
49495
49410
49422
51667
49898
50880
49985
50814
51117
49650
48982
50632
49660
49912
50771
51177
50382
50109
49493
48833
51037
50292
50562
50399
50552
49009
50588
50055
49030
50195
50878
50433
49476
49265
50611
50256
51618
51943
51904
49782
50145
52163
49438
51314
49292
48518
51667
51334
48844
48539
50714
49277
49404
50522
49839
49422
49508
50923
52083
48872
49837
49043
48220
50956
48956
49524
50186
49387
48842
49635
50262
49347
48864
50168
49466
50227
47415
51719
50602
48585
51029
50335
49483
49705
50523
48627
49734
51263
49547
50250
50509
49549
50319
49866
49917
50295
49808
51457
48490
50100
49109
49920
51513
51626
50271
49652
51146
50234
51061
51932
50133
51451
51189
50252
49328
48500
49013
50681
49079
47696
51132
49869
50473
49783
50675
50532
48890
48622
51271
49444
48782
50335
48766
50961
50653
50363
49072
49656
49600
49752
49333
49336
49358
48912
50740
49621
51061
49652
51571
49589
50952
51313
50021
49332
49319
51004
49488
50143
49165
50638
50753
49589
49993
49620
49799
49657
50786
48427
50938
51474
51148
51089
49355
49581
50577
50060
49223
50864
49007
48756
48612
50042
50137
50356
51904
50030
50866
51660
48957
51317
49281
48955
49837
50162
48865
51899
49562
50733
48810
50397
48700
50796
50388
51791
49848
49846
49209
50996
50407
50609
50401
48274
48681
49744
50781
50952
49841
47875
50365
49689
49140
48421
50560
48016
49876
51520
49817
51151
47986
50789
50798
49001
50024
50748
50430
50637
51145
49550
51142
51334
50043
50551
50197
51217
52122
49865
50968
48289
47228
49747
51105
49307
49990
47911
50317
50742
50005
50621
48523
48294
50694
50878
50853
48285
50063
48953
51066
49869
49829
48820
49587
50705
48959
52421
50104
51655
52725
51179
49736
49359
49044
49601
50016
50824
50511
50276
48463
48582
49508
50784
51563
49755
49328
48650
51188
51271
50725
49250
49220
49090
48720
49921
51177
51046
49457
49417
48988
50693
51336
51040
49269
49534
50293
50661
48840
49255
50613
51079
49309
50664
48667
52249
50588
49351
51006
50703
50299
50574
51255
49696
49595
51687
49345
51094
47977
52379
52075
49112
50886
51110
49940
49275
48852
51800
50076
51989
48392
50596
50867
48622
50280
49316
50933
49224
49363
49686
49206
48883
49018
49579
50070
50133
48146
48302
50576
49665
48267
50937
49215
49712
49225
48706
49105
48137
50773
51404
48791
50565
51178
47553
51049
52203
49600
50120
49924
49960
50139
48776
49208
52660
49768
51157
49844
50202
49427
50397
49872
51002
51200
49543
48232
49434
50783
48747
50211
50577
49429
50557
49872
49233
51041
49305
51178
49113
49575
49141
49543
50247
50837
51523
50562
49271
50636
50278
51329
49634
50240
49189
50817
50318
51279
49260
48560
49043
50611
51735
48923
48866
49905
48917
49909
50460
49931
49572
49151
48475
51447
48579
49652
48999
49974
49720
49293
48680
48836
49637
50205
50609
52159
50741
49857
48281
49162
50563
50677
50175
50019
49748
50598
50159
49514
49841
49889
50977
50587
49315
49423
51072
49554
49169
48704
48632
50689
49145
48661
49908
50665
50023
50896
50103
49132
49934
48725
50905
49024
49583
50536
49258
50866
49880
51589
51155
48400
50165
50196
47599
48909
50749
50876
51726
49802
49607
49258
50406
50590
51134
51167
49079
48452
48873
51129
49170
50827
49408
51070
50596
47879
50141
49211
49790
50876
48981
49000
50267
50402
49948
49627
50337
50503
49102
50245
50064
48198
51148
50986
50113
51269
50855
49712
49408
50118
49384
49441
50664
49602
48978
49295
49040
49019
51933
51753
49673
48079
49886
50019
50083
49851
49374
51044
48733
50063
50371
48052
51602
49374
49713
49175
50352
50136
49123
48554
50124
50694
51861
48901
48510
50536
48839
50826
49682
49374
50721
52117
49635
51239
49860
50613
49001
50717
49198
51461
50544
49870
49213
51622
52135
47693
49645
50331
49847
50636
49591
50247
51081
49715
50487
49438
50073
50756
49234
50906
49584
48958
49714
48018
51394
49601
49552
50284
50275
50527
49572
51711
49728
50277
49569
51540
52058
49075
48471
50884
48229
50210
49108
48747
49563
49815
49718
50339
50363
50700
48842
49557
51437
50533
50035
50207
50036
50468
52591
48947
50070
50960
49726
49528
49373
50278
50756
50744
50867
50365
50957
51400
50473
51502
50025
50811
50044
52245
49723
51048
51373
51012
49443
49320
52033
50851
48905
48754
48039
49913
48863
48301
49380
49556
51444
50866
49060
50700
49689
50637
49386
48386
49592
48492
49719
50022
49356
48621
49493
48413
50510
49800
49703
49943
49479
50222
48096
50454
49859
48380
50928
50919
48937
50022
49725
50174
48930
51884
51624
50143
51187
49535
49139
50276
50388
50571
49225
47340
49303
49156
50500
51403
51198
50858
50058
50771
50678
49625
50159
49302
48610
49719
50885
50025
49245
51686
49806
51622
49933
48650
50285
49788
50918
49512
47416
50028
50817
50802
48690
50227
49120
48542
49435
48558
49907
50161
51154
49517
49908
50624
52149
47833
49682
49459
51749
49571
49297
51873
51053
50940
50116
49133
49573
50673
48860
49330
51074
50654
49979
49033
49743
49653
50349
48383
48734
48660
51238
49031
49804
50595
50536
49883
48448
49574
50963
48869
50899
47963
49721
49292
49109
50727
49687
49815
49784
50103
50224
51953
50007
49592
52130
49648
50099
51503
50269
50457
50811
51088
51122
50051
47996
50960
51792
49014
50964
49761
50696
49993
49634
48746
50089
47960
49464
48738
50259
50136
50340
48672
47986
48384
48879
50109
50606
51078
48490
51902
50237
50756
50805
50233
49209
50623
48367
50529
49219
49770
50849
50727
51737
48878
50604
51431
51504
50808
49390
47776
51904
51432
49715
50231
50270
50723
50449
50794
51645
49768
49434
50782
48530
48577
49275
51523
51036
49470
48315
50347
49277
50901
49794
50914
49383
51865
51952
50397
51100
48797
51298
50037
50219
51477
49957
51757
49287
50864
49885
50105
51210
49821
49816
49470
50022
48875
50150
49251
50562
50810
50459
50801
49587
51154
50863
50092
50809
48292
48554
52051
49797
49809
51149
51943
49481
49075
50209
49738
50662
51038
49081
51204
50500
49502
51809
49610
49406
50332
49989
51862
50393
49770
48552
48036
52589
48431
49234
50629
49233
50194
49048
50366
49421
50945
49888
49287
51457
51074
49863
49006
50973
50804
50108
49244
48866
48507
50736
52151
49123
51610
50224
49724
50399
49767
50205
50933
50686
49115
50340
48767
49324
51944
51288
50510
50703
51632
50672
50263
50716
49357
51251
51358
48624
48772
48372
48271
49931
49750
49021
48291
52351
49792
50509
51031
50291
51483
51453
50615
51800
51236
48739
50375
48924
51814
50470
50190
49995
49903
49613
49811
48336
49674
49592
48754
51572
50126
49653
51347
49002
51178
51507
51025
49806
50090
51330
49327
50597
51936
50546
49489
50552
49312
49866
49211
48632
50947
49922
50294
48381
50369
50102
50394
50883
50345
48332
51789
49636
50446
50231
50396
50533
50054
50706
50234
49041
50239
48729
49721
49712
49996
50347
49628
49041
51524
49376
51300
51343
48333
48097
49899
51869
51858
51550
51554
51834
47431
49059
50570
50035
51786
49899
51124
49531
49786
49364
51663
48986
50819
48187
49360
50852
50598
50235
51889
48729
50469
50292
49897
49719
50483
47265
49276
51531
50427
50727
50463
49262
48950
49941
49761
50338
51263
50386
50762
50480
49708
50276
49486
50144
48863
50616
48638
50438
49350
50104
50606
48144
48583
51185
51037
48999
49954
50181
48803
49821
49770
49190
50272
50322
49722
49096
50099
49868
49811
46814
50718
49335
50742
49145
49759
50590
51623
51149
48552
50298
50198
49437
48519
49911
51168
50550
50615
49586
50497
49922
49100
51643
50903
50722
51077
51556
49226
50037
47808
48149
50173
51570
51777
48354
51624
50502
48491
49904
50958
50909
49619
49879
47334
50338
51201
51067
52140
49650
51314
49120
49826
50620
49191
48221
51034
49117
50676
50213
47739
51009
50249
49868
49621
50272
50849
49942
48467
48833
50199
50445
48344
47876
50254
48920
50826
49566
51577
49563
50561
50681
49478
48056
49152
50060
50069
50450
50729
47117
49673
48440
49638
48630
52473
50175
48915
48202
49903
49157
49690
51609
50967
50449
50641
49254
50215
52124
50195
51820
50409
50317
50295
50911
51119
51810
49413
51377
51387
50585
50809
50214
51427
50705
49272
49347
51612
49488
49171
51135
49929
49924
50057
49841
52440
52427
49724
49729
49611
50122
49566
48630
49484
48604
49009
50233
50635
50329
50287
50486
50487
49693
49637
49985
48930
49094
50003
50096
50872
50792
51389
50035
48776
52004
50393
50068
49552
49881
50846
51155
49788
49017
47994
50034
49665
51455
50404
50161
49038
48597
49172
50418
50040
49031
51216
49972
51500
50408
51288
49988
49404
48659
50188
49898
49565
49451
48708
50370
50627
49852
49416
49832
50132
50302
50533
49639
50099
50578
49007
51178
48558
48684
50493
51070
48977
50013
50529
49505
49844
51171
47913
49145
47718
48962
51252
50002
50478
49787
49311
48027
51132
50129
48475
49738
49299
50121
48761
48719
49905
49378
49445
48531
48394
52190
48590
48439
49773
50422
47891
50114
50972
50615
51711
48661
48562
51609
50653
49961
51107
52114
49627
49362
50110
49475
48960
50731
50129
50471
50186
48146
51145
49965
50859
50599
50040
50072
50529
50808
49197
48895
49802
48436
49309
50634
50043
48779
50552
47708
50429
50213
50291
50377
50535
50936
49032
47212
51375
50830
49266
49594
49571
48830
51503
51134
49090
51287
49461
51206
48337
51050
51374
49694
49903
50313
49635
49057
49831
51272
51223
49626
50698
50368
49106
49198
50664
48414
49673
51931
49325
50254
51142
49016
49297
49788
50517
50189
49845
50014
50430
49458
50658
50524
50315
49817
50086
50683
49245
50703
50457
50231
50443
51020
48342
49885
48871
48834
51934
50490
50517
49240
48505
48655
51440
50405
49630
50811
50318
51469
48705
50890
52880
49220
49890
49766
49343
51221
48760
49974
50121
49753
48583
52042
48017
50383
49156
49418
49386
50170
51216
50906
49536
49051
47645
48394
51507
48733
49408
51268
48964
50819
48710
50062
49479
51572
49224
51682
51307
49680
50069
51588
49144
51004
49768
51697
50727
49324
48035
51808
49358
49590
50066
48906
50632
48176
50518
49640
48004
50773
48877
51267
49674
48214
48527
48841
49985
49635
50789
49457
49771
50017
49165
50542
49171
51300
50725
50678
50095
49366
50768
51101
49464
50345
49238
50606
49834
48532
49786
49890
49352
52691
47424
48660
48905
50633
51020
49995
50048
49033
51030
50700
50228
50021
49509
49433
50313
49760
49743
50089
50358
50719
52225
48957
49539
51114
48645
49650
48553
49255
49585
50813
50505
48873
51595
50103
48185
48889
49484
49560
50610
49633
49661
50754
50270
50506
50216
50607
50383
50266
51463
50620
50165
51717
51115
49360
51658
50439
51168
49555
48659
50888
50926
49074
51117
48805
48809
51608
50316
49935
49079
48613
48710
50526
52016
49647
47895
48593
50080
49239
49077
50887
51371
50669
50528
48766
48767
51125
47395
50634
51959
48469
49147
50153
51577
50797
49913
50339
50519
50445
50156
48902
49754
49685
50758
50507
51390
49918
49828
49871
50598
50776
51229
49603
49997
49741
49195
50259
49162
46951
49697
50854
50565
50847
49524
50317
48865
49390
50257
50640
50622
50560
50328
50466
51073
51198
50796
49469
48580
50072
49823
48932
49837
50190
49060
49541
48564
52046
50411
49618
50312
51473
49685
50263
50409
48952
49607
50236
50803
51085
51874
48128
49633
49688
50198
50294
48486
50408
47633
50125
51197
50481
48759
50300
50201
49625
51207
50305
49525
49248
49735
49698
49690
51386
49859
51391
48761
50595
50335
49544
49236
50223
49944
50496
50021
50400
51836
49213
51401
50875
51461
49332
51350
49588
49743
50254
50729
51143
50541
50142
50273
48454
49846
49363
49611
50678
51773
48404
50294
50084
49578
49202
49850
50574
48724
48613
48253
49397
51467
48864
51577
50800
48155
49947
50729
51307
50348
48976
51072
50904
49682
51718
49095
47875
50885
50313
49603
50889
50470
50890
48971
49666
48682
49314
50673
51348
48682
50119
49006
49775
51312
50701
47911
49659
50885
51485
50244
50746
50052
49225
46561
49962
51253
49966
49495
50372
49604
48749
49875
49713
49245
49850
51097
49327
50970
51878
49838
46210
48985
50622
48179
48500
51136
49115
49362
49570
49744
49761
50874
48528
49416
49804
49699
49758
50059
48339
50259
49991
49743
52541
49214
50907
50329
50430
50494
50146
51110
49192
48742
50081
49868
47504
49949
48477
49745
50100
50276
49663
49767
48642
50958
49647
50828
48584
51200
49271
49819
48753
50687
48988
49489
48578
48669
49750
50027
51424
49658
49801
50887
49348
50021
50182
48894
51134
49556
50021
53298
50538
51495
50969
47887
50142
52012
48698
49874
49558
50399
49424
50933
49126
48737
48494
49450
50657
49745
49095
46959
50544
49881
50878
51297
49723
50371
49318
50483
50132
49502
49946
47653
50766
50751
49107
49544
50299
48593
49717
51070
50253
50420
50182
50040
47514
49670
51296
50568
50405
49008
49612
50579
49619
48206
49186
48871
50298
50012
48739
50882
50339
48904
48772
50636
51055
49841
51472
49793
49004
48880
50792
50150
50376
50913
46415
51019
50901
47962
50696
49258
48769
50690
50486
50821
50826
49155
49799
47740
50835
50314
50003
50899
51374
50897
48135
51034
50213
50454
51579
49536
50102
51206
51114
49080
47908
50083
50352
50594
49125
50138
49340
49028
48729
48166
51140
50262
49441
50418
50414
52587
50633
49642
50103
50656
48795
49354
49594
49790
50675
50098
49082
48838
51656
49971
49679
49921
50885
49141
50167
50243
50278
49500
49431
50598
50975
51216
49540
47667
50378
48950
50114
50771
49852
51331
50622
49914
49645
49755
51169
49389
48360
49410
50233
49809
48472
49650
50649
48581
51395
49620
51256
50199
50223
49552
50723
50946
50088
50550
50674
49268
49554
48897
50852
49247
50843
50534
50389
51456
51007
49644
50086
49127
47574
49420
49670
49772
50177
50137
48887
48937
49424
49734
49958
50299
49805
50479
49837
49597
49791
51488
50138
49113
51089
49652
50853
51043
49936
48799
50100
49399
51014
50155
51530
51004
48997
49508
50674
49677
49581
51222
49174
50965
49775
50971
50840
48313
51199
50616
50829
50964
51249
48780
49872
49056
50231
48967
49502
49233
48767
48429
51088
49528
48791
50918
50042
51066
49866
48190
50335
49744
49305
49533
50450
50092
50160
48878
50203
50117
47808
51543
48927
51503
50303
51284
49816
50800
50437
51154
49687
49325
49287
49440
49231
49877
50770
49853
48998
49341
48710
51552
50259
48527
51405
49679
49792
50689
47729
49224
49395
49882
51725
51091
50156
51607
50707
51001
49684
49151
48192
49116
50225
51066
49082
47788
50072
50929
50382
50192
49852
48739
49193
51438
49976
48587
49011
50166
49243
49825
48556
50434
51147
50861
50183
49124
50051
52014
50705
51701
50258
49899
51048
48515
49515
48519
50273
48937
49280
49458
49999
50017
49307
51925
49150
51510
48881
50103
51215
50074
50936
50752
49412
50855
49447
50330
50280
51168
49760
49033
49821
50755
49734
49571
49667
51919
49138
50079
50021
50516
51550
50205
48352
48722
51067
49806
50715
50015
50621
50952
48809
49925
50081
48802
49491
50437
51627
49743
51594
50143
50373
51028
48448
49001
48606
49223
50301
49238
49336
48823
50331
49480
49345
49986
49113
50822
48408
49675
49364
49368
51565
50522
52627
49286
50815
51297
48373
49331
50953
50621
48977
49459
49822
51438
49304
49599
52170
49328
49523
51823
49674
51323
50198
50431
50672
50484
50171
49618
50139
51140
48178
50004
50495
51439
50411
48503
50442
49214
52187
49626
50755
51837
49511
49035
49510
50105
51042
50584
49108
48466
51068
51581
50647
49371
50379
48586
51063
51886
48524
50306
50515
48534
50674
49007
49628
50306
49239
49225
50732
50732
50234
49495
48730
51068
50570
50203
50855
50846
48054
51068
50335
50299
49180
49899
50737
49461
50491
47581
51287
48317
50007
50589
49607
51068
50575
50596
49830
50946
50538
48268
50343
49911
49001
52591
49740
49620
50529
49942
51127
51055
50477
47872
49471
49583
51553
49424
50338
48983
48805
48985
48216
51279
50161
50684
49544
49015
50738
51020
50995
49394
50312
48619
48089
51833
50455
48074
50348
49220
50136
49120
51301
49694
49389
50543
48816
50170
50013
51278
50822
50006
49986
50169
49633
49784
49283
49541
48774
50113
50224
50299
51762
49569
50425
50474
50294
50868
48938
51115
49424
49828
50040
48758
49798
48422
48536
49235
49722
49378
49195
48771
48099
51408
50800
51281
51845
49875
50359
51564
51525
50870
50128
49925
50858
52724
50199
49671
50949
49345
51297
49450
49547
48888
50159
51282
49426
49617
51368
49367
51477
49977
51519
49634
51355
50964
49856
48116
51061
50265
50269
50015
50376
50675
49832
50047
49155
50202
49925
49508
50215
48379
50542
49124
49104
50672
49821
48315
50244
50222
51208
47768
51350
51219
48921
49419
50147
51099
49609
48822
51288
49356
49609
49922
49015
50008
49375
50363
47698
50338
51850
48690
51044
50793
49117
50726
50511
51512
49327
52053
49524
49544
48105
50945
51016
49468
49883
50342
50798
52744
49937
50474
49624
50457
50106
50115
48567
49079
51510
50506
49829
48408
47690
50680
50900
50071
50480
48720
48484
50853
48335
49242
49653
51134
48851
50486
50793
48468
51059
48499
48047
49981
49746
49139
49047
49996
49479
49588
49825
51137
48092
50006
49950
50811
50406
51656
49060
49038
49888
49447
50951
50221
48923
49208
51328
51185
48542
50564
50594
50836
50884
49004
51307
48085
52378
49517
50897
50099
52529
49489
49321
50131
50070
48951
48936
50377
51559
51182
48784
51137
49758
50228
47715
51972
49686
49722
50927
49899
50932
51120
51684
49617
48503
49454
50408
50429
51261
50814
49488
49738
48397
48591
49875
49513
51150
50272
50449
50274
48543
48673
48676
48864
48644
50572
48517
50496
49345
49724
49776
50721
49578
49340
48816
51708
51029
50860
49909
50033
49559
50424
47968
50560
50754
51677
50413
51313
50896
47811
47746
49419
49940
48794
49696
51384
51117
49744
49459
49035
48787
50601
49687
49779
50206
49240
50342
49474
51726
49794
50353
50321
51184
48807
50680
50858
51955
49204
49598
49033
50908
50742
51805
50685
48288
50077
51473
50991
48012
49849
48292
50494
49696
49761
49311
49439
47962
48896
49416
50829
47904
49316
50093
49090
50427
52478
48561
50892
51123
49596
48757
48951
50288
50909
49593
49263
50657
49260
51069
50235
50450
49745
49706
49601
50270
49847
50781
49473
49873
49392
50626
50448
49834
51564
47775
50288
52015
50029
49215
49859
50988
50241
50136
49959
51233
50904
50063
48073
48622
48320
48850
49422
49813
50332
51566
50549
49580
49247
48842
50282
50351
50139
50299
50587
50279
50159
50288
50363
48592
49650
49453
50833
50060
50644
50554
49893
49968
51416
50692
49925
49843
50325
51082
50874
48780
49864
49485
48312
48100
50888
49447
51186
49911
50607
50791
48620
49200
50791
49018
49371
49337
49037
49722
50690
48535
48583
49207
50741
51258
49203
50188
48859
49699
51538
51266
49877
50279
50292
51042
49854
47834
48676
49302
48786
48809
49383
52676
48773
49592
48232
49660
49689
49609
50357
48640
50958
47571
50606
49487
50333
50488
52088
49257
49962
51583
51589
48870
49227
50737
50180
50047
51192
50724
49917
50663
50838
49162
51305
50774
49692
49980
48873
49355
50133
49189
49110
51089
50599
49073
49553
50423
48898
48838
50821
49696
48890
49521
47408
48623
51879
51024
48167
49664
47694
50695
49080
50788
50463
49689
49704
49353
49793
49853
50284
50892
50272
50516
50723
49445
51722
49844
48099
50199
50140
49024
47387
50211
49590
51940
50507
50798
51028
52658
49570
50398
49882
48792
49324
50474
48580
51412
51016
50184
51293
48633
49169
48381
48224
49539
50101
52378
52925
48332
48600
49122
49086
52277
50139
48703
50160
51916
49021
48227
50035
49455
49677
49595
48714
49152
49182
51388
48623
48253
51703
51052
50699
50263
50264
50765
52246
51507
49743
52303
49911
50529
50737
50251
47914
50427
48630
49593
50851
50158
49938
48815
50520
51778
49075
48275
49243
49885
49561
48869
51250
48884
47978
52201
47733
50446
49020
52123
51327
48978
50932
50461
49701
51526
50501
49553
49924
51113
49286
50765
50735
50035
50157
48758
50061
50643
51223
50978
49888
49798
51434
48953
50507
48407
48138
51440
50327
50266
49421
50680
48887
50652
50673
48382
49472
51479
49295
49307
51002
50678
49293
51838
48758
49189
49927
49328
49837
50354
50566
52015
50958
48929
49737
50706
50037
51223
49481
49127
50988
49238
48892
49625
48238
49307
49536
49015
50238
49343
49869
50516
50542
48500
51790
51293
48976
50144
51772
48557
50521
48903
49479
50877
50764
51561
49467
49514
50134
50206
49247
50108
49700
51282
50314
49973
49852
51976
50174
51985
47471
49486
50646
49492
49755
50911
49838
50092
49814
51093
50587
50671
49966
52657
54277
51501
48996
49353
50686
47432
48769
49830
48706
49902
48586
49333
51174
49662
50374
48805
47930
50959
49168
49599
49822
49013
50440
51535
49735
51763
50182
51418
50965
50096
50800
49655
49563
49035
47822
49508
48144
49855
50035
50572
49240
50783
47656
49706
51151
50785
49050
49906
51902
50112
49647
48612
50234
49213
48920
49208
50855
48988
51473
50741
49800
48519
48384
50134
49906
49227
50420
51266
51031
50361
49911
50493
50393
51251
50948
50756
50882
50614
50676
48796
51206
49971
48752
52151
48347
49117
48740
50767
49894
50644
49224
51507
50397
50326
50488
51628
47824
49232
50976
51707
49558
48784
48044
52261
49848
50072
50962
50632
50334
51332
48837
50701
51287
49424
48154
51771
49823
51245
50723
50474
50266
50858
50616
48892
49235
50177
49267
49102
50134
48813
50567
49468
48678
48781
48802
49502
49858
49098
49985
51719
50570
48514
50943
51206
47288
50038
47387
48956
50303
49448
50648
49154
48744
50979
48130
49195
49534
50990
50642
50290
49563
49618
49115
49592
50029
49769
50297
50366
49368
50560
50522
51232
50605
49843
50904
50678
48671
48298
50445
50107
49951
49377
49938
51661
50956
48995
49428
47556
50266
49444
51585
49091
50858
49645
51000
48739
50847
48761
51669
51480
51440
51517
48134
52064
48133
50928
49270
51271
48947
50910
49809
51032
51055
49474
47011
49294
51787
51067
51307
49519
50265
50812
49222
49739
48862
49670
50816
50817
50421
50700
50137
50222
49964
50659
51490
50122
49493
51495
50000
51250
51774
50605
50388
50925
49200
50309
49892
49441
50507
50635
48418
50191
51454
50281
52173
50182
51374
50614
49407
51993
47817
49736
50929
50505
49049
49149
51106
50540
49286
50170
48577
51327
50430
49144
50059
48487
50666
49056
50959
49403
49929
49819
49291
50838
50247
49350
49681
49656
51141
49990
48871
49416
50504
50310
49087
49775
50118
49426
49140
49656
49431
47922
49562
49509
51146
51854
52108
49873
48879
50506
51019
50532
50428
48834
47772
51063
49626
49290
49470
49344
51566
50702
49497
49575
49549
49159
48384
50691
47363
50730
50616
49813
48047
49136
50029
50945
51846
49991
51249
50026
49630
51241
49457
49835
50292
50976
50308
52763
48929
49975
48944
50742
49758
50266
49295
48340
49898
52296
50417
51461
50563
50283
49860
50365
49378
50287
49697
49609
49048
48753
49114
50200
48550
50158
49759
49881
49340
49245
50270
48698
50637
50361
51747
49043
50643
50663
49690
50773
49876
49228
49487
50940
49654
50221
48286
49752
50659
49672
50227
51353
49737
48257
50626
49033
48879
50422
48116
50875
51480
49593
51831
47621
49768
49751
51122
49876
50514
49799
50182
51595
51124
49127
49759
48964
50375
50435
49220
50644
49490
48944
51016
50478
49297
49874
51744
49812
51568
50251
50979
50707
48418
49977
49770
52812
49195
50614
49548
50067
49191
48155
49577
50915
49405
49265
48237
51435
49398
49524
49497
51378
50212
50505
50302
50785
50903
49537
49885
50341
51553
52663
49469
50133
50939
49443
49076
50807
50302
49659
49373
49330
51161
51531
50791
51364
51262
49395
50296
50429
48821
51244
49356
49263
50324
49978
48679
50560
50135
49644
50122
51075
51368
48550
50027
50528
49597
50152
49789
47761
51714
48967
51723
50243
49796
49282
48872
51461
48017
50239
50945
50200
49293
49732
50615
50042
50496
49934
48207
49260
49391
50862
47483
49813
50828
49410
50300
50447
50142
50875
48859
50149
49933
50115
50850
49584
51276
50742
49475
49748
50102
50716
48581
50024
50388
51214
51167
50077
50990
49490
49112
49548
47590
51012
49982
49506
50368
49191
50245
50448
48634
48221
49706
51601
50486
51430
51977
49419
50996
49779
49181
50529
51488
50200
48865
49521
50505
51046
49158
49597
51100
51223
49871
49292
49911
49015
48491
49557
48957
49970
48535
51718
50339
49819
51833
49700
50372
49822
49932
52064
51784
49815
51486
50283
51109
50618
49688
50723
49943
47469
53081
48405
48974
49601
49624
49137
51819
49447
51275
49778
49756
51043
48022
49910
51791
50660
48621
50089
50538
48516
51829
49581
51277
49980
50260
49454
49285
49290
50451
50204
48679
50959
49710
49832
49148
50554
49229
49144
48956
50951
49602
49072
48633
50417
50525
49787
50056
49654
51219
50648
49994
49683
48595
48153
51231
49472
51713
50967
49793
50765
51327
49491
50346
50180
49707
50753
49931
49308
50218
50216
50048
50939
49763
50050
52057
50578
50002
51846
49487
50080
50146
48856
51389
50264
50030
50793
48766
48971
50290
48934
49784
49490
49843
49256
49465
49601
49932
51060
49834
49084
48506
50133
48327
49321
49326
50592
49339
51079
49564
51743
47840
49292
49889
50030
48552
50946
49654
50249
49416
48202
50504
49479
50805
49956
50360
50756
49193
50682
51407
50496
50363
50032
50179
49349
51212
49417
49435
48471
49630
49294
49970
50162
50610
51045
51171
50534
49756
49680
50915
50167
51934
49365
51505
49891
50247
49859
49555
51668
49511
49395
49653
48666
50321
49490
49644
51366
51250
52368
50018
49255
50739
48785
50383
51625
49491
49189
50835
49472
49489
49780
50980
48958
49000
49018
49535
50744
49685
49235
48892
50212
50873
50131
50623
49058
49486
51083
50143
49553
50846
49651
50345
50220
50386
50003
49308
50093
49442
52381
50351
51378
50626
49393
49354
49192
47998
51186
50111
48978
48572
50377
48773
49657
49259
49665
49004
49109
48368
48390
49141
51127
48377
50214
49588
48404
50052
50679
49090
50524
49578
50861
50206
50457
46632
48120
49409
49263
49700
50089
48300
48501
51296
51121
48984
50813
50658
49471
50430
48712
49507
50203
50725
49522
50235
49975
50873
50794
50982
50295
48721
50131
48773
49233
49734
49230
49442
50411
50584
51132
51136
49162
51669
50030
49102
50967
51159
50249
48659
50646
49749
49510
50418
49369
50390
49045
48759
50899
50167
49276
50229
48532
50597
49134
49202
48951
48579
48228
50664
50248
51036
49457
49828
49723
49864
50367
49923
49475
49095
49266
49673
51411
51532
51744
48162
51679
49273
51206
49397
47849
50698
51460
51542
51012
48634
49698
49581
48643
48808
49384
50844
50054
48455
48077
48781
49819
48890
51332
49398
51738
49243
49586
50438
50192
50711
51661
50156
50376
48895
49486
49714
49939
48263
48005
50111
48684
50785
48454
49955
49094
51006
49590
50577
49111
50457
50974
48268
49220
48707
50469
50402
49817
50765
51092
50991
49636
50604
47598
51443
49814
49907
50948
49848
49413
50969
49536
52329
49063
49606
50507
48963
50093
50321
49462
49547
51242
49174
50922
50964
50392
51166
49841
50639
51012
50099
48794
50058
49586
49708
47398
50111
50465
48385
49870
50118
48142
49664
51003
49207
48638
50163
51017
50296
51031
50797
50755
50947
51259
49193
51653
50023
50534
50778
50424
48837
49968
50204
50337
50944
51106
48744
49222
49606
50625
51553
51141
50271
52890
50089
50939
49472
49418
49172
49478
50228
49728
50613
49237
50702
50564
49594
47959
49990
50957
49511
48289
50710
49821
49588
50166
50068
49582
50213
50293
49833
49808
49114
50767
50595
51255
48856
49545
50268
50905
51571
47706
49242
50812
50622
48979
50447
49682
48767
49817
49867
48703
49901
50343
50455
50442
49985
50294
49015
49443
48283
47876
51793
50309
48380
50401
50854
49313
50903
50522
50381
50961
48983
49341
49547
50450
48912
50299
48752
49720
50832
48541
48608
50405
50084
50571
50727
49910
49309
50248
50044
49812
49352
50547
49264
50264
51042
47927
49292
51979
49923
47893
50335
48852
49934
49389
50781
49295
50420
51552
51156
51692
49239
50825
50534
51332
49392
51060
50768
47921
49523
49715
50291
50024
50689
49216
51503
50341
50361
49670
49266
51884
51221
50265
50584
51026
49918
49213
49665
49311
52077
50671
51649
50151
51187
50169
48282
50270
49983
50506
51058
51299
50002
51218
49500
50488
49991
51050
49029
50455
49722
48229
48152
50766
51305
48204
48831
49170
49519
50578
51408
50003
50985
47935
50101
50746
50145
50197
49027
49037
51449
50325
52344
52306
48552
49868
49992
48202
50806
49369
50518
50776
49884
50573
48082
49998
48039
51402
50196
50332
49241
51081
48358
48560
49083
48979
49015
50688
49106
49342
51088
50703
49980
49204
50430
48795
51290
50764
50450
48338
52400
49552
49092
51364
50695
49701
50337
49731
51098
51208
48596
51591
50802
49376
50207
49001
51310
50512
48770
50656
51345
49741
50495
49780
48758
50017
51504
51241
49757
50956
50223
49552
47803
48975
50383
49061
49490
49937
49756
50413
50461
50268
48883
49525
49643
50650
48595
49876
49351
50467
50799
49232
48532
50610
49734
50770
49938
51139
48971
49111
50881
51243
51368
51144
51280
49663
50652
49972
47670
49137
50515
48932
48875
51174
50171
49768
50269
51916
50030
50316
49161
50380
49597
51843
48484
49585
49814
50815
50031
50638
50284
48930
49240
49447
49035
50361
48451
49750
50081
49215
49449
50973
49972
47923
49895
49428
50564
50614
49499
51008
48592
51004
50998
50841
50223
50460
49887
51485
50412
51083
48310
51319
51370
50871
50781
50678
49888
51351
49600
50541
50855
49511
50551
51639
49945
50969
51058
50512
49875
48566
49674
51825
50652
50418
49165
49883
50394
50349
49290
51487
49559
49977
49426
50276
51020
50873
49228
50866
49801
48771
49052
50505
50009
49793
50662
51303
50835
49762
49347
49623
49423
49913
48525
48956
49027
51147
51044
49212
50402
49431
47970
52441
50391
48364
49856
48779
50364
50175
50472
52391
50279
48274
49846
49877
49587
51562
50356
50853
47944
50387
48410
49841
50250
49710
49118
50602
49231
49901
49552
50362
49676
48048
49327
50274
50244
49269
49670
48805
50911
50718
49932
47826
50800
48229
49805
49001
50877
49831
49460
51577
50271
50341
51379
47546
49463
50297
49050
49705
52727
49592
50434
50528
49213
49650
49959
51830
50168
50240
49995
50044
51255
50103
50221
49316
50845
49934
52498
50379
49303
48297
50347
51943
49182
48736
49057
52468
51326
50930
50190
51228
51737
48677
49699
50229
49728
51158
50114
49450
51234
50871
50551
49107
50146
49203
49111
50567
50541
50104
49168
47722
48135
48615
50084
50298
51825
49785
51266
49502
50870
49457
49927
51026
50520
48619
47016
50575
48372
51654
50770
50261
51529
49229
51720
50284
48232
49665
51523
50531
49885
51597
50324
48532
48585
49674
51045
49611
52180
50289
50839
49340
49884
50960
48692
50466
47979
49198
50562
49604
51730
51235
50029
48981
50732
50114
50486
49080
49650
49265
50393
49317
49579
48700
49945
49767
49783
51496
51114
51462
52618
49524
50273
50649
49123
49984
50783
48460
50669
49283
49253
48840
49092
51274
49404
49961
50237
49335
50245
50980
49404
50195
50161
50492
51031
50920
50029
50380
50344
49157
48850
49137
48854
51085
48446
50234
49070
49336
49791
50030
49277
47690
49167
49392
49425
50825
49920
50218
50769
50962
50968
49567
50202
49474
50669
50403
51713
49930
49636
50183
51376
50685
50478
48821
48871
50229
49597
47762
49088
50414
49569
49633
49633
50759
50206
49739
50341
49179
50616
48092
50552
49820
51020
52056
49766
48792
49844
48301
50738
52295
49615
50979
48934
48483
50331
47887
51016
48853
51134
51683
51511
50119
50528
51616
49771
49751
50041
49301
48973
50886
49703
49119
50474
51126
50517
50136
49573
50778
50658
50176
51089
50512
48317
50029
49882
49505
49184
50671
50111
49418
51059
49817
51134
48979
49599
52056
50320
49900
51412
50343
49657
50368
49090
48167
50948
50139
51090
49698
50327
49728
50962
50936
49972
50394
50108
50110
51207
49871
49202
50381
48688
49945
50852
49162
47344
50783
51166
50782
48430
50377
50625
49733
49667
49457
50524
51423
51952
50470
49292
51249
48849
49113
51165
49740
47735
49207
50772
49570
48811
49585
48797
49651
50477
49654
49383
49828
48334
48028
51012
49684
49936
49666
49067
50651
48997
48217
50522
48921
50038
50213
51375
50630
50702
49302
47686
49763
48598
48461
51588
49564
52135
50304
48463
49886
48351
50929
49452
48080
49759
49875
51174
49131
50941
48831
50267
49850
49141
50538
50439
51446
51249
49353
51100
48774
49978
48967
51762
50089
49684
49839
50325
48770
49503
52462
49249
49571
50479
51077
49497
50499
48619
50597
49500
50086
51900
50887
49139
51174
49032
48548
50037
51849
50240
50454
50212
51263
50096
49547
50792
49843
48272
49607
48098
49913
49495
50333
49258
51068
49790
51797
50478
51637
49355
49422
52010
50001
47936
50288
50943
48314
49908
50040
49186
49493
48949
49586
49490
49894
50597
50073
50612
49852
48866
50030
48647
50482
50977
48703
48209
50038
49725
50681
51856
51508
49900
48838
49182
49470
48569
48733
49334
50042
50914
49409
51390
48444
49202
50559
50751
48352
52231
51811
49315
50900
48988
52158
50426
48962
50908
50719
49675
50314
51930
50356
48889
50005
48967
50069
48797
49716
50731
48412
50595
49507
49832
49342
50826
50138
49230
49104
50478
50396
49603
49981
49939
49032
50049
49839
50865
49758
48363
49397
51192
50459
49739
49245
49314
51890
49479
50085
52354
49780
50288
50484
49638
49237
50485
50254
50303
50315
49524
49364
49606
49643
48210
48958
49468
49764
50274
50981
50960
49801
50228
48297
50556
48358
48857
51170
49681
49514
49570
49714
49177
50892
49964
50028
48768
49495
50532
49040
48874
49319
49824
49044
50400
51004
49525
50228
49723
50077
49277
51651
49359
49805
50035
51929
49839
49165
50852
49977
48351
50444
50065
50460
49491
53010
49584
47788
49986
49683
49886
49634
51041
50616
50513
48893
48901
51559
49483
50069
50944
49218
50441
50436
50087
49816
49607
49994
49291
49924
49540
50109
50420
51313
48540
51311
50039
50336
51265
50914
50482
51144
48471
50566
50756
50321
49049
49714
49677
48075
50658
52620
50041
50478
51108
50629
49004
49508
50278
50959
51794
51030
50639
50789
49509
50240
51253
47839
50311
50225
49755
49753
50485
49748
49797
50383
50001
51451
51402
50094
50633
49844
51732
51797
49850
50804
48997
49905
50611
51783
48938
50405
49593
51125
51237
49504
50070
50399
49400
48711
48816
48753
48357
49432
51310
50037
48356
51788
50182
50292
50496
49104
49921
51116
49864
47187
52509
49269
49945
50102
50051
50835
51661
50969
49298
50682
49603
50721
50541
49518
50521
48635
51152
50359
49991
49299
50655
47237
52353
50058
50711
50735
46771
49406
52136
50076
50262
51293
48056
51455
50472
51004
50082
51410
50234
49720
48657
50109
51643
50866
48728
48838
49792
50458
51358
49932
51146
48603
49394
49700
49883
51327
50865
49097
50832
49914
51412
48819
50440
50742
51103
48045
50044
50398
49141
50587
47819
50044
49704
50736
47494
50221
47529
50874
49315
52430
49765
48665
50104
51154
49383
50025
49602
49765
50437
50419
50827
51428
50289
49016
50732
50303
50170
48646
48923
50205
49967
50499
48401
50473
48887
50010
50159
49128
52917
48693
50958
49772
49334
50454
51346
50464
51000
50617
50546
48386
51206
50693
49458
48093
48116
48252
49659
50509
47604
50245
49284
49728
50769
49245
50056
50101
49378
51442
48962
47158
50565
50232
51845
48126
52274
50272
49094
48850
50519
48505
49973
50288
49682
48855
51041
48527
49009
50141
48846
50381
49316
49466
49665
50449
50898
51343
49524
49948
50159
47690
49207
48841
49323
48755
50609
48586
50690
49477
50333
48768
49464
49044
49130
50775
50419
50565
51627
50012
49892
47265
50792
49996
49988
50831
50746
49539
50233
50371
51417
50294
49990
49884
49528
50582
49503
49465
51325
48450
49848
48314
50550
50756
50693
50290
47867
51452
51131
49482
51707
51525
50671
50238
49657
48467
50910
49979
48986
51527
49254
50577
51892
50088
47378
50982
50746
48576
49928
50952
49272
48205
50026
50010
50356
48838
48794
50970
48795
50821
51481
48927
49592
52004
48375
51736
48959
52267
50404
48553
48749
50751
49759
50391
49883
50235
47339
51830
51268
48867
51552
50090
50363
48285
48739
48929
50193
49121
51013
48490
50166
48586
48819
49598
51317
52353
50615
48863
50262
49997
51706
50943
51829
50095
49009
49246
50632
51956
50327
49398
50120
51029
49634
51721
49247
46917
51014
49484
50535
49897
50703
51821
49770
49101
49371
50869
48975
49451
49369
48277
49510
50010
50359
52941
49914
49400
49090
48215
49306
50956
49818
48931
50753
50442
51820
49453
48955
50356
49980
49557
50353
50793
53166
48811
50667
49706
49432
52021
49871
49454
50359
48849
49744
50677
50450
51424
50345
48649
49637
50866
51046
50922
50460
50067
49805
50511
50258
49121
49582
49315
49814
50153
50024
48319
49322
51328
51112
50858
49936
50613
50406
49350
49164
50296
50236
50002
50758
51020
51680
49928
49259
50861
50714
48044
49683
49836
49124
48878
52873
50210
49895
49832
49883
49695
47920
50245
49371
49457
48476
50701
48441
50615
52193
50572
48665
50550
48882
51415
49806
48627
49089
49845
49491
48259
50477
49560
48726
49854
49392
49665
49280
51264
48989
51224
49391
50379
49618
50358
49961
49395
48785
52038
49790
49048
51724
49137
51441
51148
50489
48577
51419
49736
50293
50178
49749
50718
50155
49426
49661
50272
49042
48742
49997
49292
50164
49449
50328
49057
50500
47522
50685
50039
50170
50365
49878
51078
47444
50236
48465
50686
49988
52099
49856
48999
49768
49922
50474
49788
49187
52624
50615
49768
50573
49194
49413
50890
50391
49566
51125
49166
49926
49488
48346
50720
50582
50136
49017
47657
48648
51335
50106
50927
50969
48962
49595
50298
49661
51167
50204
48671
48852
51652
49278
49944
50117
49638
48671
50060
50418
50011
49839
49589
50197
49561
49940
49654
50847
50246
49577
50314
50945
49684
49231
49118
49714
50007
49249
50189
50723
50637
50864
50136
50647
52741
49873
49629
49733
50228
49136
50141
48556
50831
47823
50073
47880
49206
49720
49134
50763
49313
50052
49558
48827
49867
48947
51516
50117
48709
50307
50335
49795
49652
49724
48928
50537
51133
51295
50249
49126
50914
49940
50859
50888
49430
49745
48828
49220
48745
50185
50094
50856
51099
50139
51078
49462
50370
49366
50232
49947
51680
49929
48857
50239
50090
49912
48958
48266
49241
51438
49953
48568
49264
49588
49742
50369
51329
48640
48521
51525
51642
48435
50358
50521
49952
49458
52448
48459
50881
49391
48209
48404
52033
49541
49422
51048
51099
49298
47804
50742
50762
48642
48367
48847
50108
50340
49829
49167
50192
48516
50324
49194
49813
49617
51520
47674
49672
48542
50192
50375
49454
49126
50761
51384
49469
50036
49177
48777
50743
50387
50291
48211
50712
50445
48476
49717
49547
49663
49773
50747
49856
50798
47671
48954
49398
49114
49656
50686
50015
49151
49855
50461
51496
51239
48656
48991
50271
50889
51021
51992
51028
49580
50116
48740
49682
49002
49666
50655
48379
48931
48890
47989
49883
49379
50664
49356
49976
48746
50003
49474
50099
51281
49375
50088
51783
50321
50166
50799
49296
49520
49589
49624
51911
50946
49488
50229
50282
49524
50226
49809
49471
49438
50608
49148
49752
50205
50637
48987
50511
49286
50612
50872
50113
50845
50239
50183
50269
50745
49638
48950
49947
50496
49358
49346
50934
49822
50740
49909
50638
51363
49049
49929
48688
49164
47556
49775
50658
50457
50079
50812
49108
51387
49043
51185
49519
50921
49352
50161
50950
48242
48398
48632
51666
50260
49406
51915
50711
49762
50245
49527
51181
48536
48545
51105
49959
50661
50025
50488
49420
50165
51607
50449
48125
51331
49950
49723
50664
49533
50583
50132
48074
51076
50046
49843
50788
49467
49281
50802
50605
51055
51332
49404
51331
49626
51367
50011
51198
50131
51302
49855
50966
50380
51082
51479
50714
49775
49517
51047
49060
49243
48947
50861
50184
49099
48891
51304
48345
48332
48322
50989
49109
50615
51209
50623
49358
49013
51875
50667
50514
50885
49840
50046
50314
50431
49258
51322
48837
50842
50068
48757
50663
48114
47370
48594
50882
51069
49448
50537
51024
50729
49589
49595
50469
50900
49922
50118
50539
49946
49264
51221
49062
50408
50626
49548
50540
49778
51079
49975
49179
47565
49926
50168
49517
48649
50698
50256
49608
51090
49842
49680
49862
50187
49736
50745
50085
48644
50492
50484
50982
51020
49583
50990
52090
50411
49776
50778
49117
50394
49212
48573
52002
50946
47289
49719
50690
49315
50546
49859
49433
51476
48973
48544
48286
49711
48202
48717
52088
49658
50743
49946
49746
49948
51015
50421
50067
48380
49215
48864
49773
50465
49696
47679
49665
49114
49519
49005
52950
49970
49109
49521
49867
51970
51087
50946
49828
50769
49601
50216
51328
49874
49061
48159
49799
49218
50106
50281
48208
50695
50674
47503
48403
50241
49666
49829
51031
51312
49558
49682
49601
48733
51104
48580
47661
49955
51641
49627
49552
52036
50188
50654
49910
49464
50121
49420
49098
50825
48198
49706
50819
49630
49938
51789
51039
49742
50469
49355
50568
48795
51174
48957
49280
48694
50919
51225
49965
49835
49520
50545
50502
48462
49269
49239
49343
50011
49136
50487
48513
51777
49781
50518
49216
50595
48836
49927
50636
50049
49448
49014
49079
50876
49259
50346
49008
48885
52621
50092
51442
51190
50024
49477
49920
49393
48214
48838
50129
49511
50022
48360
49778
49080
51722
50207
51020
51338
48899
49074
50010
50858
50133
50115
48265
50839
49581
50632
50157
49594
49642
50345
51480
50030
52034
49847
50344
50622
50043
49314
49670
50230
48897
49368
49851
51089
50944
49034
49222
50182
50494
51102
50658
48569
48803
49289
49748
51885
50837
48963
48744
49390
48267
49628
49110
52254
49786
50243
49266
48861
50990
50614
50383
49498
49691
50128
51062
49474
48080
49969
48511
50098
50531
49185
51503
49043
48894
50127
49607
50044
49338
50529
49379
49748
50259
50591
49838
50916
51412
49927
49464
50297
49698
51120
50913
51235
48656
49602
50324
50254
49858
48191
50821
50631
49238
50434
51363
49363
50986
49827
50191
49792
49238
49203
50646
49524
50986
49216
50756
49213
49274
50569
48412
51404
50601
48974
49620
51772
48637
49225
50540
49154
49656
52494
50496
50974
49566
50123
49696
48361
49983
50785
47864
48822
49968
49135
50607
48522
51274
48657
50083
49674
50873
49588
49751
51459
50909
51540
49714
48567
49443
49375
49406
50601
48088
50245
48779
51467
50867
50070
49494
49768
50086
51236
49945
50696
48376
50368
50079
48419
50563
50224
50485
50204
50688
50065
50109
50969
50568
50263
50085
49738
50660
50080
51425
51426
49485
49321
50597
51581
50728
50760
47665
51080
50873
49805
50666
50710
50729
50621
47916
50305
50108
49064
51020
51824
51781
50313
50125
48202
48926
50733
49529
49966
51356
50787
49020
48352
50743
49113
50892
49258
50703
49206
48519
50118
50915
48688
48326
49350
51243
51458
48128
50838
51284
47682
50247
48753
49272
49901
48594
48966
50069
48928
48165
49413
51508
48975
50059
49559
49514
49178
50732
49713
50927
48783
51997
51196
52145
48263
47388
50775
50352
48562
50576
49774
48899
49696
50737
49327
49575
50291
49491
51095
50666
50548
51689
49579
49643
50581
50145
49808
50210
49265
49369
49923
49770
50327
49911
50591
50983
49697
51109
51277
49889
50255
48648
51648
51040
48846
50106
49162
50411
49712
50337
50795
49829
49604
49631
50512
48328
48839
48887
49351
50297
50061
50716
49792
50459
49033
50004
49658
49928
48666
49950
49058
49002
50030
48917
51138
51666
50882
