50240
49998
49546
49771
49533
47313
51301
50149
48647
49076
49036
50789
49913
51525
51010
51465
49873
48740
50762
52585
50206
50901
50560
49326
49519
50698
50655
48759
49717
50211
49378
50324
49869
52128
49627
50698
49472
50163
51896
49551
49247
50942
50749
49241
51570
50484
50199
49464
50586
50634
50107
47563
48955
50223
50962
50524
49364
49042
49047
49588
49401
51908
48736
49906
49661
49762
51969
49431
50617
50998
49900
49874
50774
50849
49325
53524
49006
51744
50627
49421
47837
50391
49427
50170
49136
50779
49219
50700
50649
47621
48455
51711
49262
49122
50664
52051
49851
49766
50714
49477
49247
48634
49210
48156
51356
49522
51287
50854
49609
47640
49949
50228
48961
50594
49853
52448
49590
50647
49474
51425
49243
51346
49356
49653
48967
51093
49848
49084
49239
49980
50144
48713
51388
50816
49061
50215
48794
49575
49376
51368
51311
50592
50101
51313
50135
48829
50229
49413
51004
49288
51017
49773
50242
49915
50604
51183
49339
49864
49371
49691
49568
50442
50660
50271
48870
50441
50647
50010
49462
50016
49938
51078
50682
50248
50461
51113
47440
48885
50391
50488
48963
49823
50356
50684
50461
49183
51386
50642
48975
50693
50766
49571
50561
49336
50492
49708
49605
49923
49369
51707
50601
50742
49815
50482
50907
50848
47427
50826
51596
50821
49501
50776
51037
49692
50829
47823
48524
49105
51940
51006
50989
51147
50303
51879
49347
50793
50121
50439
51322
49495
50425
50618
50015
48769
50911
49250
49230
50149
50086
50185
49029
50651
48681
50432
49666
51346
48448
50195
48792
50374
49198
50412
50048
49432
51438
49953
50953
50755
49677
49969
51764
50296
48481
51365
49546
51688
50644
50220
50689
51574
49301
50091
51816
50465
51165
50686
52531
49912
50756
49094
50104
50196
48277
52042
51487
50504
47422
49984
51062
49017
48954
49977
49743
50535
49351
50867
50865
51158
49134
48506
50549
49766
50281
51328
48193
49617
49234
51778
51510
48111
50081
51742
50516
52620
49865
50327
50127
50188
49402
48595
50491
49930
50538
50722
48986
50928
47891
50399
50048
49993
48882
48316
51176
49557
49933
48519
51318
49418
48730
49451
52233
49644
51372
48650
49863
50737
48993
48885
49373
49915
51141
50864
49150
49495
49371
48963
50430
50415
50164
48334
50165
50315
47294
51925
50251
49358
48611
50669
48841
51493
50461
49848
49815
48246
50805
49364
48947
49412
50066
47647
49347
49512
50307
49728
49774
48591
49487
47077
49878
49184
48144
50612
49032
49464
51583
49265
50136
48016
50407
49451
50073
49544
50172
48124
51160
49178
51653
48896
50310
49931
48178
50201
50600
49850
50886
49113
49842
48866
49516
50572
50700
51596
50145
49260
49583
50204
50448
49504
50623
50665
50001
48788
50412
48343
48623
47880
49976
51006
49722
50541
49048
49367
50565
50262
50805
50312
49189
50359
51204
51458
50742
51262
49872
49798
49690
49629
49446
49195
50177
49508
49410
52404
48232
50607
49427
52620
49675
50014
50761
50251
50147
49146
50184
49517
50365
48202
49041
50063
48370
49778
51152
49996
50376
50414
49785
50311
50422
50848
51210
50938
50094
49790
50675
51652
49391
50482
51601
50529
49973
50176
51037
50460
49804
51983
48810
48771
48814
49154
48565
50041
51052
49514
50004
48862
49402
49961
49318
52246
50088
48697
52124
50588
50313
50252
49449
49844
50215
50929
48294
49881
52710
49384
49752
50025
52229
51106
49299
49065
49009
47842
50634
50510
51077
49909
50238
51928
50048
52101
50638
50658
49321
51018
49291
50516
48787
50085
50803
49781
50790
48840
49521
49471
49245
50142
50920
50406
51680
50952
49926
50804
49113
49919
52174
48136
49488
51276
50010
50149
49644
49910
50728
50047
50635
50049
51082
51332
50522
49801
49939
48372
50448
51557
49815
50275
48656
47547
51121
48765
51444
50661
49317
52468
50573
48924
48607
50858
51544
48904
48486
50047
49284
51521
50924
51107
51147
50468
52371
49477
49037
49597
47721
49020
51381
48933
50226
49414
51186
49053
46593
50657
50427
49448
49560
50403
50465
49764
49589
49826
50243
49140
49304
49088
49559
49182
51145
50382
49673
51970
51500
50143
48259
49053
49671
50274
48508
49353
51265
50796
50641
50104
49605
48640
47934
48819
50581
52193
50531
49587
49299
49519
52597
50935
49975
50965
49347
50933
49405
49727
50532
50402
48633
50918
50198
50137
50118
49235
48481
48138
50521
51224
49598
49415
48982
49354
50501
49738
49201
49653
51295
49359
50642
49032
51335
51710
50787
47916
48693
50994
50597
50455
47583
50266
48316
49985
49947
48228
50244
50344
49411
50042
50051
50922
50494
50592
47693
49933
49479
49834
51004
49121
49661
49079
50959
51816
51782
50356
51371
48943
51181
49220
48338
49161
49126
49478
50225
50185
51715
49981
49224
51020
51444
51158
50433
49662
50234
50765
47634
50109
49387
52426
49207
51463
50060
50054
49813
50096
49627
50917
50952
48292
49763
49295
49527
51314
49044
48399
50158
50899
50698
49545
47962
50058
48564
49220
49986
50529
48789
49254
50018
48747
49467
48900
50769
49456
50327
51072
50506
50093
50864
48057
49930
48296
50796
50348
50181
50044
49604
49891
50964
49133
49032
51361
50056
51619
50467
49373
49512
50689
49530
49787
50103
49615
51415
50190
49108
50013
50782
49245
49479
48722
51005
49355
50938
49586
51906
49899
48914
50012
50362
49324
50103
46849
50166
49905
51428
48512
51729
48858
49504
51153
49951
51213
49912
50623
50362
50301
49062
48658
50605
49962
50423
50510
49085
48736
48665
48870
50340
49793
52187
47946
48459
50079
49851
49632
49709
50591
49743
50279
48644
49459
48784
49189
50780
50846
49799
49903
49646
50184
49238
50206
48842
51255
49768
48909
49671
50045
50735
49343
49042
49256
49453
49686
48494
51116
49512
49468
49357
49810
50195
48575
48828
48852
49477
49605
49400
50009
49000
50537
51146
50118
50942
48913
49557
48718
51442
51308
49382
49841
48854
49887
48705
48345
49679
50030
49470
51943
50831
48602
50069
50250
51087
50593
49872
49222
49794
50252
49516
49589
50104
48432
49602
52529
50035
48370
50310
49951
49008
50217
50792
50205
50001
51612
49864
49410
50583
48619
49259
49504
48364
50490
50492
49571
49956
50844
50831
48436
50253
49016
50228
50847
50997
47726
49082
50733
49533
49537
48534
49212
49170
50637
49526
49724
48705
50314
49450
49916
49926
49493
50172
50455
