51144
48849
50478
49828
51489
49630
50141
50158
49382
49649
48398
49103
50488
50029
48560
48486
50569
50994
50098
50711
49339
51804
49889
51245
49885
50332
48895
45688
50790
49184
51718
50126
47976
49424
49248
50949
50489
50642
50876
50702
47250
50648
52655
49870
50956
49568
49464
49422
49959
48891
51001
50903
51040
49706
50201
48739
49878
48771
50877
50265
50172
51218
48112
47960
50222
51134
47756
48814
48206
49580
48584
48733
50440
49102
52027
50218
48249
49073
48307
49048
48604
51873
50816
50087
50469
48919
50539
50743
50025
48898
50880
48282
51695
50540
50885
50812
48366
47392
49588
49923
