57600
103
2726
66620
46858
314
33937
7081
9093
74239
19242
3143
24198
5848
78744
69979
70729
72201
17162
28983
45638
27589
50492
38622
43513
31472
19717
21088
95166
3508
44321
74306
17586
25463
1759
67383
23499
10426
74983
44781
57655
54941
53391
37247
21145
16669
6112
76764
49152
93286
58312
58724
40043
1455
30774
80688
38423
13978
60480
76815
51363
68720
61580
6118
27548
28162
91955
45525
83393
42507
45570
43880
9217
13018
76779
34401
88877
96573
44482
15873
37926
28688
29872
35927
27114
24103
72323
24914
57797
23796
26897
47630
72403
23688
93758
25434
36367
61813
8289
19716
