50389
51408
51392
48732
50608
49854
51292
49431
51262
50717
49626
50774
51265
47951
50200
51168
51159
48918
48970
51127
51286
50447
47877
50151
51297
51837
47874
50209
48691
50218
51630
47433
51400
48721
49050
50571
51221
50789
51666
49812
49054
49053
49500
50227
48963
52242
48548
50326
50819
49782
50508
48383
48475
50238
49867
50573
49064
50724
49137
51011
51296
50671
49819
48878
49258
48636
50276
51559
48832
50769
49447
50172
51291
50229
49781
50598
49719
48756
48784
50380
50265
49513
48650
49505
50363
49251
48627
49630
49794
51399
49053
48553
49933
51692
50416
49982
51588
50351
50594
50887
