60796
83755
66957
31037
45457
67989
62446
73814
69086
43085
13000
33336
22582
55145
94651
20965
56624
8237
77773
38077
56541
54808
21252
47532
34904
7644
19695
65610
96413
85224
7617
8383
21199
11879
96123
48249
28436
40084
83287
39582
91580
16520
65298
83841
70569
28473
27644
47030
83428
26745
80476
48376
24200
59033
21587
43787
45688
31571
94969
58108
46162
97037
8774
82605
14851
95645
64344
77405
10992
73399
87201
6816
55801
58303
11925
57397
71986
26811
99153
21374
5475
69273
32390
50394
19970
97389
48815
74356
50957
46733
5465
13915
52
51584
30446
62098
41574
70524
73317
45586
746
32845
45714
15348
73815
80855
71231
74780
24769
18161
85237
80410
83920
37938
91785
56379
9956
94760
97794
89230
33058
20117
75816
16335
6870
93777
81149
19046
99621
558
5587
64076
48242
9759
21792
28364
6819
5216
11124
74198
13787
82873
34504
93152
83424
58481
57205
5953
31197
71278
96818
18182
67950
53995
62848
89326
33907
71586
26082
70221
14228
96294
67609
85282
8529
3720
35907
19737
34863
79511
18269
8939
69259
31518
34992
49809
29507
54535
50883
27247
9337
4028
60018
11470
77600
67674
63896
11510
86207
30988
80369
17530
36448
58629
25934
58283
45522
71543
14055
53037
79641
70800
41446
87580
71896
87705
16640
11718
30412
9368
71083
99354
86186
51235
8303
82320
54949
11520
61538
49388
84629
54533
82532
9826
78376
88901
54094
6257
52735
43869
7112
89211
62184
20577
53218
77252
40330
48188
87193
27919
30465
97904
59515
45827
204
63274
20664
55379
6429
58366
1812
59825
22254
48653
82915
21895
6971
24969
94077
24966
24171
62714
32632
18912
93212
38394
95261
36608
75394
73150
88250
22366
55855
89959
45291
71808
41354
39661
66869
26896
41235
65073
89898
63039
17830
35934
97197
15649
95886
39552
20983
28527
89436
40918
27516
11309
48862
32105
30014
93750
16624
65401
31897
63026
61112
15276
58544
30349
71120
4067
26423
38524
67069
57088
21669
85016
99905
56269
62795
10467
6599
20861
75902
10155
23482
84110
3821
35938
53863
17153
59970
35716
8668
58156
25807
72955
77116
76583
92690
99817
42206
40596
65640
84584
12603
39314
6832
14607
2652
97778
42211
28308
29823
88677
16608
74649
98828
74839
22697
59396
69470
53374
90195
69759
55356
62175
97572
65107
31809
14417
76261
42017
67159
44723
4345
58339
8577
56907
82260
34350
21195
89460
77062
9404
38755
46487
1047
80092
60842
50489
47777
45975
72466
56318
83739
53771
8520
88397
26209
49295
64772
59409
10622
59030
59120
16884
78930
16460
40455
91399
9890
63364
17236
29082
13025
78456
73115
95025
74415
99989
42231
40739
97805
7298
28799
2863
63353
76026
66259
60438
12944
48888
82632
27546
64778
63447
25688
23902
44628
48749
99806
95444
72906
89030
81709
21683
56414
83000
85279
77150
22907
85911
53880
25633
51933
65179
86939
14096
91567
57001
16704
97500
30440
89463
43274
24283
25251
78504
11199
22928
21015
10244
85403
59047
40571
14150
99337
84776
20320
33454
89912
43624
85346
69513
34180
93143
95255
36624
35689
56565
88040
58433
34853
8031
28635
77172
51291
63021
83033
61476
3856
75450
18766
94391
72735
68130
5061
23517
19042
95904
57944
94732
93704
7884
80609
21089
31898
67618
51437
24678
66623
26473
88407
63039
38429
99570
49131
49953
51677
50088
74628
6196
47947
33135
13011
42996
21494
8279
14766
91682
1263
61868
33112
75091
48094
57892
66701
78370
86331
70523
74530
49293
25829
99770
38378
13385
87722
48576
72663
92285
7172
72414
96593
63257
23415
50617
24532
62766
42892
54182
96438
94878
34175
73869
80767
87582
9707
2389
44203
43182
28391
39929
66078
40445
48609
43304
56264
77206
4280
35089
10077
18637
89704
68214
35841
84746
12036
6705
21203
7579
36676
26297
22474
37822
25548
44427
38238
71557
31568
69637
33526
7112
22768
3168
87990
72120
21139
11932
21719
73040
62630
57109
95527
70207
85245
45248
40643
24076
40448
12262
28408
24128
63413
86072
38201
17993
52291
47739
28059
91636
8637
96011
60281
79687
88171
11196
85511
87908
54951
33225
13293
53398
52341
22010
49912
84820
63838
14644
65219
80581
26767
51587
28831
37699
72438
18286
9722
71746
76017
51927
67179
73195
53610
13255
75483
7349
78271
32186
47675
25022
5705
32570
88144
16610
53611
21214
34614
4839
11868
85738
69274
20941
9537
20167
53432
62876
90270
98307
39436
18268
50870
41101
63835
99470
40313
370
42901
66063
17858
46327
79271
43870
96581
58915
74676
99307
96279
73761
14733
84971
70534
88841
8157
59361
36491
12479
87307
83026
43569
56404
20834
924
53728
46378
398
35124
24124
56210
80587
76911
92536
21562
88987
57553
96539
91484
15220
11107
28172
4703
82184
70524
3211
50715
72110
66168
16219
91561
11060
13748
10092
78507
48531
33292
28076
58120
23504
35137
30427
54823
80527
16019
29825
87967
85905
9421
98725
55726
10635
61124
85495
61528
33518
53835
49486
20683
3544
91691
40647
6879
957
34152
14774
29729
17666
78916
22848
13516
51727
67008
96787
44200
63674
52708
16515
8783
6462
20192
27086
27861
20203
61681
87147
6354
12455
39133
3342
60179
83993
22537
40322
65144
41410
30220
38167
61245
70029
16157
97110
73135
71928
94534
29317
94796
3726
27891
83476
99198
81071
65464
20596
29843
60988
94661
18023
25825
22510
54382
22243
80014
53657
24259
60685
66588
48491
51323
8954
23914
11836
38577
27714
73202
55697
28208
36546
27198
99931
51993
2193
74964
2754
26165
99699
94966
8710
7513
39242
93450
19332
65650
88547
3819
92296
1372
2284
42417
12925
76942
68332
65799
24997
86301
22041
14573
90993
34244
45737
92117
63172
20227
36274
48622
42401
95482
41666
65173
64916
10243
41546
47995
48102
33534
55829
55836
78522
53488
23188
52735
90586
63336
50106
33351
11164
13242
85345
50815
7853
66684
26499
47238
57097
60117
62989
85752
70560
30904
20525
94707
4580
27549
60750
65961
8593
11580
48419
30843
28158
95961
94986
11756
62823
28450
61054
55607
93553
46781
96483
99182
30139
17949
20457
59002
73897
66151
76455
77080
39893
35214
23302
76408
10873
88212
89553
62539
20327
4068
77130
79783
7719
71143
53955
32047
37730
96834
47826
10110
76858
32314
42798
54051
57286
64305
82034
24793
12228
87214
90640
28486
85043
3767
