99036
95935
42624
94636
43647
80987
83215
24174
94911
14613
59000
41488
65566
45463
4356
38515
22883
38412
48202
66038
39307
78703
66047
77401
61
29722
82711
45938
28222
71830
53750
35442
26305
99008
41679
97037
31436
42560
87867
19472
16811
24386
49246
14524
81942
94790
50538
79806
77195
72701
61511
52805
19723
18184
40754
93492
13404
30073
44287
88237
20163
60974
24921
54184
49194
76210
65675
40622
96429
58232
27397
21005
1839
62286
30660
63885
26731
56964
70527
58927
76229
10076
10823
23337
12452
39692
13538
88136
94091
70326
85095
82379
49909
31399
47067
6572
63191
61656
38527
128
97004
69711
68110
60733
70610
11225
33314
78345
36641
96225
90967
5259
42991
17530
80137
49492
42704
2466
93447
87651
14293
32594
46274
12497
2821
67648
22935
746
55994
12817
91986
31477
21734
27096
92850
19510
57509
80479
76194
5158
77525
7786
15791
17174
1102
20189
84903
48273
75599
94279
39924
43485
92031
69926
89325
28778
33520
812
88588
25041
83339
22612
62392
72203
98347
89772
49168
39047
6057
57523
25557
97453
61717
21128
10190
32007
60214
39947
93129
29825
19822
30304
2701
37996
75685
86210
44386
39042
85308
21638
49148
96156
48972
63107
40945
80706
62580
17803
4876
70689
87503
91285
78430
36526
70106
74437
35273
78927
68077
30607
56604
24578
42569
81290
82009
8422
87891
16484
83045
63196
5378
82133
94321
34251
526
32482
94437
65609
76057
56841
18791
5938
62553
77086
88849
42248
33692
92479
25196
54117
52186
36800
82949
43695
86319
53106
35531
13612
70914
95777
87541
43337
63866
82933
61234
35101
82183
96787
55205
9594
50300
93162
19436
63619
16869
61704
12710
78770
13714
71953
64801
50196
38075
73750
51453
80602
65404
57472
41559
59604
6874
98564
27872
41456
60527
73140
3775
37342
47399
53276
20402
46317
3841
69682
77547
45321
54321
6055
75986
68628
24673
9667
40129
91752
3283
43747
48514
69776
99085
51209
54368
16384
3787
14543
79984
6893
57947
36428
12528
91156
33444
67549
86546
22161
91550
8784
24292
41182
78412
60996
44232
14930
61372
88456
58837
4635
68168
41360
46295
99833
33478
67992
92064
29872
29908
70544
15487
20600
96778
47800
82936
72190
13932
60698
14731
17567
80416
80331
86772
10030
22819
93950
60515
62627
89458
89562
68299
92334
5141
72689
15444
66582
9484
88453
21931
61307
36578
88833
1566
29946
5367
68610
65042
12339
79578
8148
83434
50499
65331
45497
85766
34114
40366
54138
39568
3465
29712
82757
54929
36381
9477
5855
28719
34090
29291
42920
44313
14793
90284
57644
69020
97678
70925
55843
12855
54204
10649
89476
350
32102
87412
18147
27674
27062
42382
33854
68654
1944
21103
7688
93915
8820
20879
3216
53641
82073
83535
42739
52553
34246
16676
40983
73048
31256
88657
77122
1514
50908
85252
52194
94069
24440
32946
33463
50960
35312
21064
73851
7344
39812
35704
8287
52639
35765
36102
32305
93898
58596
92921
34846
25095
91401
50215
49261
8217
34334
18070
59144
83653
60506
54429
17356
72833
48221
21087
85067
77204
36967
67056
96045
18299
90058
35427
35276
79085
5421
50812
19161
17898
15678
74792
31282
33803
86382
74186
28246
33246
25586
81247
86614
26021
89814
71438
51724
69486
41497
66472
10253
14100
45980
36718
89930
7123
63148
72033
65733
29774
41142
17680
89691
83168
68315
46943
88923
57424
41119
72779
47623
16601
49613
74619
90201
80373
86052
29090
87223
60517
93389
54297
81358
29062
67852
26006
11129
72070
47804
85129
48552
38422
83214
38886
30500
62082
82860
41982
83739
48423
41074
40953
13733
30124
22759
10946
86703
13942
22651
28888
37443
79928
65190
54133
32494
63004
17979
14596
29953
54475
85863
77862
7319
83246
33770
77790
26051
50806
80197
20310
89648
46492
38756
43895
43322
93167
29602
29556
87343
36326
62399
36808
90264
57373
97617
61477
21029
80371
56206
61761
14846
12526
79731
65118
56691
84994
83961
3234
98257
42801
63382
1813
42429
78796
40573
53837
30671
32351
1098
42820
63820
79339
58182
99313
66210
37283
89582
87787
13502
40784
44758
55097
88709
60260
74637
43082
86918
10270
60083
1523
11096
85035
1156
93666
14377
43357
8217
10794
76630
45803
48761
85668
14217
82788
44781
72412
30566
87453
75982
38342
36554
69782
67995
77270
11354
36577
59099
48986
79993
59879
52248
34789
38449
82307
57373
99305
39248
17745
18660
49483
47123
30261
7981
62674
16307
96457
90579
92803
3625
37951
98950
19840
86482
70219
82126
42289
81419
44434
19729
96943
29694
5166
7585
68853
72626
42702
65841
45488
88440
72323
10583
44909
82622
30842
6150
97979
4856
3594
79638
91387
67724
74990
62726
1519
51528
79269
63837
89447
40791
14347
81335
38468
37339
12410
14009
54407
74864
66343
84302
1926
56316
83361
81115
85024
91736
22364
39505
80823
65712
58198
91298
72892
6416
8139
24212
83216
48470
53881
80946
83430
30474
99664
4493
62541
63112
49246
85729
88145
32980
26688
17982
70315
33497
17510
82625
24986
37378
77931
68005
62012
31843
69404
71021
93992
64114
33989
88507
8552
43035
87194
38030
99523
15088
52891
45492
17274
12154
10903
70207
35911
12427
81618
78145
79535
23456
55723
22679
94241
44435
24629
42473
17706
83077
44606
95259
23152
29994
32217
5356
93938
597
16484
28697
13748
26034
26685
45482
73346
10584
32205
64239
56887
76368
16083
71319
93321
31345
29732
58857
29376
22544
53826
23226
94491
69612
55168
71569
19324
25983
22678
55012
57501
13090
4494
82717
97219
88706
47307
75660
14895
94244
52065
72234
947
24786
10508
60373
52073
84043
9122
89285
68058
44449
95422
2700
39091
59975
1581
18654
11608
42925
54087
53303
43811
70156
91884
84106
2245
15333
65149
56186
4975
65355
13179
45946
1133
22154
26048
79040
48672
38241
38807
33274
11860
97490
74655
67459
56910
18908
59448
5227
26116
76878
92462
9356
13129
79425
31382
93345
25760
85363
19435
3286
63157
69233
47610
99568
73744
17406
73440
83053
90678
21781
71820
27998
49289
74236
88181
38336
93935
50485
88085
62627
57306
69320
23015
68437
48617
55424
33849
74512
46032
21883
64303
92185
69201
54736
91697
95564
77727
8445
14411
32472
18461
87993
99541
95123
56734
40523
87974
6642
75776
73166
49134
22852
53632
26893
40534
89171
98439
81431
27502
32238
