51525
50063
50935
49262
49676
51912
49080
49812
51373
50016
51560
51525
50544
50465
51243
48133
50317
49173
49260
50235
50189
50082
48381
49823
51061
50927
50865
50261
50384
49266
49404
50235
49880
49014
49306
48066
50158
50560
50787
49683
49895
51197
50497
49945
50851
50257
48671
49409
49147
50387
48164
49415
48778
50056
49879
49516
48280
49169
48693
49814
49592
48895
50041
49542
49808
48335
50676
50598
50725
49408
50072
50292
49948
49078
49938
48871
49582
49701
50509
50074
47212
48875
48209
49875
49960
49691
50944
49424
47811
47786
49642
49164
49740
50690
49766
49694
51648
51358
49722
50353
49596
47967
50323
48996
50848
49826
50349
49930
50511
48904
49993
50885
49663
48962
49312
48542
49851
48866
50216
50694
48996
50006
50114
49184
50325
49531
48649
49594
49932
49923
49664
50733
50202
49905
50971
49536
51356
50561
50316
48622
50975
49073
49388
48141
49749
49265
49687
49741
47754
48933
50134
50808
52303
49107
50344
48697
50254
49438
51642
50448
50391
51057
51694
49861
49658
49236
51517
50531
50688
49839
48071
48809
50581
50083
49988
49171
50012
49636
46146
48200
49969
49520
48164
50023
50147
49051
49861
48067
49670
49326
51868
50840
49381
49499
49389
52521
48648
49859
50880
49740
49219
50416
50685
51740
51357
51291
50584
49656
48678
49099
50443
49051
48998
50642
49821
49491
49956
49256
49146
49360
49334
50037
51421
49169
49997
48694
50391
50130
49968
51803
50076
48134
49085
50987
48047
48345
49680
49749
48957
49679
49716
49960
49706
50446
49197
51809
50117
49003
49452
50948
50373
49825
49248
49716
50476
52754
50791
49528
50191
49557
48052
49139
49539
48097
48981
49737
52000
51380
50334
50135
49305
48168
50152
50476
48941
52736
51590
51418
50959
51888
49244
51071
50887
51244
48110
51340
51342
48581
47865
49423
49694
50381
50680
50498
52185
50378
48968
49827
49567
49697
51130
52358
50602
50524
50322
50979
51224
49413
50737
48541
49541
50361
49398
49267
49610
49857
50013
51344
51606
48414
49680
51024
51097
49299
49737
51115
49512
49697
50215
47722
50401
50008
50152
49620
49097
51751
50857
48506
49138
49399
50138
50272
51107
50098
49994
49875
49526
49863
49679
49450
49000
50399
49390
51878
50945
51984
50645
50046
48422
50080
50422
49375
49979
51057
50670
50280
49182
51605
49508
50409
49913
49691
49271
49821
50422
52553
50327
51327
50556
50214
50319
49535
47814
49926
49569
51132
51402
48659
50077
51245
48741
49876
48851
51176
50051
50588
50491
50467
50153
50146
50735
48733
49752
49985
48808
52113
50470
51162
50071
49890
49010
49047
48337
50452
50115
50059
49875
51575
50022
49866
51480
50509
50779
49378
49740
49085
51587
50220
49689
51779
50964
50040
49208
50351
51468
48612
50213
50183
50801
49029
48745
49366
50296
47834
50216
48234
50534
50799
48735
50208
49235
47527
50112
50102
49594
49289
50328
49745
50071
49857
49805
47581
49650
49441
50960
50377
49381
47965
51642
49541
48430
50730
50367
51438
49025
51358
48097
51077
50048
50261
48999
49852
49663
49879
49586
50760
48399
51535
50148
48575
49981
50326
49126
48983
50914
50899
50522
51802
48324
49151
49965
50820
50292
50684
49512
49368
49099
49286
48929
50389
49734
49828
50624
48789
50201
50453
51313
50815
49199
50357
48985
48987
51010
51011
50159
48322
49649
51607
49224
50658
50118
49846
49427
48363
48541
50702
52686
48644
49598
47752
50671
49948
50938
49570
49394
51119
48745
50194
48940
50412
51274
49331
50027
50248
49572
49805
50689
52285
50420
50089
48563
50043
49833
49403
50106
49016
52113
49547
48399
49163
49409
48900
50273
49729
49252
47984
48520
50447
51188
48621
51045
48947
49494
49600
49076
49534
50270
50105
49439
50265
51015
49918
50168
50748
47999
50615
50626
50178
49297
50100
50272
49048
49644
48943
50282
50212
49942
51734
49848
48463
50008
49115
48717
47950
49309
50983
48985
49596
49465
50671
51161
47679
48780
50529
50377
50233
51052
49604
50941
49276
49723
50186
51818
50614
51586
51163
50618
48700
49213
50410
50706
51194
49575
50067
48658
50415
48917
49998
50437
50501
49611
49172
49584
48419
50898
49845
50092
49558
50736
49698
49514
49535
50598
50198
52131
51433
49199
48753
49346
50534
48488
51437
50386
49821
48172
49216
49683
50189
50120
48610
50338
49381
50462
50439
50995
50363
50009
48240
49323
50571
51664
49087
50567
47108
50711
51149
49701
51491
51748
49650
49725
51172
49035
48226
50838
51684
50249
49978
49205
50653
50683
48719
48874
50185
49992
49506
49131
50234
49544
49005
48944
50446
49785
48951
50609
49070
50571
51618
49884
50448
49407
49944
48550
49962
48595
50161
50427
48077
49288
51478
50297
51590
49118
51443
52017
50629
49924
50457
48839
49882
52708
51361
49586
48054
50369
49351
49621
48739
50399
50098
48924
50758
47461
49694
50173
50496
50229
49689
49272
51524
49277
50695
49553
50514
49502
51485
49006
49751
50923
50710
49285
48330
49488
49689
50426
49151
49938
48890
50752
50586
50955
48384
48046
50434
50383
50150
50682
50348
47951
49685
50745
48897
50725
49406
49363
50242
50039
50586
50404
50408
49198
49788
50913
49784
49599
51607
50552
49108
51301
48787
50439
49930
50300
50553
49453
49793
51077
50359
50262
49677
51225
49990
49736
51389
50862
49521
49576
50805
52211
50544
50814
51378
51103
49749
48596
49944
51649
50248
48927
50773
52473
50700
51015
48988
47705
49849
49265
50024
49752
49860
49847
48343
50215
50491
50006
48245
49623
49059
50107
49509
50819
49117
49794
52698
49297
49762
51013
50840
50242
51631
49665
49904
49808
50536
49425
49369
50445
50308
50408
50066
49300
52809
49691
49978
48934
51039
50101
50992
49635
51382
51785
50611
52482
50315
50367
50619
49523
48855
49986
50234
48875
50780
49804
50396
49079
51318
51421
51385
50371
49713
50542
49403
51316
49831
49025
48847
51000
49421
50118
50306
51036
48666
50127
49468
50219
50940
51038
50880
49593
49317
49917
48693
50463
48764
50739
49733
49148
49519
49628
49987
49693
51004
49993
48482
52065
49000
48379
49809
51128
49624
49422
50330
48031
49361
49478
51078
51684
51535
50301
50605
51104
48668
50895
50645
50349
48860
49826
50643
49167
50633
49963
50478
48304
49726
49648
49279
49197
49328
51283
50063
48646
49958
51867
51245
51390
50408
51798
49929
51003
51999
