51074
48211
50281
48975
50627
50203
51619
48206
49230
48580
50089
51230
49326
52136
50125
51105
49630
50109
51337
50057
49568
49354
49712
50024
49466
49523
49901
49619
51828
49588
51278
51686
48416
49054
51590
48994
51001
49711
49866
49456
50900
50268
49582
49599
49594
50734
48673
51978
52349
47935
51658
50642
49680
49155
50632
51171
49325
50862
50685
48309
50123
49838
49492
50391
48524
49555
50031
50902
50137
49913
49397
50991
49710
51227
49199
51034
50932
49641
51276
49730
51013
48974
51087
49563
50123
49413
49090
49145
48250
49853
49630
49036
49460
49192
51807
49612
50245
49432
50097
50635
50004
48379
49484
49474
51477
51987
50087
49711
51771
49110
49782
50263
50864
47720
49988
50072
50774
50462
49564
48978
49553
51120
49610
49272
49440
50692
50753
50070
49641
50443
48987
50318
50137
52686
50649
52509
50083
47901
50963
50674
49767
49234
48877
51327
51261
49006
50204
48354
51471
49203
49607
51343
48240
49356
49534
50528
48981
48628
50899
51260
50292
49491
47884
50764
49775
49546
49197
48497
51120
48070
50195
51291
48578
48606
49640
48352
50307
51020
50399
50938
48748
50479
49224
52023
47693
50688
50850
50991
51171
49237
50352
48968
48129
49753
50294
49828
50545
51154
51548
49805
51018
50553
50081
50466
48336
50765
52473
48728
49273
50177
49553
49005
48578
48731
49990
49427
50531
49099
48813
49399
49696
46332
49534
49838
49008
49089
49663
50368
51005
48724
51018
49193
49807
48636
48237
49502
48710
49315
49914
49368
50775
50257
47757
48393
50537
49199
50233
49288
51926
50447
49742
49220
48889
50874
50373
50406
49388
48194
50235
50257
48042
49143
51296
49309
48798
49575
49071
50387
50492
49743
50095
49156
48707
50021
51394
51596
48811
49608
49861
48751
50161
50160
49814
49840
49459
49029
47853
51477
48251
49592
50405
51035
49770
51813
49788
50752
49135
50513
48916
51570
50067
48819
50100
49256
49686
51151
51577
47750
50470
50467
50682
48433
49612
49235
48771
48811
48850
49881
51577
49531
50247
49699
49641
51092
49847
51006
51379
49494
50530
50756
51046
50901
49384
48894
49530
50589
49606
50974
49215
50786
50812
48711
51369
52101
51219
50707
49730
49192
50225
48559
47417
49039
47750
50589
50128
50330
51784
49747
50250
48814
50935
51023
50604
50372
50814
49184
49227
49200
51104
51697
49954
48769
51493
50018
49729
50109
48054
51697
49947
48958
49593
50511
49304
51217
50870
51503
49957
50751
51287
50559
49029
49811
50168
49459
50687
49404
51273
50315
50587
50355
50130
50392
50370
49174
49824
49242
49107
47564
51457
49532
49971
49929
49417
49233
50144
49704
50265
51386
50482
51879
50069
50452
50201
48443
49461
51264
48079
48122
48268
51481
50060
50723
49479
50288
51695
48290
47630
50807
50803
51372
49759
49104
50095
49881
51085
50107
49622
52215
50947
48308
50924
51485
50276
49727
49743
50212
50520
49152
47274
50608
49632
50052
50508
49462
51235
50653
48938
49534
49942
49045
48887
50278
51932
50974
49086
51355
51099
49974
51760
48274
50386
48435
50827
48945
48984
49704
48932
50128
48747
49628
52032
49617
50210
50855
49866
47787
51262
50321
48939
48352
51380
49431
49730
47815
51358
49851
51734
50180
51614
49181
49953
49710
50395
50532
49602
50055
49013
50940
49012
51517
49429
50096
51855
47948
49802
50017
49586
51044
49687
50334
50789
49143
50165
49436
50848
51158
51071
48205
50898
50434
50224
49436
49181
48509
49748
51235
49453
49975
51067
50169
50730
49249
50576
50990
51095
51177
48844
49832
49574
50224
50386
49318
51191
51831
51417
49460
51862
50033
50936
49131
50223
49036
50168
50253
50486
50870
51028
49888
50435
47434
50585
49583
49775
50625
50043
50333
49101
50913
49805
48389
49810
48528
50407
51566
50109
49249
49201
48960
51565
49920
50595
50803
49590
49038
48946
48878
50681
49128
49168
51569
48519
51159
48214
49907
49923
49414
49610
48697
49574
50286
49229
50393
51748
49016
48989
49990
48608
49909
52306
48782
50323
50215
49680
49414
51173
47684
50037
49851
50281
52032
50131
48088
50274
50498
49547
50035
50944
49104
50644
48717
49861
50121
50006
49525
50893
50178
50181
49769
50735
49384
50846
48797
49106
49536
48888
51213
50725
48927
50099
50038
49412
51485
48867
49680
50859
48838
50446
48727
51083
50720
52221
49604
50307
51010
49673
49447
49780
48407
50348
51061
49998
50461
51562
49895
49066
48874
49887
49616
51091
49092
49677
49236
51525
49831
49256
50762
48750
50890
50453
50076
51692
49314
50366
50134
49508
48023
50046
49911
50786
49040
49502
50448
50184
48719
49625
50529
49838
50754
49659
50455
49919
48932
50063
49903
49551
51358
47796
50869
51660
50009
51123
48692
51248
49523
49711
50285
49704
49759
48804
49925
52303
49446
48007
49687
49469
48564
51859
51724
51004
49382
49754
49575
50147
50289
48765
50105
49767
49563
50213
49276
50226
51545
51155
49547
49132
49977
49498
51098
52046
49808
50144
47947
48918
51416
49507
50236
49221
48478
49804
49367
50943
49434
51286
48362
49541
51288
52035
50434
50735
49613
51938
49815
50426
49799
49915
49670
48911
49499
49619
48553
49801
51431
51308
50557
49266
51315
52125
50170
50997
50518
49214
48545
49911
49391
50167
49615
48672
51276
49593
49571
48670
49166
50017
50227
49336
49412
50265
52370
50128
50116
49311
49700
51347
49617
49534
48906
49728
50893
47800
49952
49879
49000
51793
49345
50884
48715
48892
50012
49719
47913
50952
50636
50268
49797
50551
48245
50463
48565
51835
49681
47846
48641
50868
50670
50294
50986
50002
51691
48229
50347
49030
51368
49378
50133
50987
49103
49897
51060
51381
49117
49367
51786
51508
50400
50389
50377
50285
50387
50421
51396
49959
50481
50449
50132
49550
49536
50012
49459
48998
49579
48839
50337
49157
49456
49218
49368
49938
50652
49156
49618
51082
48615
49754
50299
52542
50995
50856
47872
50125
51349
48954
48664
49598
50530
48984
48187
47896
50926
50433
49604
49862
50596
51296
50245
48122
50418
49995
50315
50086
48578
51872
48972
49599
49723
50394
50908
47466
51156
49917
50529
50722
52144
51245
50620
51448
49855
50765
49780
50558
50912
50318
51626
50233
51301
50700
51053
48105
50216
51268
49975
50889
50108
48894
48796
49617
50245
51403
49477
48923
50846
50573
49305
50478
49405
50362
50239
49794
49159
51034
48941
