55116
48784
61836
60707
37880
28770
63155
42731
74652
61665
7648
52266
77027
9496
38881
64013
68683
92114
81553
35436
1799
66475
65578
45481
41527
59249
45366
6426
2236
20110
16891
54418
79060
36087
22188
93711
1282
33445
32383
38340
70915
84896
5421
20320
71999
3686
76597
74301
8431
22418
70237
4742
26032
52372
56290
56842
17828
26521
60657
84784
30804
55211
13431
77409
51922
8116
51085
2154
620
27828
68499
48449
98224
35157
55324
54665
57569
86818
20898
75943
13275
17691
22020
96989
79871
3825
44362
55585
32913
21009
23522
57860
29073
5754
72145
7218
67446
7890
26713
83893
57021
56283
291
58919
59478
73771
63120
99884
5065
96241
41596
12081
48955
75230
94791
51330
38020
99346
45625
74845
87260
72772
19093
5734
20858
81040
64116
30724
70890
75108
10873
97854
11022
76260
71881
53730
20626
37742
89412
26922
82270
72177
96947
56653
96608
37157
17263
60230
29653
33573
16662
30876
37530
5931
43352
19924
83443
77469
23241
10780
13064
8995
11069
69032
43213
82350
29769
83084
35768
2095
92135
24358
73248
14372
33832
67805
20277
58812
37529
56765
63083
58010
8596
79074
84497
35105
69590
92988
25205
26682
27612
54055
61489
89753
58791
93153
63461
56322
10428
25028
94464
55186
81560
72483
73795
39069
82891
24881
56352
31765
12033
59770
78864
26196
8066
95609
121
75299
38994
2459
78949
70587
655
50008
74269
990
51653
40654
21152
64806
51394
93776
86437
59047
31329
52547
71637
45765
7758
80423
43148
85908
98679
15293
74335
16147
42957
21532
28308
25313
24148
18943
19625
52419
61240
42349
66315
95813
68583
5273
73541
96084
65040
7089
90324
33576
98870
85915
50485
31183
85913
61960
50189
60958
80300
12084
6493
21098
12947
73376
46114
32291
70786
24180
58503
91511
69545
55737
3486
56809
33077
59814
43313
73710
59683
33463
89457
13984
68355
68725
40491
73434
2317
12525
98443
4621
4652
62815
22486
98349
63964
44137
61938
87185
52843
35335
14537
61921
64758
24223
73648
98677
29516
12121
45460
72904
26510
26851
82854
10099
96889
40674
75480
93168
70021
74855
82949
53849
22336
43446
36060
81096
16084
78013
9750
73085
20956
97681
27796
23463
79667
40489
9587
25263
22240
24783
30955
57422
48187
6306
35397
28075
20145
77025
85771
62608
82312
74741
38602
64780
76405
3661
58150
51472
74848
12985
30151
21144
41567
5351
2333
97633
35293
8469
3294
58864
60596
82669
57677
60209
81688
33538
79273
18931
64404
6290
92881
17575
78343
22782
55605
85319
69444
38927
34058
58544
31877
13830
58432
9880
61311
91432
44846
15908
95672
31048
48660
85037
75339
50589
44026
91600
95103
74481
64887
36927
86483
94969
34701
73359
32070
8906
73520
16474
80145
58280
75477
91877
59499
50138
76003
34087
65705
77916
50845
69660
24139
24129
75398
93631
25566
23626
21750
44462
87667
31888
46329
84520
98441
76164
33114
50957
3667
90546
8936
55730
10948
66675
83170
17955
34075
71968
71979
41146
27951
35497
84602
92996
86576
94599
98209
56011
63901
20238
66147
16575
75929
43570
87416
38459
5736
21781
19751
27869
75932
50629
16441
33507
26117
58408
20780
50213
24095
12098
37776
14673
40607
30567
8389
92998
92439
31954
1354
20639
47200
68039
68802
76150
5046
64305
64437
76203
87225
38451
53159
60089
32850
35433
11837
50748
80768
18232
59789
6759
91101
64611
65504
57538
9647
77673
61547
90563
82174
12816
72798
35347
67935
84497
9010
46875
16648
45566
7115
45366
67741
98588
26520
56045
78609
24769
46529
57817
91970
63167
39239
28498
95744
71403
86516
61750
64789
1873
83413
70226
64523
31497
54913
58615
14231
60521
15652
69358
34740
27867
16493
17060
75925
35909
77108
14523
7458
91639
71723
59118
93236
83775
46240
79924
89575
64301
45436
2739
23292
49095
83852
45193
63584
86500
88599
49565
84648
28927
98692
66904
53264
70808
62303
38776
18680
11213
86933
30469
33296
17000
79768
54717
46976
35476
14476
22814
24319
71640
55981
23121
59450
99441
75115
60452
7161
89233
58792
48210
5010
18392
12329
97569
75365
76210
74549
17662
5661
24019
56602
92914
85076
27246
82112
92065
89588
24152
28772
13308
59361
9619
2637
56168
271
47346
90337
58180
98942
59195
66404
94328
80903
21310
54752
27156
55487
89958
40964
56644
30733
99615
233
23611
8494
14841
98149
91888
36198
57605
52190
19518
46546
15807
73720
52797
8741
91910
99260
58950
74754
12509
43526
36728
47014
42755
76430
66446
69085
79332
78636
29671
95284
12343
82920
41605
98834
75351
31048
35198
6673
6424
24432
16864
18419
5898
60776
38390
79847
6142
22746
78909
57485
64621
49165
67826
2071
84476
15230
41393
59922
77757
13826
29099
16561
15165
93473
3779
75280
78302
69582
76040
29313
19056
58149
50399
3321
96095
56124
45736
66056
46238
76227
2192
10373
356
67483
6304
92704
80349
6527
96677
30845
27439
84783
36035
57595
27754
39940
89010
75410
19700
70355
18959
3308
57223
32403
58617
15349
74827
63823
88912
85483
60901
82444
17706
44207
1639
28863
60457
2378
24081
53586
56246
48270
57799
27315
85905
13772
59369
28362
55142
80330
78746
66665
70377
78911
85936
9429
84334
14426
1485
29112
47091
69604
54277
19838
51725
39678
524
74171
76871
70158
14554
5997
15949
44403
87658
25351
19446
96352
60107
73218
23202
10866
86756
7244
83723
58823
84645
63098
32775
76311
13139
11904
2973
64302
3232
49807
65584
56102
33857
41595
56292
56031
93629
77746
58713
80507
22666
73823
44423
17886
39794
93415
87634
57530
98899
12105
84991
40244
49742
61318
21328
25608
84524
86223
11064
18302
7552
72161
39827
75979
33760
90428
92744
28072
66238
36477
96724
1828
87076
3508
7198
20815
37638
59764
21920
16240
66703
43687
70682
27872
76129
68533
78453
83553
62135
83245
51244
19018
748
64177
57531
11150
48971
35921
80608
88713
44437
88399
22663
64462
68859
73385
26496
41186
8753
11732
78556
57116
36459
83956
18096
70612
52612
87550
54850
61179
39444
64331
67804
84504
98304
5440
51180
70224
31845
1054
96468
76681
36753
69398
76963
39134
30907
97463
90669
98049
50289
71789
35570
31643
45376
99294
72995
50703
51268
32656
57164
28272
40451
24508
43614
24834
26979
5221
8308
46627
73724
76595
84998
99734
7245
25798
36428
55317
16752
