41906
33990
46021
88399
4494
41906
67445
35255
19972
96206
89294
40769
56707
75251
47227
31539
63584
45550
12187
59111
28888
49947
25873
89771
61286
46953
95502
8044
35992
80307
48189
40647
47256
11122
34175
1989
47349
77208
34971
51647
55415
75794
51358
40033
79231
74280
69430
48378
55689
77428
34572
61158
72216
27352
1207
13314
10248
92846
44881
94767
67574
29350
62286
64677
32064
22265
2885
58548
52888
83040
9179
55671
58342
1142
88911
57362
30458
92259
36066
53559
76103
71241
92297
53741
59441
13448
98979
5065
82108
65354
90427
6300
32724
40614
47526
52387
37281
88557
97413
35662
2108
17391
19771
86450
81300
7791
13059
12449
39032
93246
52100
32587
25293
13844
11735
32560
73924
27313
24040
67199
68004
34546
51001
57298
71488
62789
17534
18332
59309
65923
15186
6325
88374
68441
96958
34470
63619
42885
50230
29476
9383
2758
47968
97870
49913
17496
49898
78862
13376
63321
29995
48618
60849
31601
91583
9961
818
58390
32865
83489
36985
34858
89828
47025
50196
85246
26909
47753
45008
83959
23714
80784
68932
20303
52001
87987
66575
82333
29378
66050
56431
36175
27150
86213
86160
79401
39503
54313
48751
95147
84827
28914
12049
68121
18262
24702
25883
71650
1555
46185
26547
40770
28018
27251
39760
94766
50355
40655
74205
98671
53459
93878
65744
22127
64299
4948
75203
72243
63309
11110
47836
88616
60633
95081
29540
50851
21447
67412
80210
26594
39560
79973
59941
93820
20521
7488
42339
56368
26614
63986
26983
39149
33996
53322
76018
48258
8828
50511
21967
53568
75732
5872
73703
39703
22535
37079
42372
82843
67123
7586
9228
74904
4766
51532
88253
12572
94161
22286
62785
17128
90681
37803
11290
93070
88023
77316
33663
34255
89423
95449
96804
82849
50271
52054
26530
21612
9804
81202
99711
21227
70785
40690
85639
86092
93864
42657
58187
81103
33330
84517
38736
80831
6504
96518
46691
45965
88136
35768
9750
84862
56741
11337
23314
28621
6540
57866
53443
56232
49783
41064
88592
5826
22596
55862
80901
70216
45932
5581
42380
44855
29896
45255
67546
65679
19724
85636
63994
76108
35670
21862
71240
50094
98897
1456
99537
976
59294
88402
51055
26915
12849
42698
73001
4966
70662
21073
90306
19111
67950
85959
68130
53497
90954
40423
72407
91513
75284
1073
42259
1991
69876
44745
42775
90287
34561
16919
57847
83458
54135
66104
23379
21690
2657
9625
72900
98318
70345
57755
27290
65856
67790
75570
41661
73403
68980
23138
298
82867
76302
90722
39248
84424
87156
86908
34762
45729
89800
81891
24302
89963
30786
8183
30508
1614
91275
27835
15013
94556
68841
35730
47466
2367
29521
92641
16805
2582
25034
40318
49842
58939
57805
76060
47324
76171
1454
65377
76185
87650
2204
2717
89656
6726
12412
14288
28334
65343
63226
86943
10862
47605
70843
48324
47098
14110
19782
9769
84834
2610
38164
95466
29332
19084
43634
32986
60221
49614
43908
2007
99942
25807
98674
40486
84168
39711
26783
83244
61294
84334
39993
8961
32354
71200
84564
64083
97332
63436
69142
10007
54156
21666
86893
29981
1421
13385
82445
84350
71501
46838
9808
90576
88928
82211
80937
97290
36662
81670
66807
29076
90970
27546
24035
97876
63569
43795
4187
39393
35723
70214
15176
57304
63716
57786
56586
88972
9830
80382
47310
64853
60230
47136
26947
2057
87323
92721
78917
89747
96324
82830
81369
52260
68489
13810
75987
49890
26828
79140
84382
37197
34481
17719
7243
41125
53214
94121
63416
9182
15146
60916
79347
78190
54015
3566
186
33151
51650
98094
27511
75505
12381
41633
75952
30074
28208
43472
81032
14410
89977
57721
18841
61380
70231
80270
71590
76864
33241
95345
61287
30493
90847
39923
16834
28214
80368
27725
58740
28578
85599
97510
91332
90485
3267
52206
53962
7874
91943
97800
32728
34450
73193
56555
96964
46602
27989
660
38904
94594
51553
84521
90981
51651
41636
48467
87779
49502
54203
21367
79031
12244
63776
6907
2675
98533
54788
83481
88853
92989
98818
43595
80367
59156
84794
46013
242
59422
97211
87668
87100
1795
29938
32483
79606
52080
68873
93991
12646
36320
97812
22692
63888
36737
17849
87300
17894
98231
35779
10895
73209
77881
83481
67919
58232
22405
69123
45679
86267
22054
88389
72596
9755
12320
70470
90479
23770
9567
15065
66193
62647
38997
35358
24564
46015
23610
49244
93771
70860
5463
77323
20323
26478
26194
5455
72822
6067
45217
37025
43250
7779
24761
11096
78404
58323
78630
69691
7087
26670
11135
14795
21385
12635
59749
70909
23675
2946
29582
35642
32469
95002
83048
33463
12806
88506
68212
19390
94889
65374
51049
39778
91579
75030
94104
43708
69315
9322
102
95626
61401
28811
82564
26976
40769
56240
70298
47243
99434
92603
90621
99131
42039
33604
58184
82422
69754
10378
94746
49610
46870
64163
74682
73274
56478
31507
41910
57991
79086
7186
13397
66613
50536
38066
84277
76746
58250
11767
19516
42628
79335
15044
16701
39570
5298
28876
67549
838
64175
33839
94626
97392
60727
46320
74134
88100
84566
1088
95709
89775
91532
14529
91461
4572
28875
35081
46236
15095
24919
86451
71755
99576
3738
19018
18890
39984
8234
58674
42504
86477
93259
96158
66214
62595
69376
21325
80709
28830
87970
26084
35975
48563
2811
60477
3044
58730
18369
83925
98721
20496
56140
81724
85764
95515
60790
59432
70560
68433
47597
23863
86926
59528
90840
62924
23022
91604
90452
84353
63132
77564
26329
44762
90398
48244
75875
86015
32200
71984
74522
78151
27242
53535
42420
64397
11713
96303
43187
25020
41519
21000
16151
14919
64907
85323
62307
38867
49871
95091
81250
29969
91437
19604
85891
97425
67161
62591
13321
45377
44593
99769
99647
43991
30267
36258
40827
35088
95679
52583
28278
30226
9283
18970
22276
64587
66479
46383
76255
10707
31456
91825
34330
30079
50941
97851
23629
84904
9079
1535
75716
42577
64744
54677
99388
45368
52376
84503
78377
40861
7751
45888
3745
16874
74877
86456
25106
95701
66349
40171
5489
28451
49431
27792
87093
49486
16128
21025
78553
26723
73971
33232
37794
23314
36124
28597
9933
94048
43596
59579
64972
86943
3055
81866
16882
96230
10127
81856
41256
92792
40603
23221
15071
68795
25774
52134
80678
86698
4172
98870
89206
17299
6961
7700
23682
18923
50581
