48908
49336
49743
50071
51223
50280
50045
50292
50661
49624
48006
50339
49891
51853
48908
50116
51831
50801
49391
49768
50999
50800
50207
50586
48731
50858
48636
49946
49723
50649
49568
48442
47823
50095
50288
51129
50267
50805
50876
50479
49465
48717
51120
49265
48986
48931
48482
48787
51638
50019
50043
50143
51739
49657
50418
50123
48244
49929
51067
50027
49332
50255
51054
49952
49469
51353
50382
49578
48597
48612
49265
49382
50398
47743
49401
50299
50336
50412
47359
49797
50604
49002
50940
49792
50069
48530
51189
48549
50102
51717
49831
53064
50120
51142
51562
50554
48362
50677
48653
49574
51733
48056
50039
49562
50415
49841
50251
49829
51037
48367
48509
49891
48785
49276
49839
49517
50310
49970
48707
48135
51748
49702
51110
49527
49182
48146
51130
51382
49279
51120
51204
48922
50150
50136
50722
49684
51920
49940
51405
50573
52396
49045
50043
49939
50283
50092
50447
50542
52189
51321
50918
50530
49115
48632
48571
51082
48202
48921
49231
49645
49520
48238
49070
49345
50272
49744
48886
49715
53205
50650
50649
50202
49692
48657
50483
49925
49533
50399
51348
47942
51889
50566
48873
50271
48762
50949
48956
50727
50093
50412
48688
48940
50676
49261
50181
49152
49817
50345
48618
48453
48723
51473
49144
49224
50421
51695
49995
50406
50868
49096
50624
49477
50935
50873
49311
50350
47905
50257
49421
50146
49840
50386
49867
49879
49799
49226
51401
48815
49877
50370
50189
50153
50379
50644
49046
50196
49066
49130
48523
49750
49677
50083
51254
50279
48934
50777
49390
49903
49271
50517
50589
49604
50377
49909
50279
50942
49378
49771
50471
49755
50229
50662
49580
47772
49959
50526
50009
49974
49642
49623
49010
51376
49652
48862
48470
50365
50016
49545
49622
50045
49898
49995
47728
49462
51241
48619
49393
49911
49148
49451
49569
49756
49164
50146
48473
49083
50282
50522
50006
51250
49365
49550
50881
52016
47882
49570
48837
49558
49313
49231
50001
48656
51616
49606
49052
49386
52470
50766
49952
49618
49996
50803
49770
49292
52275
50274
50236
50120
50491
50633
50021
49627
49948
49814
50000
50950
50374
48663
48807
49787
50740
49112
49929
50791
49495
49294
50916
51187
50241
50132
50870
49341
52417
49708
49309
50757
48977
51584
50219
51722
48600
49478
50993
49492
50149
49846
49511
49803
49865
49720
50365
47984
49436
51070
50985
49874
49183
51018
50336
49150
50677
51084
52240
49298
49655
47563
49377
51940
50712
51276
50748
49891
48745
49524
49867
50778
49621
49954
49870
49364
50588
49071
50348
50345
51106
49625
50249
48199
51113
53224
49175
48934
48648
50244
49499
49330
50158
49152
48746
50604
48867
49352
48538
48637
50386
49122
51101
50515
49634
51527
49280
50265
49235
50280
51089
47591
50374
51364
50831
51396
49413
50765
50978
50807
51055
51393
51631
49373
51278
52353
50683
49591
48247
50383
49262
50309
49945
49342
50013
49484
47548
50677
50400
49058
47851
49010
50359
48882
50600
49962
48282
49637
49072
50535
48729
48789
50312
50149
50934
51802
49065
50783
48989
49221
49145
51920
49715
49278
49896
51258
51073
50724
49818
51484
50107
49754
51659
49867
49451
49608
50775
48533
49981
50011
50516
50329
50995
50783
50316
50249
49367
49960
50433
47945
49623
51350
49296
49505
50653
48825
48124
51097
50079
49561
48724
51890
50237
51644
49805
49588
49064
49081
50697
50363
50798
51382
47695
49848
49611
49668
50703
48314
51431
50335
48477
50120
51265
49806
51073
49728
51300
49345
51635
49080
49714
49780
49509
49911
50998
49467
49788
47772
50555
52149
49381
50752
50638
49320
51635
49475
50492
51227
48488
50371
50288
50150
50260
49439
49262
50218
51514
49507
50738
48977
48120
51738
50813
49589
50767
49756
48498
49585
49072
50046
49915
48079
50060
48091
49510
48644
50978
48661
50055
50111
48666
53562
48608
51221
50830
49584
49092
50567
48528
48430
49952
50043
51994
49508
51062
51786
50611
49709
49930
49477
48373
50421
52767
50313
50483
48387
49790
51153
50450
48867
50579
49348
49928
50780
51142
49155
50714
51342
49813
49291
47619
50209
49905
52394
51939
50235
50069
50370
49082
50126
49882
51268
48082
48893
50269
51011
48785
49135
51223
50440
50142
48600
50471
49587
48558
50309
48052
50359
49233
49484
49357
49633
50212
49733
50444
48022
49536
48961
49425
50555
51520
51361
49481
48330
49598
49923
48934
50360
48912
50458
50555
51447
49292
49819
51351
49774
49717
49330
50512
48241
48410
49654
50055
49930
49923
49827
48795
51560
49118
49878
49635
49874
51074
51867
49435
51739
49881
48688
49732
50296
50009
49375
49480
50068
48938
48832
51933
50066
49000
49712
49175
49395
51232
50267
49568
50692
49133
50383
51242
51707
49336
50777
50395
51864
50932
50957
51274
48173
49009
49007
48453
50748
50872
50363
49652
50291
51224
49228
49234
50343
48299
49638
51250
48405
51373
50796
51316
49694
49744
50234
49770
49189
49060
51421
51626
51899
47654
50098
48076
49075
50350
49412
50393
50684
49201
48198
50319
50329
49855
48608
49808
50648
48779
49537
49697
50425
47971
52114
49521
50870
50266
51550
50793
51261
49038
49913
49023
49298
48979
50427
48924
51038
50433
50498
48228
50736
50325
49564
49747
48562
48328
49753
50006
49698
49688
50279
49169
49882
49495
50678
50449
50012
48993
50059
51047
50138
51135
48043
51205
48979
47702
49854
50504
49156
49573
50842
50443
50472
50909
49413
49458
49340
50675
48338
49172
48292
49310
49971
48322
50693
49043
49785
51199
49036
49760
51185
51652
48766
49973
50078
51909
50658
48905
49792
48653
50244
50250
49644
49742
49421
51343
50023
50907
49630
50812
48759
50218
50285
48639
50068
51713
50290
49224
48861
49499
48994
51194
48475
50939
49820
52844
49110
50580
49270
48918
50707
51398
51420
50370
50277
49717
48813
51027
48440
48943
48879
50293
50062
50898
50372
49123
49994
49842
51236
49292
50675
49359
49529
50883
49487
51551
49342
50209
48596
50492
49783
50975
48230
50314
49104
50234
51344
48476
51255
48383
50531
49279
49149
51171
50867
49753
49731
50893
50128
50808
49441
49112
49466
49068
48448
49884
50586
50453
52658
50562
49007
48767
50469
49283
49181
47670
49722
49559
50537
49127
48818
49612
50362
48591
50241
48110
49825
51093
50743
49444
50586
49503
50064
51013
51056
51492
49177
50047
50292
51042
49432
