50864
50747
50047
50864
48753
50690
49606
50893
51863
50137
49079
48771
50874
49295
49224
49662
49583
48422
50691
49111
48763
48811
50383
50024
50978
50292
50378
50596
52514
49450
49764
50630
50482
48564
50201
49404
52541
51987
51314
50986
48462
50519
48140
51039
48909
49262
49660
50242
51848
49932
49709
51368
50551
49126
47341
49203
51000
48104
49219
48665
49295
50673
50896
49552
48828
50294
50533
50200
50682
50865
49125
49095
48544
50063
50672
49053
51705
48903
50773
50927
51677
49832
49985
47742
49957
49920
50973
50488
50413
50182
50421
51409
48658
49845
50442
49665
50201
48975
49138
51019
