90871
51124
71207
24563
59573
84087
85426
31263
54405
90369
30714
24777
75068
83800
48468
9147
45950
16889
8988
73737
74514
58189
35619
84255
343
23796
89170
95544
79834
68340
21394
66434
35760
3784
3389
66904
95047
95393
47634
66595
71050
1660
73979
79278
28574
12326
38564
79323
26066
15858
13071
68298
3289
67243
20529
74380
64923
65879
11431
65860
92168
1960
79367
2948
77213
96537
79861
78103
93054
22984
15193
82212
44617
62808
79237
80688
59540
43753
22580
2913
4114
21923
14278
15788
55989
1915
37474
75991
3496
72244
39436
13305
50250
75691
82839
56072
42888
89332
52085
98427
7131
72867
98251
18725
28543
24677
9769
5748
30678
90127
9945
70764
80580
50964
58187
97093
82136
97315
55377
37988
68444
72663
64142
22252
42530
64738
61937
48332
4246
78634
76369
59295
12834
44899
64143
48893
45351
69366
67998
22042
45486
26128
83644
50850
6307
46128
38052
85658
43621
19184
18845
22649
64918
45379
68294
72770
8379
40089
83142
84786
10643
46600
74228
73449
41064
20636
39574
82226
84112
13902
33548
56989
17360
67904
25462
12626
6941
11119
87941
30744
53097
80129
29824
92898
19048
92774
55042
94459
23329
14184
81272
41069
63489
19516
44120
78313
37708
4933
76744
44141
98316
91074
65501
48302
19346
31900
75752
83289
72392
80930
96569
79836
96413
67206
25522
48177
95536
8438
36728
15348
87524
67534
91344
25070
73751
76138
45090
79128
85214
8641
97909
66440
40626
92730
57050
58672
55041
49861
44947
88842
991
44516
8118
84858
54548
80468
59606
52844
61005
58626
4004
91435
58141
82210
39379
98131
60049
34375
2846
77154
70636
70123
74386
24595
63220
35024
15576
85406
35229
40343
64299
17252
7420
81706
98519
450
41018
96188
15524
97294
4198
59038
44797
55084
60738
40986
73418
31045
11560
67789
73007
33677
53723
88437
55473
31385
80864
60217
83003
58644
15070
14260
92169
37313
78483
85107
68339
69415
63601
89238
4308
56828
72278
80840
51103
423
50020
97717
3012
52755
76993
36576
50083
32184
29904
97391
77342
31909
57338
9196
28486
80818
24710
51104
5368
58962
34613
38773
89177
55057
15659
83091
84303
53792
33441
98971
51818
56338
41628
69921
21484
60051
29459
9732
90346
79522
65170
34686
54428
88920
22395
29838
10778
42656
52149
61094
4457
31453
72330
56045
34609
66353
63665
22672
66521
4772
73835
42522
23547
2600
46884
48370
35236
58380
4073
86574
47397
96896
23549
48034
50247
50647
96414
36944
29999
63169
26374
2854
96239
20339
60679
84222
18226
64633
98223
44870
23252
62737
7340
66402
65728
15882
86761
87069
77357
82852
17552
86693
63028
35873
31850
75502
13711
63511
58992
20360
41906
90747
88330
82393
41839
80180
15497
7440
49283
70419
4244
90680
53316
45853
41835
34462
65397
11780
96200
95145
63438
39747
81760
29352
91687
76027
78909
35492
12585
20034
3240
26062
64063
23524
61499
37597
48363
1941
80459
87672
27009
16747
10348
51817
85632
35554
67744
92882
90936
18726
62046
9464
2384
99575
97196
81618
41894
43546
443
95266
68121
80295
65345
94478
51513
93847
62903
86464
53090
82262
51268
87400
18246
60560
14514
3112
42828
97302
10301
44374
61722
8055
12112
29355
72798
63279
71434
10212
38003
99188
59389
93332
437
8742
96303
86835
59479
90375
62011
47812
65602
30008
45251
88208
33211
58626
99971
79624
11000
50168
5148
58210
51041
20648
25922
7181
70803
44358
56615
22040
32710
26960
95105
69007
48167
89399
21266
65018
20771
87799
10499
57738
41067
56678
57616
83189
3638
25405
51692
32280
61487
74151
10402
26191
85478
20052
15565
98606
49236
62809
48343
11464
98842
68467
64851
98214
11036
58858
38372
76389
95075
24145
48874
74480
55898
41531
4459
6275
25937
81890
38286
28792
10070
6912
45476
32036
10034
46760
1929
4157
92736
48812
4900
61343
990
81695
28749
10294
30376
91319
22213
56983
17521
44183
93924
2208
85479
3718
51583
75523
28078
73317
41970
72782
95754
83980
51097
39329
83273
28531
66705
31065
87378
42049
64316
45622
28866
26878
94877
22481
84807
48095
81889
13843
31004
38637
98908
26628
41656
97981
41576
96742
49884
64239
17817
98656
39758
49475
42626
85587
93217
1934
60456
37513
88804
45507
35086
32839
47635
82550
6501
31320
72951
94552
98260
51005
40699
99165
1019
59607
73454
79357
63228
14974
84894
7689
78470
67579
77084
24793
44997
16682
9507
16099
59958
47882
7837
52938
18628
74345
37998
45247
69124
84667
29662
11372
44476
25117
72152
45190
71848
45421
99133
45563
63040
49641
49271
16731
54651
25016
38347
44036
44074
13894
56206
96847
64223
54460
9322
64700
73656
25244
5670
91851
83988
37188
43475
43102
67241
82107
18130
52490
78451
86960
3800
65556
95366
14702
70362
74166
32168
74799
89105
47100
11972
93933
44046
67270
59968
97135
90148
89005
2505
97083
37033
85002
93748
65014
41800
43740
14307
46342
23358
37358
82166
36765
63613
41521
24326
42273
94927
70925
19274
91120
52497
41124
3366
98755
83337
71928
5077
46231
42020
4312
93887
4596
33479
5788
89977
86096
79289
40003
18936
93447
44882
75271
7666
38860
79824
30612
62851
48640
82219
99172
95354
64368
59970
94487
31700
46529
88746
97340
76835
13071
99732
32734
65428
67412
52213
68197
34865
76141
98227
41631
21859
30501
8689
73662
25838
42254
5021
61933
31805
41581
58895
40644
85874
89499
8572
98685
20656
40104
11017
51790
14486
9305
22361
32190
49215
21551
72065
90722
22173
58985
35864
22111
41301
96290
31765
19359
67278
85902
5328
8020
36908
49756
11585
40557
94755
60201
52182
91174
66920
61202
44707
58111
26097
42257
71039
46700
66586
87064
22092
45167
21147
50583
240
74432
66329
22519
32991
92795
454
46541
82809
23796
33050
34723
20140
40737
52505
98891
85193
5636
49561
21805
55299
73773
66203
93625
64142
1377
25128
69944
62346
88335
77264
13037
91251
61066
59632
36409
27885
47364
8532
56626
35713
91912
65589
28734
2625
72734
20334
65348
61727
23990
57950
14643
18876
79965
77179
14359
46531
25659
95812
91362
30911
22155
94481
45551
75138
45555
24757
4832
85912
17470
66718
66458
19357
65113
59340
43761
39441
39775
4420
82764
57109
60124
48048
38909
56672
41159
8124
58687
85574
15940
96068
63601
64163
36105
45268
98853
6199
2930
9915
81016
14401
29031
79793
35229
99336
54080
52016
88580
85797
22782
55989
53720
87388
48568
64344
45412
32645
14662
22860
99355
6785
88789
25390
18726
9773
39976
62403
91120
68171
71092
55181
16230
23225
77480
26118
79510
99914
73573
92832
19405
46174
17662
25408
22112
79456
55376
42922
40886
68111
30982
81658
10648
89092
68905
99607
72868
17266
53296
32890
47861
70564
95450
59319
18081
55095
50458
92042
94202
91960
81963
37951
99127
97642
92686
53925
75262
40128
89181
94710
4792
87987
40214
46050
57705
75692
14462
49029
18496
39947
41990
75726
84516
63639
96562
21572
12007
67678
3417
47807
57643
94578
67544
51251
64957
45788
6190
19526
19337
97578
16939
13613
24785
84183
20295
97583
43789
65299
25479
80631
63437
73497
76466
96800
32522
72425
45780
54720
54296
42221
73573
23972
16923
39973
73726
18240
63664
8140
24457
84674
97214
47662
73784
63668
62746
52981
71123
82931
58398
38036
76299
97316
65406
51020
29993
30142
46096
24287
2709
23
31812
90476
44909
96880
16353
69284
38006
88061
31086
68804
7341
64295
3852
71310
40084
63369
31391
54897
52675
58954
90822
95358
71862
75746
90119
68000
34394
63921
88318
24793
50141
21042
11695
95916
42226
76987
86530
66918
14984
81801
35990
80076
33992
24428
9518
92612
2586
41177
34054
39246
13781
48829
54234
20133
17109
14993
26089
22386
60729
96648
47526
85841
55236
4670
86635
57077
69685
39832
79528
81937
90207
27076
72909
69932
94192
23058
3486
78845
833
29837
1687
64490
21437
652
41526
92991
68665
79587
30886
5058
68300
24146
18113
87291
18659
19837
19727
49297
31546
39971
3119
27060
23636
92687
90959
27283
35299
23580
1510
92656
89887
32553
27544
25954
38929
83095
9554
77723
64474
48488
58375
73018
34762
18947
73959
19966
90569
52030
96350
13952
72196
13700
30325
55260
43121
8532
95123
15118
37291
50695
25478
82851
63348
28637
49979
4061
38773
11865
76306
1731
23503
60987
15741
20570
5914
87470
25626
86291
39010
55650
14391
86700
48718
6186
7377
95283
81836
80974
91189
87189
59933
8380
9353
55295
99950
26242
85538
88063
50465
94538
36991
36305
71003
22656
37629
68842
28531
57108
38198
8195
18596
15670
87671
16572
74413
44899
51284
51862
79764
46468
90004
83831
75510
6865
47911
25407
69504
23196
60069
49943
99800
94381
15157
10415
3754
64761
23170
25765
56022
89818
18127
53202
37348
24114
30202
78775
13041
61021
40537
5344
72044
54131
25518
70798
41453
50475
6347
53618
994
29095
81612
70436
51430
26713
43673
69045
34651
78741
87653
96040
58283
69942
37034
65686
97484
14576
23068
10944
94109
12203
76367
89502
88571
1161
35300
36964
65098
66776
5326
4780
18482
43445
21428
8925
70984
75133
2136
11058
40492
6916
64020
71684
46050
55575
3837
98287
96086
72314
25044
7934
55348
99392
72252
2854
24160
1973
47478
92299
12461
43000
99760
74049
3901
41242
87509
38570
35416
11965
43312
30141
73027
52487
71078
42992
87838
49711
90249
17327
15710
43963
48680
9229
91990
89078
20152
35507
29694
51622
49446
83933
26289
46577
53158
15865
77832
32863
28523
11639
57322
63255
22826
69726
28059
6646
35148
50004
48080
62897
87683
84929
61181
94712
21304
82977
52920
53484
90221
51419
19173
18246
58414
5577
77127
21385
62641
58008
70257
41817
20636
30008
85917
15969
47627
89879
36228
18585
70425
36554
5461
74575
88320
97761
27026
7226
80235
15891
57308
30472
23670
921
14617
79315
81879
23369
94485
35685
69780
22491
43075
21368
29430
57330
42821
6647
89368
15102
46207
13206
91231
99260
14751
37267
34477
55213
66860
78818
31856
32218
89169
96487
93853
44769
35041
45667
47425
88389
24177
13781
26273
23546
9571
72607
77446
85085
32718
9442
17713
14218
7104
24777
91353
65142
51467
45976
46469
46738
98493
21097
10662
80510
46406
33366
91035
95662
12494
38775
29485
48130
94083
49180
94005
2750
90999
20685
15057
69531
44225
76446
12617
48996
2240
75019
63496
29349
60169
47521
98854
70366
6978
94087
2387
12373
90541
56832
74169
6169
63888
72576
63069
12070
47813
91410
17541
57781
10626
92128
41340
12863
11391
65891
31500
32713
98980
80129
75571
30552
98770
65030
97453
6395
57548
18800
412
42271
70995
17366
56812
63364
77053
95223
36067
88
13283
29017
3341
86532
73674
6297
13515
58571
90532
23640
20826
52104
46504
18742
34118
59751
66152
94343
93479
87337
71562
5277
15491
62227
32553
25998
17177
93697
26234
59777
14624
39930
45646
33022
63356
1964
87150
85351
16408
46768
33947
75066
76609
57276
30352
89459
55996
22596
2193
78111
78993
29341
93347
19468
91353
2986
39065
14624
87243
69997
7600
42876
52450
14038
68205
17549
1139
50378
54640
48235
66892
13070
6057
84724
15574
97702
59038
18642
47773
36254
9570
95340
10369
40753
61788
56410
49947
27506
31768
74275
41666
21089
17337
51483
78818
79391
76730
85791
86321
92968
5389
1932
85961
11831
79173
91137
85623
79970
52405
179
24492
8546
37453
14993
49889
96796
58970
29970
99006
7557
67834
28644
49869
28501
85743
44653
31445
88943
93836
54504
24494
92474
99796
371
15050
70888
95487
10566
46770
1532
876
64390
96336
28713
28759
46580
10087
16006
15772
98847
97527
43770
13312
70422
88424
20936
42552
44006
49716
2399
6127
17894
8083
58062
95263
43881
25936
81661
87291
64209
25394
91172
44800
28945
53889
81141
18639
79122
39706
4520
17964
3429
34680
99212
45786
27901
81138
83747
30155
28542
55965
57454
177
41331
61598
36469
21938
80641
16640
71229
83463
29748
12919
4505
94811
10793
11582
2247
11681
41573
93668
57595
70713
84392
62931
7738
74492
29298
38045
15401
90267
56515
97128
43314
411
83764
59550
67374
55129
45584
31220
99640
46501
20683
83319
97605
60556
34007
95905
69655
44022
60594
65658
56550
98818
51466
91857
71193
97997
24714
26902
6200
52239
18707
95728
24821
13277
63994
7769
49648
31035
13593
88416
74788
81422
84210
99717
87091
89538
38144
74718
23690
62175
39595
55016
79796
25578
18109
61771
33201
97296
87854
1916
26718
96244
58040
82488
31419
90953
48700
72174
77814
35926
73638
27731
95518
99066
19745
21267
40784
91933
21218
87999
45945
81122
54690
70093
38561
60855
34048
49225
40361
8207
50937
91313
77817
57789
84190
27658
83716
64312
47978
15030
13264
40297
54113
15271
47836
44724
52955
12268
3155
45879
7488
45833
20218
61039
97085
53851
29628
34269
16382
34281
46375
48555
48040
3424
48143
22795
79287
20544
65931
55505
86006
45065
58812
39766
456
25233
50531
86311
99792
74417
39609
67479
82657
8573
38517
8807
7019
88799
40994
91599
68410
51709
1063
48106
9671
37295
39643
94511
50371
12004
2263
60763
25234
3654
83975
97444
83864
56775
5155
47017
70720
22388
87044
69256
70763
68571
99089
37240
56120
54477
96377
97088
75193
37777
94436
83731
23155
43178
51317
56805
20681
67760
76503
73919
1262
32510
95946
29736
59147
47567
90402
35962
56900
50158
78350
25250
51799
44775
88133
51232
59067
43580
43580
71327
28614
73513
60094
67452
68169
62573
23944
23047
92389
82495
47984
76333
126
54762
3091
52052
84322
67667
42491
98352
97794
80786
30432
41609
2744
2493
56069
56557
96268
49511
79390
50918
12909
69195
12871
90278
82896
47097
4711
76592
89263
14606
47677
2243
77456
60056
77442
99147
78989
29992
38025
81092
67701
56183
6644
86140
8096
92566
59409
88469
36422
24813
63966
65314
23303
30427
11872
9835
38620
82636
3349
2603
30819
45843
44886
50945
8689
99250
99396
68055
44750
75854
70975
8103
41053
43854
56996
22403
72015
22602
24945
38433
31304
85617
95787
10614
2809
73583
46474
70569
42785
6416
90473
94708
99304
48347
83210
89875
70965
58
73316
43834
28869
4357
48787
68500
46850
82710
68724
48155
82861
93429
28992
5355
41382
3243
44255
44892
38221
508
55586
23359
29534
6079
67462
71811
93157
85761
53609
32399
14086
72084
82313
91916
66483
95289
56355
54176
60074
38265
44617
53651
98687
79587
35899
74745
35440
30230
15925
70120
20565
75429
48009
65421
86580
49291
71903
27428
12557
10167
71568
55622
30408
97228
55176
78866
82352
60209
562
39785
69102
18789
77055
85587
51202
55181
546
612
85699
25640
85087
76270
65676
96738
23349
68421
31341
78864
4661
31409
13659
91942
35673
58468
83980
37836
1468
76257
70624
14754
51086
27605
53956
74370
7888
2315
45935
83161
13617
23983
93148
2842
14032
63697
61785
36480
38028
21309
29769
95186
71212
16626
43785
92422
59640
77762
16344
63717
32616
17998
73772
8527
61626
40018
72219
264
55254
24711
44264
80469
33906
75932
93455
95155
60770
57466
88780
5720
13146
22963
98487
42825
52110
28323
60954
46238
81608
31387
77071
99559
66734
43837
82340
53411
57923
25876
61955
96305
70086
6652
77776
75729
57205
43775
19948
3190
31012
33631
7475
21094
8249
94421
58389
49574
42859
92644
38826
58159
59758
61258
15847
63180
79014
66494
40623
27519
3980
17137
14112
74702
6329
49214
6310
46084
57237
69256
18684
10417
8326
58230
34774
77613
842
61763
72757
27119
99981
7931
50696
68312
59127
98465
34412
75024
86457
66995
99969
94061
92798
46538
38930
2490
40789
7392
31325
51135
31616
63218
45686
69332
94056
32048
76636
99460
18270
80019
53888
32024
37566
36306
41761
64123
55335
7745
11539
56869
29931
16573
24733
46666
42668
8655
15174
8815
9759
4808
45335
86716
75988
8695
27667
59471
98010
99937
55081
67872
52424
79768
83368
93980
36609
43874
87736
22321
30557
11626
18225
83499
91437
27685
9994
46913
86918
11938
77178
61522
42241
84165
72374
89177
45999
24423
94361
73159
72905
65318
68855
13403
5335
98022
47154
39720
62616
92008
33422
58135
68189
24476
10571
79017
56573
95490
51800
32316
75689
76795
91885
54129
24876
1802
91080
84274
29401
94994
70649
5450
13275
95439
71494
69136
9994
62632
93026
60198
77027
20668
8579
69774
25200
36076
922
37470
52961
74446
9544
36913
81724
3409
61114
58664
85500
82406
10843
1083
98676
39093
12693
37846
29216
20497
61452
80942
89478
95319
46287
79702
93307
85616
35286
12058
12063
21580
98471
73183
70485
4386
87437
11333
40227
99566
12329
94435
74383
3814
22775
12012
48169
84690
67020
87732
6201
5799
49836
69725
26589
14511
27614
8099
81562
67055
47087
25128
51406
76130
65692
77288
61793
64159
31341
6537
11958
1542
68588
65735
42070
15000
52647
28177
66907
75994
17398
38556
45803
60102
85401
53038
23297
58106
65336
17380
20775
70561
97366
89451
94186
52556
15197
54078
84537
49232
14748
7685
76995
46564
36570
50739
32569
31596
95254
7141
90125
39376
91341
13271
89090
788
91501
57250
85254
64089
109
61765
42670
90641
39330
98092
14376
57475
26523
40032
29417
36031
23998
43282
233
40383
53641
17558
12617
45678
20296
7549
48500
91821
79904
84751
39948
33861
84034
29834
13280
99268
9220
49719
80046
28330
84501
53580
30605
74775
77526
45592
97892
84030
36992
82383
39171
76308
89042
68381
21158
85805
41346
14935
64458
51334
22721
28808
36680
80463
8980
18080
33158
79130
52705
15689
56597
77106
93350
77430
99003
28249
51666
28937
52225
70939
29155
22031
12071
78358
1217
44345
22689
80836
65037
30108
56951
15880
55633
17363
46698
95884
4111
55446
91455
9428
96168
52979
57368
38724
66572
93242
46359
14191
43225
54174
64873
32033
63395
63150
66286
92548
80992
1860
91740
23811
15634
97279
73284
54392
65179
63527
64553
77089
40206
84288
31887
92440
93529
66771
30337
94764
84337
79890
7451
20236
64176
11072
69894
83953
33703
6640
30840
89676
50182
21720
29321
69248
47012
19079
90936
5280
42375
78712
35181
18526
20194
86481
87747
67525
6905
41398
57640
23600
43217
98946
97057
20960
57346
8446
75551
3802
59853
5194
19259
45626
48188
79515
50149
6857
30156
38037
94948
51679
15251
50697
141
45779
85280
21066
63413
94635
39957
29615
54635
55114
4831
13691
28796
41995
35619
67654
22932
79452
19336
16414
70694
52908
85989
19482
16463
29040
10695
18654
99008
15489
13801
4443
94799
1179
85138
21266
87800
79404
82468
66801
64755
94122
45881
93510
69681
62913
96407
99121
7805
13918
41937
10262
68387
29544
86530
25704
27480
14526
19446
13576
70999
96388
2546
9060
39239
11902
93083
8530
49951
79658
13715
23468
25311
89514
77554
68984
12916
56567
34793
46250
15810
71804
90831
50667
73780
59703
68
79403
77168
67361
52940
49320
23069
86567
44221
91763
64017
11180
67932
11458
92315
94911
39277
52277
43717
42649
6778
7889
72255
6286
51097
86075
15259
78037
98610
9433
22460
59851
36533
30071
53857
35448
22192
28092
53295
29298
99713
81451
11692
10171
28427
62462
90864
7913
47272
61113
81488
25065
82908
3910
99737
60456
80533
26311
50033
14114
27855
9258
82500
90784
71205
98673
62200
40557
52070
89137
12696
82808
89984
75638
51775
68150
22952
27957
90898
80462
23619
56694
20552
12149
38148
33340
36554
24414
78788
51084
28557
44205
8837
95361
9059
48025
83011
42693
57658
23782
99430
6840
42349
54939
22632
84316
43416
48301
54352
93552
1594
5820
87602
99806
67155
39824
71405
88257
79926
59267
20294
70517
99354
50825
6062
29238
59319
76058
2227
74787
99231
29855
70516
46188
88590
83272
5321
99755
93183
8128
5442
22604
95367
68130
95231
29301
76974
43437
40730
13644
97868
61377
20766
74845
77394
40973
79073
70323
74336
36076
95939
21490
65089
46124
22542
6263
9095
86020
57457
61544
22129
82355
48727
33306
4783
23399
12849
7244
68856
53500
88204
98058
13354
87268
52457
94126
72119
71520
79040
91122
54206
40597
55792
59968
82242
98885
2010
37754
6088
1868
91265
49357
51877
28641
3685
86407
58816
49471
9215
92321
99396
89880
29422
2318
72914
52589
22584
89415
27736
57490
36243
97251
89837
52522
87967
67415
90063
76794
45245
31585
75471
46158
56568
57662
23175
61736
66854
10445
11855
8703
77091
11676
54909
62998
26768
18551
33938
80392
17021
82315
88695
39683
72848
2570
31971
54476
16154
43213
83414
24809
90466
62290
32025
48546
58928
12934
58286
47617
48734
46429
93275
7884
78330
60101
53406
27313
19832
93745
51107
6146
47787
67385
91466
41797
34711
19431
21416
21988
71615
17489
69416
56964
88898
17417
94594
24770
51736
24430
22342
5724
16096
11647
63180
7598
59711
44493
26583
64116
60948
90131
54358
80009
48406
77799
54944
1307
49160
66515
12436
26104
95516
29645
93994
71786
14484
76030
36210
67677
58401
43649
4522
89171
62683
95071
50928
5422
44820
38618
85619
23101
81071
70769
78667
23786
4634
3337
21070
51303
23571
84070
89487
31711
89432
61061
65960
75606
5721
47435
38847
22244
67997
14288
52092
57459
2929
54926
68847
66616
48535
15294
73350
25459
52424
25484
70684
12571
41560
79223
75356
13236
19979
19867
5735
2612
63098
29948
4973
58408
51400
23166
98832
75369
22995
93011
34270
11925
70106
11674
10181
9556
79930
64077
30590
52248
59574
10968
3094
65823
57114
36500
3764
31317
14594
45094
22518
30944
90886
95817
47026
85818
65788
49772
71146
71057
40026
79460
80752
36695
13019
88851
53750
29564
67705
14393
12166
67211
88595
53870
19091
67211
37382
56402
89805
86479
46521
48003
16289
55263
53060
37521
80154
35860
24210
64701
24257
85517
13497
76250
23333
37015
93950
15027
65352
66011
21969
51531
50431
83686
26417
90516
39557
64885
20556
30872
63447
44532
40893
77317
88250
23498
44106
61201
40376
42108
38010
73718
70654
90603
12062
78109
6244
58392
81127
18743
12085
34406
37220
80446
4613
3330
85279
15363
21720
41621
69177
13169
99660
23975
245
31949
18219
34253
34610
37322
51462
33546
8541
47061
53889
89187
10387
49295
15764
6485
68976
61909
31306
18966
46311
55881
55895
18494
12309
62856
87594
45494
93541
81176
38582
422
50905
21514
61021
51056
35245
79878
79526
24657
48063
44590
35869
96011
28555
31712
52461
66201
74284
31685
39594
79010
80013
68936
93686
95333
66048
9021
71606
81541
223
98335
24343
27213
37992
94043
37156
74200
14842
39173
27119
74410
98141
7797
48230
46733
33768
41942
51095
96959
27673
11049
95414
72136
16646
29997
8905
62817
8743
72596
55838
52445
95017
12751
52709
64053
58262
54273
55886
24371
82758
10957
4790
60936
42172
86966
23623
91212
53799
1515
3114
33297
73017
99007
11494
47521
35856
60030
41396
12140
92183
64491
87249
57215
50718
77101
99016
56055
38474
13327
51745
5252
41589
84603
28677
97016
29435
21647
42318
18217
54822
96176
44966
97228
54146
92100
72489
3519
39698
51037
65763
5579
31165
56519
73235
1863
29710
35085
37690
39744
28770
24367
2851
68137
36756
21390
51061
39351
42004
23962
56730
56585
51287
1542
43738
18110
88471
3291
77421
92929
76935
2950
73542
69788
26917
72988
99263
77969
47147
6295
64233
23181
90996
40222
5564
79540
56720
10367
5946
40623
46991
76779
75902
4357
6460
64515
77126
95382
46690
13510
5862
22249
8544
19830
68360
35728
90930
51878
23985
44313
83092
80691
67017
76207
43954
40603
75869
91512
58363
46853
16301
81661
45254
49479
32556
86524
64065
81930
53686
69466
73220
99006
70118
58844
40685
44292
93914
52703
86294
43640
29941
39974
27239
2412
99456
99449
71311
71864
35160
37257
38069
33542
15164
1561
50614
42565
13718
52695
99704
31886
32499
26823
53300
49693
27966
43872
28793
89384
86195
37058
96600
40567
53990
43195
3667
28392
66427
59497
60339
69361
15203
93583
20675
60702
48169
87214
50986
23718
21076
36170
2340
19185
66888
16814
16484
15252
28939
73992
32869
79359
7611
48644
59096
44596
40854
39436
22396
56758
50515
44627
44798
80675
74614
87517
30046
30031
48711
42921
12168
8701
42939
40654
27858
54729
62415
65682
31884
18620
18431
49936
24458
65316
42679
81986
23676
14548
67178
68327
30112
52692
36482
40190
83998
97402
13365
76388
83923
71860
55584
88484
90029
59817
92099
45588
77860
4272
34847
5780
45036
1477
79186
42965
28604
31132
14619
30496
79186
47641
46410
98824
61914
36827
73459
80106
64510
63586
73538
40565
73879
61888
54618
55806
38221
39154
86512
17534
61364
55105
39743
1650
48616
67338
42121
19061
99152
76501
33064
22926
61359
41543
37334
56316
25564
55582
81243
23466
58219
44142
58770
33722
51159
56103
95585
40448
95765
7094
27047
87374
38781
59220
80874
23560
11235
21021
90767
96076
93941
1440
12855
35243
89698
72132
39979
28439
66945
59690
697
5350
12130
20670
34393
14825
3741
83002
69842
9212
61248
16511
67979
43841
22572
75704
40440
46575
32127
19893
52502
49570
41225
73681
59924
46606
43102
29649
56989
1602
46611
68553
84873
70172
8408
46156
15814
91682
4402
28090
23950
13791
77432
27088
59482
81384
84578
38611
4405
26351
99794
98918
82616
74494
3167
31377
20057
52337
51267
45124
38924
62040
82170
61168
86260
95369
60996
10465
31897
10433
33278
99647
64527
61285
72993
62925
33567
66283
38756
3688
77475
79124
86551
32748
86073
75787
65358
67386
62051
38242
19818
98258
60814
36204
50125
47467
32561
47839
79305
53103
94704
11851
65301
64556
85172
79099
24130
5890
38281
71975
87664
73110
9280
28444
34320
35548
43051
93775
62929
45382
37253
42440
12876
27198
63582
89302
4846
53755
40414
89478
77579
6364
38503
95529
53568
69169
63925
98905
31492
20573
38542
97591
35591
73643
4759
64817
84752
22123
41622
73230
99306
72124
22198
64660
69984
60550
7188
3788
30750
27450
39341
12797
55419
22311
65256
1033
79072
60568
63488
4317
1998
12597
18586
15483
68672
70596
65976
45057
94439
52075
45147
94694
66873
76433
7526
3149
63496
49365
3058
15846
27710
4798
52586
89590
21178
1084
26548
88448
60947
3564
4146
67768
5674
57924
42364
65968
1172
15400
13961
1810
17945
14642
14215
17756
91367
86599
99951
2925
44464
12131
34135
35830
94501
78212
12075
50979
17142
14143
35505
54111
82906
7698
61520
52878
66991
11213
82086
39366
69693
34877
49100
72982
62650
34802
13801
76177
21608
86689
88070
2773
35764
28339
1978
94504
45368
43824
16905
3368
83516
79678
26874
46797
39772
28457
62285
38212
7316
75024
54386
25727
91495
93407
48305
75351
41351
62239
22774
15080
7894
20473
40146
70408
61084
64195
76180
40548
21576
13928
2870
77067
6805
90254
34040
86309
83877
41427
64033
43058
11303
58609
2947
95833
38330
25233
58286
85322
39069
30330
21151
59131
52136
66348
62135
61039
75611
16388
39776
22838
74581
79168
30526
92507
59654
58997
45656
7416
44822
13907
77805
45026
74177
22451
86648
27907
39426
34621
38162
49031
14167
23075
94042
10747
83132
51283
10118
39545
65780
17361
61217
52528
55632
25
24433
90989
51524
27601
72602
719
54442
34059
29079
56335
82167
39773
55713
83823
13995
56545
83682
34585
45323
30964
32686
19685
87817
34882
65820
48207
43577
9765
96680
22910
20222
30473
49138
83288
19727
41591
39384
11091
19346
32926
43665
72600
45223
37924
9772
69206
72033
68614
90239
35655
34290
72546
80853
70231
59584
34225
15062
36129
40317
75442
93384
35782
49754
46842
98922
53064
40149
57012
64108
6377
641
43035
3603
31425
64170
56326
31340
68510
14868
31564
2219
74145
56833
80554
82727
67505
78809
57865
48331
73594
68623
80920
78662
87269
5022
95150
5348
2963
27370
53384
48493
87560
17156
10991
89963
76538
91242
3212
64455
80096
78154
8874
62313
28417
103
66048
52963
15125
17754
62005
65088
4483
79566
62232
11124
58805
75544
60418
85483
86723
52072
27664
39943
6850
43791
82169
60282
45394
94897
74077
7984
75747
80580
14921
66645
99723
95581
23762
58292
75040
61904
59884
10079
60651
71955
99172
53175
27986
71282
75546
47085
87485
96171
46069
64075
82699
35343
78519
46281
98474
44236
66292
85732
16746
69744
35342
77234
69738
29994
61397
41480
76963
1527
87053
26268
45436
54578
40844
96037
61048
73158
78237
2112
99046
92423
35147
67499
71002
31954
92621
63212
5675
89890
19287
90146
90908
87795
3349
88108
72801
51494
21036
66567
23559
28384
78910
30549
99990
39010
69964
70321
6982
26209
1733
20546
53071
68972
90632
33925
89725
40072
90316
1649
94914
19643
8478
80792
45925
6045
38202
50138
63148
16710
77240
17181
80671
58825
68157
63693
9674
79238
65456
93290
72970
59820
18408
95667
94176
26770
43639
41868
75928
21882
917
33567
99113
19454
19233
62779
38091
51238
34883
98853
78766
17961
48906
68361
84776
48096
79110
43326
35663
71251
220
14269
75613
83419
2627
56106
25810
2100
84970
6215
64539
95303
30106
33444
242
25149
62033
32164
27693
90299
75239
8312
14809
77265
45600
35798
1543
57739
44045
20671
58098
69837
16634
50472
37485
86104
84189
84497
1750
61821
59074
15816
88496
73187
26414
98054
9814
39133
97371
26689
36456
62708
54432
57658
39801
86146
49126
14938
65239
4321
71662
86175
34216
28214
73762
32939
50993
24499
56329
17116
65150
53311
21691
77088
61028
29004
83695
30296
52942
87250
15574
5558
12166
92777
91697
52964
79035
37292
28305
80980
33463
89665
36994
99351
17329
11754
76662
38663
36347
74867
53377
23404
54876
39485
25333
8932
25424
33887
79950
28598
70353
51112
6096
5442
97453
72376
54918
52701
13459
15900
77264
79265
40353
21333
1471
84488
86752
58955
36531
56832
99386
8261
1020
54000
81801
85042
80554
79883
11821
6377
59859
80699
93975
80430
15622
89152
73037
7397
12698
5104
87749
53927
58879
24348
81008
66162
69462
93416
84281
45922
67662
36992
5243
70692
96352
98686
49645
3133
84028
45170
79589
62577
77357
35346
10912
99099
81149
86918
56080
18181
45221
97988
54477
76428
99845
35716
94847
48690
14005
44016
53877
61509
98253
47307
49421
77571
33811
51127
30613
19219
51584
49714
5907
97582
19997
74350
42911
47291
91210
21877
47757
85642
93793
82450
86757
25524
210
69401
68741
66902
8105
75139
64426
5279
24755
44558
3449
92515
9991
73503
6665
28522
16921
92539
56670
27604
16470
74052
59147
74157
17123
50451
42581
48368
14756
70397
89382
63568
77644
93249
2164
5854
62177
44051
6785
77657
60963
13103
16551
51548
87608
26716
60388
72295
83819
91532
29953
21000
658
49008
8061
91896
1462
59723
94651
93510
13801
2825
47178
69027
93826
19335
91645
60682
23029
86774
95431
35712
7195
54884
80914
76647
15181
7996
64986
24298
84583
54478
72028
25756
19544
74501
83040
20445
1226
52383
22465
57404
90728
87
25175
62783
25125
55010
66373
88279
81166
99821
42717
1800
54221
54065
86000
71528
605
31722
97562
54584
34055
83960
82567
61482
17967
33878
90363
31937
62026
91617
46731
18901
86711
23529
45833
12634
8585
82114
8653
71831
41034
69177
58021
23104
30006
74534
88460
75035
22160
32370
96862
1562
98725
61648
90290
41735
41387
51319
39285
9963
15134
26523
38438
89637
31525
61181
51163
21988
34922
39195
28472
8876
50619
56989
94339
73616
52282
48429
90051
74003
30231
44945
72201
90709
97279
3863
34911
80426
41400
62779
24625
11558
80003
83788
75904
57734
89651
64020
63521
35778
89097
46337
43442
99896
84983
91149
54040
90202
52261
11431
29672
17580
34450
32352
57323
45106
59873
20647
78143
97731
84318
50989
80440
52907
52752
24254
42382
90704
72615
89498
85367
72428
38055
42581
43731
39828
79973
76455
54341
34798
266
92710
60323
54106
44821
62657
54677
34774
97931
11131
68733
35406
89398
53177
14642
732
28938
17434
23312
60976
25740
15865
60627
22203
63724
48559
43616
29751
43018
86037
54988
59353
19423
37552
91141
61691
38650
86081
84813
78092
9925
89701
38966
82057
12603
51276
59279
25580
67088
851
59049
54408
81956
32697
66051
28296
7733
55464
28751
95376
15434
94244
76276
76431
13462
54430
87340
52937
83677
9309
20343
77679
52016
77668
22453
47196
22880
66727
64568
18727
24667
8936
45361
72094
11684
66676
14724
97575
21239
62578
82648
32071
73634
45288
95816
45210
74773
79328
62446
17534
74213
99740
73603
63852
75925
56639
48596
53145
93795
10079
35616
66195
74327
63343
64613
4018
83984
79820
78354
83132
44486
68682
80997
29472
28827
50909
84634
95710
96405
12747
64732
31216
87494
45900
94620
4715
65605
50860
23188
59583
47726
73820
31704
93713
42294
75340
43130
73227
55658
17169
23086
46465
12939
24255
9017
99810
41601
40660
27344
8553
94672
40555
72077
97242
32032
92493
99711
70636
44574
78313
72499
37053
13752
66808
42319
38186
74531
44342
45908
52531
44361
26429
61742
6669
96035
40545
2790
73785
4063
54175
41310
69375
23104
9454
99390
22970
77973
31488
56129
97714
6636
79793
11019
49328
44247
30693
15911
85797
48391
60192
37970
98552
65283
21391
95954
67048
37147
68374
94122
48290
93985
41328
16863
46526
80481
46922
26070
78683
38246
66593
36996
5098
42291
60839
3561
68775
81478
31373
90195
19721
7202
44273
99650
61067
6600
5390
31351
38424
85961
84207
38175
69861
65428
54109
64210
52819
54872
56286
42044
1656
899
40510
60452
61594
51199
87158
70958
56398
29586
64705
47804
34956
96239
93608
13426
28693
4273
95759
38866
46554
57129
16852
14731
77372
36850
64267
33166
19551
69266
86662
65808
56037
11237
53671
69586
94040
6164
79635
34962
22227
5254
8602
55838
23962
9406
45834
86782
30168
94785
38785
68849
98509
84299
49799
29654
48390
20667
87403
48582
97695
63931
66794
42640
1962
77645
76833
22621
93244
1289
12599
80227
36328
93885
4535
99081
44086
25469
67
81472
96597
62008
46978
19823
84004
89680
43275
91646
63404
89645
86707
42097
86239
56784
85692
82353
77435
3663
55961
73777
48094
40658
52255
30547
87722
76346
14560
76259
15373
1328
21936
94121
84380
26075
17250
85617
37722
23990
14416
27067
40473
51602
52275
67695
32828
99536
61460
16080
2453
35242
9742
57020
47229
81756
12535
88660
98747
46024
97615
30851
56240
45630
29540
51053
84582
21553
39276
37936
39048
7705
63816
98110
5398
71309
99122
64925
77859
54734
19610
13571
15734
87647
69643
72146
57570
95338
16812
55347
44639
70231
15831
50281
19256
39887
48610
13844
35122
46001
59296
75890
94610
38673
22821
81900
61158
59704
20934
84584
36320
7353
41621
1154
36632
57884
20029
77018
67327
20934
95688
33220
47087
57398
36967
96324
49722
90777
31727
65291
48578
77652
71766
34486
79520
14309
34705
69682
95830
45482
17019
55322
42187
46967
49082
35271
53616
97035
95263
52171
92552
64172
94515
51720
36671
87382
62373
54704
99559
77337
61403
28919
44131
65290
79386
740
98527
61647
59926
38002
56325
43041
96842
92767
53673
54806
64762
6906
82441
18393
30368
54178
9266
22525
61723
84557
47663
97427
54294
62398
35346
27524
12865
99734
38820
20014
4351
57369
21983
67295
31
29194
95122
85361
66519
51977
92319
21776
88111
11824
51945
54776
70123
26189
52703
64985
2461
81517
21808
21311
87788
70564
62799
93925
37360
75225
77006
37777
63132
11611
79781
99636
35149
59519
50067
32939
64488
27369
6279
6543
55760
83751
90426
46622
31654
73821
97383
29062
89383
42571
9264
61374
26266
64136
13212
36981
61594
32144
21766
58872
57220
11732
90862
41261
98784
18107
7340
53854
46234
96517
17228
13693
81276
44386
85127
56316
18826
65309
93852
80680
84587
1154
64865
13916
12515
87220
56100
92425
10093
45290
76455
64947
20569
4066
3242
20739
91021
13940
78032
60927
80948
43084
34809
17291
6033
69526
11219
99588
35138
7299
75396
56856
79131
10896
4986
61902
65358
32247
95491
15541
24347
61689
70689
80175
66786
290
86931
99940
49044
89612
8371
16987
99748
2969
79122
53389
99912
36021
43685
2601
6794
45571
51284
98132
54685
32283
76322
15089
31123
20886
44500
93073
51424
68932
10132
5725
31531
1556
83336
89875
70353
75242
35147
99078
49415
19424
39023
45222
26323
20361
66869
76457
9374
79432
44531
4946
76771
50287
49542
76306
82387
96584
31793
89470
82527
29845
39048
69620
56874
60785
4304
70294
97048
41163
17416
6365
4974
82539
58372
34469
35266
53236
479
17538
1709
79424
20686
87454
780
34280
67317
45548
9649
8083
58970
99403
99725
58476
17105
33819
5892
66386
82036
572
83966
57344
30194
13797
8507
19289
1019
56330
32761
43046
98570
6250
5697
29414
82437
68727
96577
35929
31496
84171
19725
3033
30123
91635
40474
94084
33805
72290
55853
93418
99951
98109
65759
41172
78605
20684
2020
37770
63747
38091
5250
53205
63312
1553
36750
63398
30752
75353
91149
82564
308
10436
23369
24229
26211
43119
96312
80799
65706
84211
27176
57080
50584
55717
33128
95735
37824
54227
15329
65537
43423
22110
4506
3114
22444
41169
76845
31064
11423
99752
82980
93275
4628
35219
42136
25556
30993
36152
59195
61001
76001
33747
85771
72302
84224
74213
54502
80273
14165
49212
22209
73027
11472
888
46634
13765
74827
26502
45165
91518
73510
83535
15473
36511
18003
56205
38298
18694
41520
44069
97237
41107
76481
3925
23518
7314
10289
36576
5036
3345
2551
65224
60562
97812
30603
49461
88689
82384
71872
85431
46133
15126
5165
71396
82260
27137
42724
51439
96858
804
45106
79356
69709
43225
91431
85601
77977
90909
11137
89106
42745
99035
46359
30854
17320
46344
61140
39079
19812
77847
96729
539
37815
1951
79637
63886
47085
42162
16699
7879
69623
32873
73997
76704
24136
95335
20154
88616
12772
5512
21412
32956
70653
70038
65043
33731
23361
40129
84082
1726
98017
97058
79452
96075
66084
44398
80120
86392
66542
46767
72758
83095
35123
39255
76839
55739
60062
76172
42291
96831
51823
45088
54761
3439
96287
79163
96287
25282
55627
16047
75792
84856
38068
4717
69128
75385
57370
96899
45173
58785
79719
3762
68041
2367
26554
17053
17787
29650
67681
48167
77450
30453
17220
52322
93481
43450
67758
5928
32436
49865
40032
7508
65877
62274
35460
73992
9746
33291
82597
15802
38469
83886
16581
41464
21918
57591
42090
29861
80457
11340
43294
73238
34457
24252
78686
96173
50129
14507
87925
3001
80078
72271
75072
84448
61990
89273
3355
36039
73458
67838
52541
50925
45023
54429
40396
12757
29982
72145
60317
40202
3719
54473
84214
40568
30899
4650
13423
17664
67318
29993
66131
93457
84293
97274
86737
33826
38543
9515
40513
72603
90753
749
66635
26506
69947
12849
36370
5550
47023
76681
8196
40151
17880
8077
23907
6607
93473
48243
90753
40586
79535
35371
66037
44463
29083
88890
975
38485
663
90928
96437
18854
5757
76933
62368
28214
53215
74543
53265
20257
98395
3902
67601
20527
53239
55675
18851
91214
4403
761
58727
81286
45831
94172
13283
57026
94175
75225
11014
30969
67046
498
28380
6240
31913
24436
52734
40908
49249
82886
6375
80108
21474
36975
82491
84760
55331
23408
34187
64593
45508
20960
91326
7601
98718
86671
67273
3908
96678
26035
73312
95892
56955
23054
91535
80499
89811
76420
13171
8009
20854
73
98360
15624
92570
97316
4836
74493
68205
56980
13798
97567
29722
71357
6014
50668
13400
99881
4492
19976
17891
60531
85621
9107
97461
37378
2023
18695
4422
72901
32054
25387
93322
93996
46786
26075
69773
22160
79066
26100
93520
76397
34981
48391
14248
48617
9720
67136
341
87744
81254
75866
2199
10695
34340
90789
37371
96495
42183
66550
99308
18396
69714
85780
93435
62634
56730
85682
10118
95129
50865
95053
91068
62383
17152
84514
56094
40032
39039
46988
84888
33032
7705
55132
15689
21000
25344
32608
38001
19767
26376
45992
41022
4094
77339
53758
21858
16556
41751
86955
55718
74006
63848
78854
23647
20838
30188
49275
24760
18740
64453
83469
687
92156
73964
35351
60718
78801
47104
80231
63618
37078
53585
46739
32882
69042
66101
4696
40857
37346
69097
37321
91957
72257
11732
69658
12312
77764
95287
38070
10372
56551
25717
43332
27020
29157
21541
42435
69422
82499
45400
48985
17807
32621
85047
70639
99502
78847
41614
2523
71413
78946
18457
86446
37322
39506
43867
49993
65554
42374
71508
69513
60993
14564
41963
8491
48106
73894
84426
4991
46834
6443
44271
19260
68300
60690
6424
94210
19119
52093
32504
20451
92353
37043
47921
34449
68799
16146
49823
49410
33797
91741
62342
23682
53252
7038
66796
72489
91544
20294
70996
52123
84089
83728
99239
27043
29192
73614
89014
3109
84036
69082
96831
92239
56892
93729
47908
28588
13403
58102
11716
28759
67857
13198
57178
70923
17871
22484
57035
1817
21370
39613
90009
2436
5640
16982
61953
19762
6159
51150
22821
37427
66080
67283
5862
93610
35966
8008
85984
22177
43068
66461
45725
23079
28385
95022
11616
71846
1684
90782
73833
68523
95566
71390
29558
36743
58056
1416
66506
76494
25751
1270
22512
49556
45923
74641
56932
10876
47139
35421
25638
20313
46711
57048
72735
43233
81311
8951
76507
6184
74118
87508
43836
63087
30043
22672
51034
21038
34024
14880
91046
43951
95280
50189
88253
48050
98697
57961
47209
16711
46137
92292
27326
4976
74269
11516
47088
98456
85962
2932
22580
40350
37654
67624
56563
8076
42743
14269
71944
94042
44919
59549
88064
56355
6247
36771
3912
51122
61624
88735
8786
1404
26292
24444
47338
97658
66994
57384
11313
80765
71420
11909
97721
63914
41257
970
68643
66128
9590
66213
47768
3787
18864
58841
41559
20447
89525
33608
36409
58001
47107
79300
19341
62343
20707
64296
27584
17207
41596
16599
26242
45769
97228
83113
32412
83084
43125
92063
1597
3648
34527
52779
88996
19648
67689
68369
54059
62119
5020
8174
4171
31853
33408
23560
45245
42021
12985
61289
5756
50121
12307
13883
44363
44393
68315
17287
87209
52125
98514
85395
60227
96753
43052
47042
54190
93670
31556
43741
11634
25338
43207
2183
19524
25530
61612
45935
92072
17162
26488
10991
30890
31096
18345
92962
35702
5752
2852
46443
5720
93066
52377
74274
6059
30998
3558
96257
902
52510
88223
39604
21846
66816
10801
92047
44406
586
84199
69026
89491
32201
50233
65090
18810
71312
25314
39943
68109
17070
16530
46886
70551
57827
35549
84657
38081
87236
56069
63008
37338
43917
42832
32044
72099
72606
5333
69461
95442
78218
71860
37303
34438
20217
83036
26539
22229
43709
84175
35370
83109
52295
50458
1833
45779
57963
93383
40910
29783
74893
66641
22407
30395
61904
62989
77442
76399
69783
98806
817
73477
98879
47523
30316
46884
57780
93281
42218
79275
73815
66748
8635
65598
6891
50733
89506
82451
77622
66804
52747
60578
54705
42268
38317
88680
44900
43996
74548
69672
9170
7682
82277
32178
5390
12719
8057
51232
51250
5218
23835
75477
23397
51393
94275
19421
26756
46666
64697
36750
89774
87816
11367
4403
6376
16738
76089
89593
99379
37609
94762
40402
73674
43167
92387
93176
49020
74361
77557
31734
39330
16115
99253
66882
76422
11072
61956
65078
26712
65661
98075
86660
86431
10524
89136
55866
37799
76433
47783
99542
56324
80143
42471
98716
15388
17071
27349
1514
53036
39761
85534
87427
53155
26583
22425
75465
10463
33881
73039
50460
24880
51575
88603
13009
7103
98389
96191
26517
64393
72442
27533
13127
65470
60263
58234
81446
88298
11848
9566
38516
72210
8811
18597
33765
21776
22509
5801
20183
15213
74231
95458
27608
82446
4099
26452
63946
29021
81560
28173
76094
68038
65462
83991
62366
95470
24478
91447
24520
27154
37269
52
50594
69973
10257
74586
27947
88865
63506
49887
85711
93653
25442
94925
65728
74494
6433
63098
33029
56345
27124
30084
8321
45255
93993
6412
51340
26644
30545
89686
32908
55826
14674
69026
98280
23588
26149
1241
83853
78373
53344
15493
93516
23248
36779
44663
66840
82594
60751
78427
24847
20097
45852
25969
56596
37431
21281
27119
58269
88028
58699
73213
70080
21950
14648
2762
98237
74492
42796
25649
31490
43684
66903
18691
62322
35821
15390
24169
71721
81854
33797
91731
73206
28176
64412
30834
1168
69621
90259
64900
33266
70803
45422
30641
89319
88876
26909
93266
69734
72192
93966
13246
24333
74054
19874
91101
96274
44471
18456
18023
13390
53178
62837
58025
7214
19413
45015
59892
21986
43204
98180
2441
22777
83631
44517
27974
80911
71251
77705
44656
31416
25135
45703
19799
14121
87171
16728
74012
70791
77161
11787
23837
4114
32377
51751
84333
65260
64529
16604
82853
61893
75224
80479
8718
29162
37242
29781
458
7571
8316
62353
51837
66984
12020
76278
98550
21146
41278
16560
34836
74546
87834
78920
3495
32524
40296
85063
15076
99415
43105
91774
51855
5452
14452
55209
24015
35471
60877
92247
28353
83060
1764
64305
13452
13806
67223
10332
6897
25304
5251
31606
40295
61213
13945
37136
27510
13841
24140
42619
82124
90779
60506
51614
30450
73220
74594
45751
63685
23943
59567
52283
98082
68626
37438
81431
74359
52073
12332
55196
98730
59556
9648
97845
13454
14751
34882
46217
72397
51846
27541
1307
86431
88029
86811
30492
20578
88575
19689
52374
67076
67424
30127
39518
62019
18627
15304
37700
28088
18700
67861
79941
83247
86363
56040
89634
45679
7865
5500
29970
92054
63280
69042
12596
78420
47108
92063
99822
63287
32434
91290
56631
56553
56692
74834
15721
4990
27859
4431
70672
32312
85468
8999
50951
65108
6134
25711
78367
85051
94483
94366
18301
17559
53992
18051
88188
47166
78158
8047
68106
7937
80701
70968
82918
51034
69285
77174
70427
98008
73763
77326
33263
66125
4539
88018
22155
74893
52268
63598
55054
33206
60785
88700
70326
4689
28938
81484
5033
2239
53943
98908
69080
72596
70541
43472
71662
34859
77570
32148
8944
77014
61767
87236
45400
98201
81603
57227
42431
84100
64777
61134
48748
70343
38258
2971
29636
20635
73458
51616
93934
71504
55897
90164
15712
9751
89548
41930
44423
27680
90674
66121
67267
60599
7247
10464
56463
4749
31517
4186
23898
59154
92904
73022
8654
26652
25684
77055
77265
79655
71158
69197
88600
49491
87379
53907
44887
76797
38232
87282
4476
26206
93570
72940
37269
24753
26776
97776
29254
12983
65174
86431
78624
13464
52163
61053
52700
30027
63254
84836
25
87497
13039
67829
9719
7234
98161
48849
33308
12768
99874
86237
89581
19601
59433
87930
21063
94435
64062
14181
48326
38289
84406
69395
97807
97525
52898
82758
40601
36664
2572
99563
44379
96484
10844
62930
40251
13625
55129
71455
35324
23851
3171
80559
57302
94013
11149
38862
70769
97293
25630
1149
109
66111
95787
34234
37135
71041
23555
24115
47217
10171
45969
45270
76369
94540
18163
93989
64302
65630
61571
83377
8182
99479
60231
29156
66338
82887
80993
49384
79048
79192
79169
9414
96761
88693
37232
14988
68857
79307
99048
45207
28811
21211
97076
85363
46133
79168
26108
57595
52813
80049
79797
40980
82360
77959
62190
71880
28617
13835
7348
46868
76909
36230
87002
15008
12741
54669
71250
94201
37170
43761
96672
57706
97473
8545
93156
24965
28909
77247
7110
87078
887
70795
18911
89820
6383
42623
63362
92568
43877
78739
42840
34805
2714
30356
39690
89679
89468
52833
21009
20680
79743
89840
65197
98687
38966
10673
98445
56417
88244
18796
48838
13060
65195
26249
86529
70053
78841
50988
29681
18407
50777
63397
34431
56069
69320
92305
42005
92896
23482
70800
11272
96762
82177
31303
44312
97311
59545
32023
46599
14002
82669
86074
80581
84077
86735
79663
30192
76218
85740
57573
19064
3278
45307
42993
75075
47667
37769
38353
62945
50086
75970
38101
48181
37426
12846
44142
15551
29041
69949
51010
3697
92742
6476
46665
46639
35099
27285
18615
46497
35396
58753
61627
51096
42242
47506
63096
2052
73213
93158
87312
23521
86384
30432
71923
6949
87759
20542
24488
88531
92380
74156
73397
27480
52274
43359
52097
9540
50689
71299
18389
84001
37920
56632
50081
3316
31729
85606
87664
8726
75396
56023
2217
50537
74395
59430
53623
99177
72963
61939
12256
66245
45431
45119
2469
66303
12207
34172
80102
24824
11547
66388
53464
92872
85379
83969
68633
12600
80285
96101
21706
31378
31439
71092
85410
97186
54146
79522
54429
22181
61578
7923
94745
90430
90546
90171
65292
88729
35987
57224
25953
92723
17251
17094
62737
89187
48450
56182
56429
7526
21801
87964
48538
77910
94689
92622
6972
80224
24464
33215
15066
2033
24991
94355
25585
53706
19526
97332
7787
23636
63129
86577
98502
43033
93322
36237
63494
53019
19132
36172
26349
51682
54661
76100
82150
8546
52610
68232
63862
80588
90255
64788
81355
34397
22148
62650
61673
33449
68858
78785
11316
91947
88746
69406
74094
4095
68361
48176
7671
11704
93738
76110
31032
8200
23061
49269
70214
11921
34517
71477
83757
67526
56107
30025
20273
96727
76522
8227
20188
64731
43654
80392
7863
90973
95471
33123
9482
7773
12847
11109
11035
19140
20271
91151
73151
21138
23187
79449
25738
70843
98582
70451
30692
62971
77637
96140
74503
55461
35141
71182
2515
37981
50670
18830
80477
71290
46498
95342
30488
32731
56055
37646
68545
8096
49869
16171
15432
18856
68496
87993
41159
67115
18271
87855
24424
57463
20053
31408
50443
98181
17935
85932
72498
58589
97418
99747
68329
93970
68465
83854
55902
3836
8940
77227
53602
86120
51103
908
97979
3481
74584
78273
17225
65559
88042
20281
79867
36502
63845
67780
25141
49837
26644
75764
51515
31106
56835
53677
67621
69665
13718
11279
84853
67467
6514
72878
23923
39989
59699
75308
59872
94743
23143
66369
42063
89938
85454
83341
15939
18663
72881
39176
80012
86498
49755
82375
7181
3337
62209
90411
18307
78488
28688
261
49218
52962
11589
74917
38891
68071
66314
24305
94089
17220
74711
74463
14692
37227
1104
97436
66074
62842
48026
88661
16157
40179
69496
89024
38478
3132
79954
90343
84331
85849
2335
59669
6681
83855
52472
62377
82768
52145
78043
83601
75238
84957
88731
2657
65843
86095
72420
44032
48037
53142
19630
13560
31475
10845
74977
55067
42279
24070
748
86868
64029
69129
78883
89642
24642
78084
77272
51750
51747
90294
16272
16873
97233
33696
57006
45623
45964
68459
18131
91678
14995
38918
45592
64065
75449
98153
25373
76826
49670
21248
93193
62326
19792
56873
36598
90425
72168
63116
29758
85394
16190
44482
62797
45120
16385
98083
63198
88522
40004
51343
60880
48109
27426
97071
60388
31635
62643
19616
55211
38515
23359
50691
92865
48609
94597
46348
22615
3666
36279
56667
31466
26622
57548
28490
59456
49385
86640
22258
91801
8879
2663
85298
9202
52688
83997
93594
81888
89532
54142
54026
72183
23991
81818
10767
8801
33522
46477
40620
14985
76277
37575
61655
81425
63009
71077
58820
4223
59678
32983
97415
99993
69404
59458
95381
51334
2226
45161
14609
75239
62684
96576
33803
32942
83545
92564
40466
70701
49505
95405
3164
6770
86818
60769
21884
75445
19744
43303
11680
58015
28414
86699
2650
35981
51803
82373
22132
12501
63060
78409
32649
61118
81376
73739
76209
90682
9719
6915
67716
36411
3627
23262
78927
42721
92675
22915
92928
57782
60798
35589
49937
19501
1802
14502
20031
65334
40460
66212
37826
48380
94506
41663
12547
69072
56555
79115
35981
80857
46151
64004
26284
325
54993
7128
24719
49280
29225
37877
88695
51144
26058
65608
21818
15429
28040
53751
62053
89142
17329
25201
98172
80321
48835
94912
34592
92908
48392
74061
63777
91280
76463
37961
87150
32453
82738
33286
9861
51980
37443
16865
10724
95900
67236
92745
73388
9471
14475
33966
51869
47618
21457
61526
64145
74845
98867
2422
6448
88168
52427
55282
41306
32123
53642
8438
8116
27950
11195
26511
14367
63141
76412
52093
35357
27029
27215
94113
92237
78866
88395
57503
76525
33170
15297
71537
51791
93396
79301
67494
32330
5935
82064
57608
95864
72283
47018
70552
30929
76104
11051
7429
91385
78448
79429
69497
34007
50704
779
31790
32984
56568
26545
29544
46471
16487
55326
97954
31632
43635
35079
41042
61965
74746
68133
99204
93988
31745
71151
33811
66121
47302
94281
90541
99075
37563
23132
51323
82394
90446
24605
24679
38263
9584
43643
35966
70086
94590
92728
97907
65864
87233
14856
52298
96412
56332
81237
17314
21981
36318
41879
57831
94170
38256
22285
29730
1880
47728
54741
94674
12180
56732
55761
98630
84584
6507
36421
98897
83301
28012
7149
61383
8050
14680
51241
66074
39135
80752
32162
47262
61517
3065
79419
44390
89745
47506
48923
82573
5552
60067
30039
15631
72881
25889
11692
69710
30492
84322
88977
21343
76882
82075
8234
40914
31858
90933
32964
25581
27897
43318
16214
96637
84494
38188
73814
6456
99957
15233
12623
18379
38740
91372
9496
63265
66238
59611
3322
89953
15209
8827
42649
69739
34399
17934
33597
5268
78127
42185
19474
1409
82244
60114
96206
44750
77895
27397
22571
67271
87074
512
26650
54389
91910
17924
67468
4565
80919
66166
37108
97313
20857
94409
62025
66218
16644
56401
45765
24204
4713
40082
39357
61793
20806
42185
72323
72636
45401
43517
88973
43069
22794
65003
37837
67496
62560
40803
98349
38833
5650
79531
79685
71691
82772
48511
88322
9697
32563
79084
90144
37733
66084
48232
37054
44814
73297
35230
70838
42039
66561
99132
65071
45200
39856
3894
33602
40326
67782
99415
32872
30893
59185
11068
91165
40395
32496
49757
47655
73695
46362
33683
10994
1618
48012
56764
38021
4709
53585
72984
57122
27633
41071
14122
33255
60842
18674
97875
81453
87017
50078
60555
70768
95461
43761
93665
18337
76654
31292
11828
2215
68802
80952
46035
11155
18336
93009
19480
58796
75651
74203
53946
71639
5601
6755
45393
46779
90109
28669
61148
47203
68546
50163
83737
85025
75362
2512
13363
53763
93530
36414
52458
8208
87879
59551
88331
23925
72620
78751
83740
15423
24931
45652
55917
87569
27736
42794
84719
24151
56355
66378
82358
8388
66262
13828
47799
87419
29807
66287
58447
74918
57209
95707
46908
69650
33283
29755
49770
83881
38688
30740
58038
51586
24728
28842
96579
74123
53180
15087
38067
55956
77905
87161
24855
17726
89737
93673
84273
54118
98857
52048
15852
87024
81929
48604
96324
59477
90696
39035
36695
20231
62852
91574
45378
82057
31111
5501
68891
90107
29771
53329
74044
95320
83336
85587
12055
22639
41287
58370
44529
88987
6117
98096
89348
82113
48039
32275
12881
30909
94934
93407
41628
32997
29833
78049
35104
79402
21177
52134
62765
10818
26199
95880
57976
97836
12755
23994
94624
34136
48965
92755
58805
81414
81261
69204
49252
72892
56639
1101
3007
73586
21885
14457
54170
11341
65490
27244
63336
81967
96913
47536
83985
14642
73077
33718
91226
21077
78081
66235
67548
20078
16794
78249
76630
18436
5260
31156
94412
80754
90196
59426
40463
50381
19554
65293
50161
12891
96746
45869
78331
73624
65902
24092
82516
100
84678
74274
45593
4979
28140
53421
77561
92563
99164
45278
5176
57038
47921
9159
97015
50010
96443
49597
87721
11647
84657
63943
57417
45775
62460
48385
46882
10702
26853
15510
18567
29486
26047
26143
90698
84543
23878
66898
34087
24323
10279
85823
46901
6901
43124
18837
9767
41480
36601
27006
2380
22238
80112
88571
75341
61126
2984
90974
12586
63353
58172
44493
21718
94388
31192
57495
13219
5943
74338
90582
25463
16507
3016
64140
70474
52001
92120
78313
65589
52822
12281
14277
75977
3732
22035
84480
42524
6364
39422
69766
19748
89759
90688
45424
49649
78577
36073
81934
63783
39108
83158
70621
71698
82380
32907
13729
2690
18044
83598
71823
80314
94823
35694
50756
77102
28689
13614
41439
99563
26627
61966
83745
37682
1815
99736
19695
18488
44707
75889
64021
68311
11304
95054
32787
25301
62209
85449
39661
37204
94117
99438
66180
54897
79155
37226
67182
41202
34128
16528
39343
18769
73552
82078
85419
83489
1562
40485
96634
97556
76021
3373
33972
48824
93654
62126
49565
56711
34522
1435
21490
3830
13717
67312
15195
97041
95874
6020
4226
45979
40984
79716
65921
95539
27307
67854
38349
72144
63878
34531
72323
38365
72552
25729
4350
85211
51503
86759
87854
89035
74897
19389
27869
42072
98714
99296
88789
64687
7028
98104
97138
93463
75388
75470
8292
70783
68757
14898
12421
31342
99104
29262
53962
76550
44107
38826
85986
87226
89546
39009
23052
51272
7396
21530
67090
8370
32445
27145
17915
9740
33818
80981
29254
97521
29363
21376
91114
36114
55912
38397
60306
58839
98620
10352
15157
82674
87435
2310
7511
64503
87593
18504
55142
57009
71005
69388
50584
80313
66956
98821
55828
56201
99320
76276
88112
34749
85345
71244
15995
67943
4272
20623
53747
44346
79597
46130
98678
61557
82592
49546
46777
89524
27488
10500
11256
90385
26047
31041
69159
68089
57372
10744
71624
3934
94142
46573
78450
29539
94535
83491
38256
73087
71007
79411
83461
16863
68954
91658
35516
62589
86162
81171
52844
1215
93683
74614
69505
65013
96966
59799
76825
40994
33261
78386
72944
9673
15694
34392
16200
14662
84739
40970
32817
96556
16732
88257
41941
71072
35804
2697
49874
16672
15930
90324
62512
49570
19205
15353
65750
86318
98400
31429
6979
11552
88101
53166
2444
54352
98705
80078
10911
19693
27983
86555
71986
26837
75869
69814
14907
94638
66450
51613
37246
75334
1818
17941
81744
1383
84309
47654
68879
12046
81534
26059
81037
58498
41092
93520
94465
59450
9417
63230
53611
99413
78419
31810
15327
50333
13468
44448
21134
54662
44838
62582
5955
90069
80057
27502
78749
19179
33224
87207
52140
54610
79569
42339
58784
54202
43684
84288
66271
37943
53782
73180
75031
89794
38753
81883
58011
68066
32599
30051
16038
15397
9415
10205
14521
53637
61174
30392
38224
28202
66935
63787
14716
18519
57695
40300
1802
95168
92068
62620
61046
28753
21692
58171
80165
10398
9290
72975
43468
73134
30001
76024
75649
27630
37944
84047
92969
31127
80199
71570
7550
11599
19860
82478
11986
8308
34915
33203
57162
75004
71674
38504
30724
16328
38083
30790
10750
90780
8950
15961
12878
91615
20732
22494
44047
33183
59978
42829
68129
56235
53402
3203
49920
32438
31150
63600
26319
6590
87548
57078
73685
25177
74146
47089
71989
32813
95466
41227
30791
16047
43622
16316
89273
72014
41260
83203
19016
66101
46077
86427
90391
64866
12780
78952
3091
59367
28017
31000
51625
59720
54122
29157
19219
48134
74804
84577
23514
85666
74167
34763
64187
75095
63614
79282
8257
41327
55140
54265
66286
62699
51677
3341
30408
40297
15205
15302
64505
7626
23956
45512
52712
93021
61821
87749
4911
71611
12182
57672
11091
30555
54924
5126
16628
94016
47584
4413
11119
41836
20764
33244
6653
78655
97595
70159
78772
26507
29850
10296
7226
37852
94408
25689
24042
52627
24240
84692
71542
36084
83166
34743
5274
98604
51580
99734
72784
96465
89734
32396
8928
70376
47136
76558
63539
21554
19387
4084
80693
90867
9144
83838
2583
24562
44073
24622
46325
48046
55928
21998
70432
14626
75555
13981
32973
38873
92014
86860
46595
23626
11368
62094
27080
67285
42692
35807
94877
52340
41276
11071
40934
32205
20842
59057
72805
58776
35042
46677
8683
63510
149
50903
93421
22996
86004
47251
26818
50628
675
28517
87660
70659
78576
87488
67559
64692
4864
32989
87545
14897
98467
49359
15124
34644
71165
80363
29271
64060
35040
89038
51373
13489
72717
84713
17740
70334
20777
69807
17245
45378
41318
86726
90872
83984
56593
29698
26325
88593
30416
30220
87779
91125
23878
20660
43199
41046
31818
30768
72808
74635
99086
39834
41637
85156
56257
37563
92046
49224
28658
46703
74928
11546
25847
8312
99963
86561
36817
14957
22787
68049
60957
63236
84312
56046
20494
30305
68970
28526
57161
25819
16490
81448
50406
87178
52317
48377
65301
5023
96503
52017
46634
39832
24235
27986
67568
93703
29899
33758
5298
85510
48215
21091
126
13568
38752
97117
18033
94562
47602
47445
73585
3911
21526
96635
50322
46110
25474
76125
90230
90762
27598
83105
71404
55612
17161
52040
46068
32382
87220
86805
51898
60545
4685
77068
88245
37092
63464
3344
55355
40388
13454
43871
48248
25951
62542
17122
45487
83039
26798
94700
21249
12910
96722
38454
59888
55064
72622
21782
90193
24446
9354
74277
48864
41749
44562
62376
97027
8009
18939
86581
77451
18398
82217
24187
74297
27543
24523
44848
46368
39120
27430
19750
70977
30143
67617
21610
57528
73381
62608
39108
10060
23813
22528
80703
78620
11633
31775
66346
57814
65465
44083
69856
82544
88191
51787
96527
89005
39649
51881
93885
99753
33446
56673
89940
18814
73890
37167
24693
4449
16318
65397
81565
42730
17045
71429
17491
72073
62263
41420
86711
64699
84929
53153
83468
56120
16187
57295
65632
85308
73210
82660
89156
83243
41227
62038
15334
71627
4971
2417
56085
27437
73759
87137
25796
25812
50248
9473
18823
61757
55796
35017
86600
60565
99099
22707
77016
56291
55115
46087
87271
28308
83529
89767
63462
83581
9248
66662
90736
14398
82274
98578
79016
47934
67918
60065
4922
44839
76444
78523
36862
70526
38299
50972
65739
4881
33689
93891
50766
87560
10060
83240
22658
66020
44293
96064
8672
60599
86081
44484
92172
12212
8449
76026
427
84810
42772
36923
27675
49517
30659
63806
72940
99268
61175
20631
71322
38734
88340
8286
66835
44895
15530
49985
34376
68565
57070
54614
28479
60391
47663
19453
87059
27003
82469
25736
15059
41558
87219
56448
99063
41298
42516
27091
63232
18898
33015
19732
4486
78526
28926
28447
37789
17814
89310
7809
55069
92576
76465
15148
89067
91062
63588
87854
49855
6291
78819
60724
80698
30004
49593
11706
66710
60934
65041
47273
28175
5946
53394
39866
74822
23725
21730
97482
57632
65688
46200
72043
57066
80938
78273
63310
99220
74941
48683
3018
6977
5767
9916
74670
51641
31582
19251
9605
4848
75973
31237
36541
86319
15557
93234
24296
22864
34496
64856
1128
74603
22852
41611
88732
35265
5345
13634
85130
83822
5391
24202
87264
69149
50855
93984
32515
41172
39340
73911
25645
64996
53511
77245
84153
3561
86605
95357
71107
20246
59351
42827
56619
24581
44037
91748
54876
42575
35472
39892
91374
99468
19542
50730
57620
53124
12621
47290
13228
65904
51679
99452
54688
65385
53506
90070
49997
15718
91360
93749
9323
49821
80506
56849
17279
98013
65495
21891
67782
25520
86348
84685
71256
68475
94554
52212
58534
57366
28186
84034
29955
56420
51317
2077
9537
72902
8024
80245
54630
57532
66244
91592
59116
94797
71290
90864
97835
25278
84444
51009
37776
88277
1537
49069
53451
12715
58968
43208
97360
29237
19611
54840
88567
64605
76005
84481
44209
89512
67432
41694
5277
20226
65064
87657
63663
70628
69672
51733
58825
11269
9186
75161
60025
72595
70404
37369
93514
60135
94807
48207
38852
77367
35894
62882
58333
61066
27244
42096
56916
2056
65509
60756
38726
81297
70571
38660
57683
73559
73792
14127
43691
31443
76879
7633
57164
68196
25547
90101
46780
10735
7108
47749
58558
63686
38198
42472
18898
13662
23985
84653
10287
92689
25310
49539
94348
74731
71942
72935
77941
63080
60682
89187
85533
63247
31771
23594
47989
50151
