90308
59189
28751
61666
57694
48618
66405
56851
14198
10774
97370
53331
79966
78948
40252
76829
69517
37775
52120
24790
23173
91700
26099
28491
89266
10754
18526
51134
34114
36340
66590
75850
1150
31420
9512
68302
74340
8950
82583
39892
26314
38998
74885
80629
33176
58116
64775
67116
13988
91403
88148
20393
11399
61623
70668
10835
26502
58216
69721
43348
57060
80318
5099
15373
39897
46081
51966
98508
74986
21470
14970
49838
61285
62833
35071
98438
71695
42806
44983
59791
62893
86384
633
22657
15433
25285
30843
77364
82813
31094
75855
77293
68250
57465
97005
11527
56121
79863
4274
25972
22895
95417
58124
90606
50405
44062
20385
54508
8581
40696
69338
90265
59961
27465
49731
70655
95854
93218
47863
56946
2152
38991
46323
54064
11325
40973
33430
34191
9892
25302
47700
46471
19659
5555
90504
47317
65829
28439
65231
90188
93430
69960
37482
47895
88406
69824
34771
57214
23311
42534
36823
18277
77810
35633
44044
19348
38974
74309
21552
11863
1902
387
49941
88092
24917
20372
56267
56942
85165
8492
4392
34534
45536
72439
31677
59571
9184
68758
41399
67674
98800
57644
58135
61301
23217
42150
72071
87083
82389
92936
97921
56231
93321
37690
88376
16423
97373
83720
55789
83693
74543
32897
44424
51615
43961
99268
81836
88727
88883
58292
20609
84208
64175
75362
31211
44210
44807
61010
27442
67686
29396
1101
56872
6221
81551
33960
38564
58392
55423
66322
84549
10960
98841
45099
22461
12180
10371
71597
10764
52416
5328
94495
39876
33957
21725
48310
93424
24764
4129
71726
88157
13952
7355
11434
69380
40366
51392
43538
84612
31586
24928
98204
83445
57752
16443
17631
53511
15588
26509
13743
23618
6933
2928
43119
35513
40591
20562
84477
56230
99972
93321
38174
37470
65028
90394
50052
24722
77271
33527
82003
21498
2313
88331
33405
96070
29196
26584
83675
11723
98368
60691
51758
17549
45362
95048
59971
7977
26470
73378
16339
24899
79762
54640
48977
72027
50286
36321
99174
87449
57005
70805
79616
63415
77540
57849
40291
62152
22777
57293
46282
35303
63523
12752
177
97445
23938
56318
20469
14201
27032
92923
54842
98405
11851
3065
56859
63282
1608
57634
6685
16551
7056
2790
77381
15931
55058
90576
62818
92000
76322
41969
95218
72588
39233
73493
5558
60490
44238
12545
50830
86495
48868
20309
27673
19037
98860
86080
90006
32024
48353
60056
38834
90838
70625
80761
30264
88707
62026
4287
44283
15200
40016
4695
27094
88817
55752
82006
91813
23150
64291
5594
63004
52459
26311
12251
56731
50104
16514
68731
90322
86561
40137
80979
48133
18720
38314
68651
48677
49833
57298
19983
88113
90471
13910
70073
89194
85305
40525
72835
78752
23794
13990
72737
73971
54464
85127
70989
78984
8667
12473
45790
94126
89262
72103
21579
8219
88629
87883
90140
29461
16538
45626
77569
88054
69611
7118
65999
22645
44274
44309
72854
29635
62049
18051
28939
43028
51848
39190
92998
85178
66786
97699
23369
96567
37256
34965
55732
81605
81396
71952
70370
40593
58129
79928
26676
43353
47743
3895
92489
89012
83774
14874
5286
74792
73039
2474
39010
16241
12447
62648
86797
9356
47112
65303
4666
40083
96099
15914
74515
61404
42154
86317
93744
80793
12243
14018
94254
37475
9495
97641
30118
33017
22515
54203
29228
19639
65281
51408
6570
45598
95188
65052
11850
27510
33453
38103
88657
62364
66491
88122
67830
14718
82485
23579
90376
58309
14988
65844
91424
73485
61829
52273
50513
29876
91932
22523
61848
33433
49520
72308
76317
12752
53466
67883
36560
16182
4463
80823
29923
72905
85031
95014
69815
43124
4915
21752
4643
97232
43402
10221
46784
44975
1860
97917
13694
36844
28169
38736
58990
14696
42641
70864
24083
14547
43707
69211
25803
99050
55946
84724
25743
60051
21145
8539
12721
2150
68069
56634
98616
23850
75203
91474
74029
57845
66992
28058
79488
38248
45235
75383
99511
34629
87760
92291
19187
146
95410
23681
96593
74556
92489
66208
27253
41973
10095
69565
67632
68626
12810
73762
65905
94762
47561
98478
26809
84684
92197
23923
9715
86477
91765
39826
89728
50126
94581
70105
33396
78276
55891
91029
92222
75881
40141
98971
22735
27488
30371
23456
48934
48570
75551
76779
67389
22204
43646
35202
77287
30919
31209
14046
14364
58667
31207
26173
9773
38471
12570
6725
2303
52908
90787
60087
33570
51027
25490
82583
5240
45367
14503
87150
34778
49987
71438
80235
20951
27904
38029
51494
58357
3390
9480
91700
62001
63571
2659
89807
3180
47749
95248
41235
15421
82347
72521
93205
11018
78625
59851
65313
51363
38147
57806
49403
52593
94904
81088
76558
80768
38648
79901
37089
48263
73363
16844
36892
97659
76412
80781
44861
53930
7475
54503
41833
74305
55642
22654
36945
12379
34956
51919
6504
21908
32247
48388
59316
58102
37687
72867
21575
87509
44819
73064
43802
99516
93958
89680
16567
62292
91057
50302
65780
7865
73567
7550
28233
89521
3155
9216
68864
12352
69430
51191
21911
7454
60147
4417
66333
81046
44964
43121
30835
90510
61359
60575
93767
71471
95290
43868
90707
89915
60495
16611
93473
94965
10843
71697
15636
30229
63710
33238
54358
88192
51729
62192
26100
99779
2821
41317
75660
98276
5211
82191
98155
59021
26450
99719
35983
22908
77415
74612
6995
40465
8561
37020
40311
12542
73815
14958
5542
16703
58374
28890
76603
99799
12884
43825
41926
72580
23037
56891
32151
95013
21032
64399
79203
64538
11062
21919
57021
34736
48230
90016
94774
40317
27085
4349
15473
67521
85020
7445
55844
61388
6556
11485
48886
31965
28893
61761
792
69117
6763
75857
20230
96944
5647
49250
99476
40938
97178
10408
85509
81726
77600
22934
84191
82101
70963
5418
64687
19748
28025
95692
90934
80795
92769
26211
40140
50318
32176
56472
76612
84714
49633
21801
21597
89021
67175
18216
28065
68540
74626
95848
51208
64554
92315
26640
56552
57834
9527
41360
59442
14050
83519
88417
55559
331
87941
41587
77233
49974
74820
73663
95971
67359
83247
49606
38707
85086
2521
19240
76702
84928
69424
39833
28609
42283
13722
79269
12135
53888
83249
93847
69790
88622
10201
5715
18240
11915
7912
32070
73374
36919
35156
12781
15663
35705
92679
79912
38724
1657
64201
84104
749
20265
66188
84546
20526
53054
54323
68451
32559
