90112
58771
24577
63648
95487
15438
62634
57118
34324
62547
54594
68941
84194
755
34964
87720
49911
27503
91253
74213
89779
20224
62762
36980
42355
57120
58635
61725
60003
95239
42296
82915
24092
57623
80297
72604
61841
39502
8780
3910
39207
46409
52848
93671
62810
14105
11319
67962
26028
67615
143
41714
51333
35522
53373
35670
28109
48818
52338
63775
21104
44970
6313
71879
61468
90479
30912
67215
78515
50582
61142
80209
21662
7149
50680
97052
21859
88460
88284
22593
12927
54092
60948
14265
29862
34869
52852
2019
35418
51729
19861
67328
16144
58492
37044
25867
65260
29699
35626
20021
