59116
56148
38862
13318
94573
85545
44566
34071
16672
72351
41689
19833
89519
41284
40036
93834
26150
23954
24916
66674
27729
49586
45315
67071
62251
79521
8594
50730
12613
69973
88722
76058
85267
14606
63652
21577
43670
66167
23343
25803
44398
32467
8179
96166
91271
87310
10294
28576
22284
93307
95707
48995
18882
15903
66877
30671
47741
16793
25289
6449
38943
70550
99047
69034
67932
44798
45229
98576
79264
96169
60692
34980
94305
71764
19327
37490
70134
99322
59214
83519
33958
63667
32080
57268
36194
61040
82842
16095
88441
82136
96059
77514
64632
92654
86071
10455
89334
62355
73509
99150
