95318
15660
22073
33850
95868
41833
90155
721
94601
28602
76338
54769
39861
81278
14626
54778
14149
90505
25299
19685
41692
24393
33867
12212
26775
47241
58867
11654
91360
69509
22532
50954
1937
95787
18141
41579
32812
87270
59799
82541
74883
41914
32815
98250
20686
67244
36369
68339
54495
76177
26001
10869
90339
67481
35158
87613
25797
63112
63035
44770
7222
63735
97173
81684
89973
24147
27572
34301
41232
39114
79114
40500
84436
20680
54800
76998
32238
86001
41857
98203
16401
32497
5123
36454
15808
76558
76561
68707
31567
45897
36729
62093
77368
29430
20316
36115
33254
76431
6529
4695
61845
79394
60597
73642
1288
14266
76562
15504
65770
95499
90633
44043
95091
92110
95955
88856
28363
87660
82841
64910
54247
52541
47971
93052
98968
75688
94894
31651
17191
52740
48026
40720
4950
84033
84791
20649
94422
55996
95534
98781
7858
31820
65502
62558
17011
69665
56324
50527
6930
73304
47148
63770
38713
83114
77300
76592
6981
21452
22201
83189
66117
9266
25403
41038
84416
58957
66685
45040
7161
51544
52500
89469
25470
26530
35169
8148
74482
9272
46060
33533
50143
61601
34267
91849
88887
24281
77915
16349
75110
73396
64738
50636
40530
15600
86516
90991
79662
94029
43723
99486
21493
88862
5969
80238
6781
87656
97814
8545
70484
41011
64964
72449
7204
80920
95402
96785
58163
22709
48821
77986
77075
96680
98104
38407
24880
36954
30482
15136
36023
79473
32725
52970
22942
69250
82276
31266
15337
95825
66513
83824
74463
12267
99194
24014
160
46816
26452
34958
81634
68565
89990
12435
37258
36007
75425
72014
84944
980
96439
78843
8951
11845
26922
76301
88191
27205
82090
7729
11185
58388
22591
37901
8145
56803
64525
29593
69456
13646
31466
78500
40578
35613
61199
3999
67487
85479
24655
56375
43280
98245
54494
96538
97921
54321
48061
41169
35536
99965
39301
63486
51180
26694
1536
58428
14432
87341
46541
99443
49337
4245
19169
31682
9685
69453
37446
32944
91303
45953
29706
35384
68731
33334
76913
38163
27499
93584
56699
77609
90326
66109
27952
49067
74057
75524
77249
85718
12550
45047
65777
54344
98736
40035
42870
9491
64959
62515
7961
32971
9356
48841
65230
73491
7545
4319
88631
31481
60362
49506
72424
89743
36602
14160
53617
71974
1558
57851
17407
69500
99636
21969
63206
47269
85373
88160
81432
89469
79340
91774
8088
12011
43428
90451
59933
76222
58988
51319
53441
81467
62990
26832
81721
23188
66018
69867
49568
23996
72322
64441
96428
60192
35082
69985
90270
13022
22945
26357
41345
8237
44065
84852
52056
46120
67764
80061
26347
73644
77675
70795
74409
43212
29735
4994
70782
81310
89399
20039
54366
80757
22241
3213
74264
1935
1900
5919
19235
29949
77239
6341
38076
25091
26743
67611
79500
22202
80367
32166
16426
28213
57698
38946
28891
74795
54918
92611
48019
70947
60159
68777
83605
7012
33961
55022
17714
74487
14258
49939
44614
79822
5538
75120
20377
72544
10313
60079
45310
38555
18574
7243
69710
83884
31390
36466
59412
66093
52406
68253
32942
61109
66724
40561
61164
24076
57291
70866
21170
47380
43923
80941
42295
82767
63649
23534
37773
62317
28090
20005
75154
92645
74523
42825
43558
70452
97541
23499
90028
104
19887
89407
29889
99177
32699
63953
40443
42120
24081
46130
44137
30710
61273
38065
74956
46886
38471
85150
3495
775
26320
93315
77083
53604
8299
10157
19319
53778
59740
23254
69656
5265
99956
9861
34686
43964
60440
53367
13216
89003
49637
97413
33632
26350
64420
32845
33051
22784
81374
66043
45426
28595
41933
10611
71365
51007
61767
65191
94528
53767
65203
79658
96486
99682
60380
71021
82909
79406
35424
22106
91531
25151
44846
96935
75604
48697
16675
23374
13148
49739
45076
96530
94961
84849
82060
72017
79054
57515
81316
81881
11867
42455
13031
62080
65941
71143
4134
30960
49755
29524
82457
31973
11238
41043
47917
13351
71179
56517
4164
51688
35042
94818
4218
88285
16461
87279
76795
45375
13753
89807
66388
74494
33041
71168
51495
41384
56893
94678
74064
8572
58097
64415
41573
5476
46389
43880
19299
23794
71578
67436
56480
87024
79368
76257
66616
39952
95405
65751
28200
96287
24957
26604
29668
65993
66969
42578
57173
29891
80571
81883
8260
20395
58100
68914
68351
41982
96224
52795
2464
65068
77500
56122
84781
97577
50495
46086
46509
18044
90228
84648
36780
75751
78847
24602
94015
94228
94722
74096
99955
63502
62037
88422
25605
38449
57972
69552
74048
98987
85315
45117
61913
2218
84429
6202
66048
1027
700
89102
39353
54495
90116
18959
10045
15641
43011
32320
58985
38052
86007
88495
1029
47370
40739
40076
63833
49312
38195
10428
8096
235
13128
17098
36051
70160
24575
11743
32648
78435
94352
71740
13332
89601
33819
43736
19330
4764
39588
61677
70669
54455
82281
43338
96757
8707
11732
26687
36021
38349
24335
16226
32312
44762
88867
27282
82523
81081
34771
52398
3540
39709
83021
13205
96208
27908
1218
65777
76877
76901
93926
96433
42350
52988
31521
51744
68787
32427
53379
80560
53877
48266
24698
87907
65166
87836
83981
69482
58388
86904
36873
9908
19261
90712
12765
26799
64167
90757
8795
34849
43151
70599
81932
69953
20666
4471
54478
26437
29490
82374
29770
22379
44863
69327
51727
85617
79207
68140
34215
79763
87140
7754
41799
62316
93694
15211
11847
97355
28163
43198
91901
68541
77919
77002
8920
31952
81918
18395
80923
618
96497
60889
58969
47855
24238
80174
22452
36391
92382
31904
61022
55570
55034
25874
18903
21601
37717
99245
36618
43052
64691
4180
78027
43673
6774
73507
78232
11506
80147
46269
62271
73834
53401
95576
48631
46377
16137
67077
7217
76411
11425
10071
64129
77414
30865
5137
58092
76171
58732
19046
38312
41780
64703
8446
31860
80008
21546
81391
80054
37133
31351
8713
80173
39579
33348
79185
89460
61292
21859
36599
10520
34455
88399
80139
56315
5652
62774
11674
46572
85578
87222
72984
23221
26420
33552
10100
92997
19004
44369
78416
4161
70991
28751
38173
18262
57390
30683
45883
73370
53261
69842
71009
65244
21542
41430
68708
70839
95503
65653
19852
45781
79342
91507
43446
17931
78538
56515
82906
26901
1417
88315
71853
86759
70695
24912
27525
71199
12934
40416
32073
88802
15379
53514
47959
91727
46085
8686
39873
82669
45269
98131
93146
99439
10188
17913
70558
66041
20100
44524
5825
62919
6378
11167
39059
25370
50725
12480
84457
93521
21877
99608
47610
6743
933
89666
18338
17055
57283
5370
91972
85605
68335
73470
49046
1604
82086
44921
72969
85827
73520
33692
51533
47688
86832
59686
81245
33788
40306
68518
81800
15676
41485
66825
75284
10559
62726
71824
45816
14007
49905
30955
36832
60737
11668
93716
88064
7376
46741
86073
80310
18350
10623
82704
28302
69784
66260
10841
29982
89504
60216
44394
53956
64598
57103
55930
69051
81508
67905
14399
14551
92795
37536
37256
56591
41654
47314
81738
2023
85716
83038
8741
94005
49859
16518
823
212
76659
26088
18118
78545
79361
54816
45988
33028
53593
73857
26876
85940
41333
55618
99070
39868
57410
62697
6945
71105
97148
43727
68112
47991
14680
23627
77887
72136
80903
85666
75902
13188
2014
22018
29464
66614
80592
82769
28814
3784
52700
60186
28761
60598
88928
30696
67468
81110
14783
32626
30984
65784
69218
62547
16452
59840
49421
76737
42220
83966
85740
20321
28223
44990
56655
67445
65491
39711
66931
99687
3750
20366
23324
90409
42026
217
87789
67143
9951
99095
37922
75051
64796
99340
44012
13644
3716
95426
63118
65449
77116
15947
22569
56672
5769
31060
73987
70040
78644
84101
76976
48520
39933
58528
61158
3405
46807
8073
8492
44654
29393
49305
34298
20881
15588
13295
67275
68239
79283
60563
78276
28717
26330
91594
93093
80837
85179
70841
54574
19558
62170
14114
38675
10520
76585
55087
40935
6024
91768
67906
63376
57317
18081
85727
22947
81430
86695
82951
25947
42376
60574
89616
20447
79450
18534
44758
12712
71323
55273
24123
45339
5956
53840
55443
17351
63709
25900
97928
23891
4418
92712
46409
22922
92228
60411
38758
98022
82891
22986
20612
82932
87760
10585
4436
94042
55888
68533
9493
61904
44792
29131
22253
97569
22159
92759
10034
56180
91797
49491
53044
2497
87949
45962
40945
75131
14659
24546
96349
73024
97409
7582
89331
34637
41060
2762
42944
39591
87256
87165
95678
15760
57329
53765
85436
92405
97172
90461
9885
15811
9590
57937
58999
9759
99149
97524
89530
44863
24685
76500
66325
44240
65407
3075
32244
96971
77557
14259
94443
62686
43651
10842
90105
27919
23684
47727
73386
80311
56319
10755
36015
89584
32602
76086
82862
56854
64740
13869
91253
58965
65243
34754
43157
14093
72306
13741
94414
66991
20101
67421
10366
76636
23891
7998
22262
1597
15812
38784
222
54341
7300
54756
90618
57564
81844
50613
67612
61146
68380
84202
519
57691
22896
98041
79387
58165
64001
69778
77875
84175
13238
35962
9331
62711
52613
33994
46178
24037
31635
52605
94998
30602
88353
79172
83549
50326
41725
50908
89199
13028
89249
5263
75712
6807
28909
73966
9132
67310
11086
85490
93401
55440
87559
53806
58469
3069
98414
16454
2382
6230
20137
24310
82925
72405
90238
51195
87302
38271
32817
48426
84265
58494
42605
96435
34747
52557
10173
67770
14774
89693
8135
73042
90066
7664
74085
26675
60971
57776
87547
28497
25068
96350
15985
39224
11335
91472
54591
89030
94194
95896
8533
93033
13264
72989
78138
93872
35347
75762
54844
89193
59442
57888
61317
97451
84474
92379
75700
50988
37548
13245
78598
31879
45042
54694
12404
28412
97093
79537
43504
26583
35696
91789
16166
98010
18196
18281
49836
77085
38468
54991
30682
3061
4317
53764
31484
14811
4315
61961
30722
67306
26407
73676
24905
16485
56462
46112
16492
41177
78547
60104
83486
74855
21213
57821
26288
74325
94378
33138
18131
78434
11970
96565
83298
84455
5429
51978
88461
56193
92650
10992
20201
58481
7162
83713
78946
78756
97450
28555
14533
66647
21096
5155
40660
42886
52448
94305
24299
46376
72348
1219
63848
24573
76805
30190
53695
81747
87653
18013
43816
71570
27607
39362
30603
71315
39800
64210
89482
84005
63189
32204
6694
39139
13763
57035
37289
40369
40032
13135
63426
40142
66478
49934
92764
39370
25964
8913
16822
19602
89802
87030
58652
43777
91560
20163
91083
12553
44043
80349
23904
85013
8347
81418
35037
51784
3595
19027
82589
6694
82390
82782
94501
59624
3064
13374
20702
31959
52289
24171
91819
24008
56818
92147
72214
99928
39368
55402
70447
27058
9054
55199
7132
90845
73114
23005
94123
60926
76829
69614
72420
2032
406
98676
632
12449
4163
52859
48141
97046
79121
89873
90239
60317
21770
95297
42422
15432
5731
76490
91967
11627
58424
84886
69927
61696
75994
90529
78535
13802
58852
53685
52958
81397
85494
28193
55122
61494
8103
24032
3645
91278
15776
9081
59553
81802
70849
72222
71070
91227
27365
34954
72836
76017
35128
78018
87342
3957
60550
1195
35648
79837
63974
97597
95673
57657
66520
95886
87101
77361
85562
11781
14732
83824
77631
18444
64874
33648
3288
16448
97620
18887
11633
7862
52683
3515
45243
52849
29712
64312
3189
30234
49255
47865
15055
79739
70473
45717
94433
86522
82339
13989
85403
99601
6489
72172
37212
98706
17830
71244
15046
5018
40798
87370
73837
25997
73821
4083
57995
30144
36229
80409
92867
86448
88954
59716
13329
82301
87958
31844
71736
56696
16727
48181
18029
82024
58942
27825
4449
86667
59512
28769
12383
60470
36174
37638
5049
17206
52345
74614
55270
74537
2742
77560
27357
88089
48188
88429
95157
61223
79966
26084
42358
57702
48682
86363
59906
20491
91438
35336
42243
4269
22252
52302
61004
34269
44602
31908
37770
85659
73497
35475
25091
55150
30939
8044
35471
37286
86343
79773
9917
20872
57965
36965
11375
75831
23336
46809
82851
99351
14133
25712
3657
56878
46707
31565
5275
63240
85098
23549
68949
12198
80638
15495
42919
58144
29952
76408
40840
18653
6104
50671
10342
38142
87484
13642
8841
64094
69317
95904
23349
31433
45282
18459
63453
19263
36134
37207
91197
12225
22413
65295
22972
15320
46106
52320
58987
60298
94248
38735
326
86218
59586
54598
617
75106
4408
43986
6845
18007
9562
94405
5757
97247
82952
80275
4409
64382
73809
6016
74740
94512
48253
72796
78971
74271
73427
19505
26353
77780
72503
72335
16579
29548
44756
19973
92301
30896
6714
69987
4096
63132
17772
43478
44307
58661
316
1240
3290
76438
12749
82396
80157
41156
38178
16397
82349
11172
99736
12820
60560
8421
22992
57354
51644
41575
33658
13753
42933
7721
62404
17785
79685
37468
86693
44840
86632
56928
19230
55087
42560
30299
49399
39381
31655
49518
97137
75876
76564
57808
75281
10237
51620
46094
21399
60007
29895
46536
14988
92304
79669
86633
22015
2746
65656
82576
17855
72515
48289
14087
29031
7136
30569
19878
76872
46215
92436
27540
75320
23037
63268
54518
8701
35610
12405
75844
85881
96002
51564
97857
19419
34491
86149
89416
12871
36333
63511
55752
24694
84985
86578
38797
40643
1723
34535
41350
25688
72822
2788
52297
72842
5869
19085
4427
66416
59985
10402
30971
74947
31412
87987
26200
33355
61678
58871
62716
75818
33901
43816
41551
76189
62685
68934
58701
24586
3613
43228
18423
48020
72615
85627
3556
13265
90958
85608
45878
79105
74789
37736
51254
77432
65419
21821
66413
62283
10506
20522
36014
63654
14862
648
38938
84347
17131
49917
95581
49590
39409
64680
73805
82290
12204
18954
31044
75446
65284
18405
71177
46623
44670
56540
82122
8490
27903
5427
12468
4142
41911
27742
81872
4698
19877
7146
71966
58340
48348
39192
55973
21438
56412
86091
1669
26744
55899
83420
53253
40557
88463
18169
37672
199
98532
14013
30437
29026
52742
39020
80703
55734
93146
64887
57548
54027
92163
94733
71452
20787
56199
83241
39406
11269
37562
97017
95264
29646
48525
43738
64138
35876
22669
54111
4435
56001
2501
29457
223
83653
93709
76421
64959
18032
13344
26437
64105
1415
46610
29001
42904
47731
8828
24019
22564
6646
53952
61836
88004
73949
97027
50010
53013
76140
53363
64084
96485
88057
7200
22018
5475
95232
41331
62824
87547
72018
75814
40322
77352
9973
75544
38295
63029
47776
41186
55530
10991
46837
14452
84521
77849
96321
74454
96731
89354
63983
51604
31535
76930
31948
25136
82560
51040
16270
31402
33890
6494
46505
72919
79007
66646
92712
9839
15368
17714
71948
10084
49458
24145
68053
37930
40822
76110
20218
36751
62796
32784
40676
33145
22562
78156
14438
91905
37334
90665
43673
12699
88928
58723
19238
64659
60437
93320
73847
78542
57731
55091
67953
37391
83290
85821
29879
23596
8579
34729
55000
8841
42836
22904
46292
5252
82281
1309
95807
67393
89846
15165
26494
8299
46142
98831
90968
57693
72413
40987
80485
14040
67810
974
85915
29196
4888
91473
73687
74822
762
9162
43864
90858
76015
15414
84799
48150
8739
21630
21107
8429
33857
31591
49768
65525
2949
66094
289
96632
96336
89180
68971
47441
17355
83620
11453
42950
17142
82474
79216
32007
96545
4206
81097
73354
37024
33902
98442
53796
47544
381
96637
76771
44432
9124
57146
98320
76121
61663
50594
75675
52765
68050
98202
3083
4201
13133
60362
9856
70854
97502
42383
36150
92368
5558
20057
22751
71722
33827
25670
34257
75316
76332
54851
11841
97126
94974
9671
67444
80296
54585
28729
79214
16313
43425
30613
93759
43734
18661
52265
77759
2747
45050
73878
21596
41649
52064
14507
13190
84879
57081
57013
30953
32128
2569
54860
46856
87426
75659
78490
84349
94828
18510
7499
92862
42292
10986
76838
6933
20667
11065
61724
51369
55980
25313
25480
57706
18708
98897
85785
18164
59373
40559
9883
37798
76033
58574
35719
45471
88679
26062
16432
27073
59462
18746
84965
6887
35895
35945
10439
60059
5405
24616
12870
29426
5033
54819
87479
66207
84264
78173
91624
36058
15306
81949
96522
60668
78768
7165
21697
27615
42619
20124
85418
78064
35204
91492
51509
31428
73577
59560
64724
31741
35885
24010
9779
49340
44482
25715
34766
59315
36729
25935
87441
44659
45957
64678
22715
81078
70888
93802
47718
21696
34049
41894
92629
74484
9053
89327
1576
89876
90360
57756
66313
29010
90636
43351
48237
32610
17216
70017
36265
12545
36234
14979
16420
13772
737
24726
84715
9069
47745
47863
78704
26833
7870
19638
98979
21675
44534
69421
12951
66425
53464
19547
88806
24442
52108
67671
21047
60352
81341
33731
2895
9012
21911
78379
10233
18443
42429
15729
43402
33231
19952
37438
3183
77389
98370
27378
95559
90086
18337
395
80354
12781
60787
25776
38957
95133
7502
82834
82735
47987
2603
5769
26189
38955
85831
21423
34387
64089
42075
98625
814
91231
98283
62047
85440
31530
13649
454
61537
87853
8775
1655
37075
17875
74985
34405
36225
17937
24037
89621
64842
25227
300
44213
41894
75479
14967
46970
3597
22472
57505
25083
20134
14979
94420
82649
30931
82933
98410
43501
49032
34949
70947
24427
22120
41764
53223
39681
47606
44145
80537
37560
68171
74411
38409
17387
20492
39219
79438
68126
57444
12653
96759
48445
56965
4360
97757
86636
1125
73903
87130
8754
59078
13865
97377
85124
37246
4670
59064
1118
4703
24504
77113
7716
98677
39814
1936
67222
29174
21972
60978
31759
83288
10839
12266
96567
1680
11406
34503
87297
93027
95666
26838
22020
4075
73072
68852
97235
45480
99947
41808
26100
37870
42432
1977
4963
45178
27285
28284
12155
58160
36913
17298
3706
61297
98285
15054
46151
86548
48717
55094
19976
61633
50618
59097
32546
73758
58249
84992
1125
73360
16539
68988
3644
62260
16047
95806
67740
87753
9252
21874
28045
7928
53026
84794
83054
80735
39702
25117
71684
27373
96070
96557
36836
25372
48722
37534
71266
62570
89671
36933
31254
622
14558
35891
89798
77864
34852
65673
9921
96473
43358
66754
60571
17269
80391
417
86647
9844
77675
94096
29720
54510
31748
49769
37251
16505
89256
69850
85515
15561
3678
96175
39699
30894
44957
70552
36239
25518
78283
85438
8099
94005
37501
26962
41999
37382
86488
21179
97711
82557
10546
85358
3264
25291
22937
48629
83845
40668
54547
20255
97525
11373
15242
68760
5727
20796
58860
20591
69789
86070
53331
802
88163
56677
43914
16128
70015
93875
40096
77032
37980
28391
51805
47821
22994
623
36316
27819
53271
10007
63986
78979
86583
60853
52344
81178
5597
36576
22124
8166
88804
91434
49124
32565
36058
18127
48452
49811
39879
76850
56086
55477
98297
60268
88816
93463
69720
20256
89429
91290
25427
65099
66395
77724
87854
11306
10445
8462
66830
52658
59679
53755
81434
64295
84539
55300
25598
46963
79618
29429
48859
22600
49818
71246
83491
40284
65226
24494
47343
82839
92026
34656
42806
20244
54051
86171
60238
88853
40460
27910
55988
9017
66076
59703
50868
32102
56262
79263
88695
42594
55565
11030
88782
81142
67157
46458
20405
92432
110
91765
92755
15255
99875
8908
45674
5203
32722
12234
65686
97325
68174
84117
91930
52946
37738
79492
20626
23294
21877
33315
19623
5502
95656
59304
36578
95609
28966
63333
76340
76983
18931
27189
52004
62614
63745
71277
86561
48645
55470
45377
99755
39037
96293
75728
47146
45358
63130
96967
72827
79068
67229
11865
14142
26942
37156
31196
37668
54668
88620
65487
28698
85348
3944
83831
84478
26273
12472
44612
94417
70690
98163
58989
53115
29049
77786
86903
28080
10803
23128
19655
10581
81604
15184
48736
88497
27822
75824
17614
52649
14579
74522
75664
56609
43634
10770
76785
51438
58443
63600
37666
1908
18164
46139
64710
5544
87537
3655
34487
32828
92278
87960
95802
73004
59525
40233
98932
49439
42573
3590
36017
42036
6224
35410
14459
57170
78854
91201
19198
15752
11593
540
25321
35081
11609
32741
70131
75979
9136
68484
23719
49996
7264
10280
94419
16700
18671
33966
42541
73864
6222
75871
5721
18888
27532
971
61895
66559
49162
17185
45754
69772
34945
67863
99085
58605
7558
87080
71022
33074
75986
40568
63590
20421
6807
89486
93851
9911
71837
97401
54141
84021
82499
61285
73079
39019
16134
8294
14553
2621
53644
19303
97995
93569
44958
74656
29214
80068
86054
41694
91668
36228
47680
55001
76725
42550
44691
37168
46543
24860
14378
5221
7010
60620
73540
92109
40842
97010
57100
25370
79532
35452
17130
53866
85743
13881
98640
33818
37530
34912
29083
16095
32367
50851
96364
8751
40339
96236
21931
38139
7198
79383
9591
47277
15017
92672
42394
27597
41082
32154
34495
89996
36634
17880
7573
30625
23614
98321
12625
40021
64689
48966
76292
42034
27446
61816
77186
65187
71575
83360
7421
40644
88401
45115
26429
66982
76124
44856
90187
64823
42398
56965
51489
38682
68454
49303
53668
37842
10195
23067
89255
40363
49710
37610
72242
64614
60528
51182
44003
26999
67816
95991
80326
64845
99285
20990
93060
91998
11074
91859
70988
10099
95354
25531
88197
45761
69074
49084
93510
18682
84627
98347
53842
69773
43531
63882
53615
25991
31894
31950
33192
36011
72948
86720
12391
75752
88127
12761
23692
2877
64080
41298
4846
36987
91705
30185
97289
12702
36604
40627
98608
8306
47109
63529
70687
93579
40616
75105
68230
84954
96185
21240
47262
88958
67706
15768
36501
95053
72337
52605
59522
3620
74557
30023
67739
458
34512
17770
7217
82379
6943
45210
32407
85556
38544
63292
71997
48429
33665
73265
35785
88432
89334
79013
1537
54384
17741
97874
92507
56820
32681
83360
91255
82037
59300
85340
12740
59024
86925
90872
30746
5883
92654
69989
76256
70217
22024
7861
12476
77123
24730
95382
11937
70876
75664
49296
82307
58819
20798
33829
94469
26224
69303
7567
44542
60182
66743
42588
21314
53425
34024
77248
8109
58308
9464
73114
44833
25206
21468
55670
6207
19749
38954
52684
60728
15589
95504
4489
7797
90867
48790
31163
6581
82363
57419
73459
24195
68778
66568
16430
89852
25826
63414
77824
18597
72518
85456
30763
72010
29630
39236
39980
2912
82682
23363
77912
44531
8435
95725
11541
67791
79265
99292
38152
65834
58046
26773
41205
96829
59162
56650
34988
80105
78672
63171
70828
31895
16945
48917
2483
71872
48653
51344
72791
23069
65059
4587
37731
38748
10495
79768
14410
85448
36673
88521
80685
36707
51410
32114
37314
36829
28662
439
59620
36298
73822
64250
94980
78770
61614
45789
47676
49223
34376
51837
58161
74967
42115
10764
98866
5837
28471
62807
30297
51246
64472
72922
3683
25993
69012
69855
18500
46421
49403
19149
8924
78695
58900
32714
90514
2777
27296
72713
57244
1972
81526
15558
48376
30527
93253
55891
12936
79311
65962
19278
28117
75966
74863
85774
17020
89928
97202
72733
18211
74961
65940
92106
60966
28734
7246
99836
24228
94916
65992
16205
87532
93509
21065
59797
1932
95922
94733
81287
11596
53225
31125
43196
66286
37847
83024
34605
14815
22180
13839
33875
61701
79963
7899
15860
28430
3077
27892
51075
66131
94825
15044
58231
3989
71544
4896
55102
50074
72816
67887
47044
95497
27892
93639
92887
53260
37566
10306
82853
59227
43546
62519
96270
33831
31759
53809
18539
42796
30280
97840
59706
12606
96126
21088
32087
61771
56471
4948
75432
87146
97858
10532
32338
3712
96949
59608
55561
64763
19081
63071
56153
93370
29111
54893
77259
58199
44037
88606
86978
65395
98592
9019
20261
18798
53502
5506
93312
2129
88551
63260
92070
94887
68478
71794
69607
65172
50275
21698
9600
74701
4175
21322
61085
68904
65252
6038
70188
62349
28867
43256
35462
79207
95509
38566
49703
58613
13708
33362
45128
61366
70615
93435
13899
75304
11033
9193
30277
97665
80234
39403
26458
8012
19574
17521
44796
88848
9305
78951
57563
75539
55051
23549
10492
96463
86228
70588
84470
52496
13449
55273
92214
67367
22450
17777
19233
27965
9110
99049
41810
21353
81184
39971
21554
91787
66699
63266
50892
87603
18648
52241
49662
86737
51232
9164
85574
15408
56086
16758
4266
33090
13360
97005
60175
89863
43663
3931
58245
59646
87198
40990
76327
98322
88374
91819
45243
50531
8118
51613
52323
33731
19575
91744
87817
64868
43527
69678
28650
75674
42259
86509
65642
81455
96344
19165
77432
30762
55528
806
43203
22919
6683
52734
6887
72738
43961
27767
64891
56104
14625
66535
91196
63302
24037
2236
47160
87950
95102
25873
4416
67706
8483
8631
56813
9743
31456
33809
57643
41678
51317
32780
12136
70457
5271
58365
65576
45357
54866
50856
22575
16019
72144
63700
97059
34867
30231
71265
75264
99085
95857
54566
96586
32658
91894
64224
87290
26729
3881
87314
85664
74744
71028
11514
49742
64876
265
13436
39235
24606
69202
96528
15987
24345
44694
37085
76742
84825
47402
36003
94515
34084
42220
94276
32681
63775
68401
7316
2705
667
74997
78516
91301
26230
22772
96882
69560
76577
11862
60528
18866
13240
17362
2944
35525
11255
13312
83715
70083
82098
46769
76041
13637
54863
39387
37860
50896
42567
21610
91275
9578
31907
67989
51150
5478
36384
64741
55758
96941
43463
61133
22583
49988
42031
2271
31551
97132
2373
96627
37117
98385
7343
28084
15346
67366
3019
82765
76806
516
1242
60601
31619
65418
22225
61290
88685
60338
39208
83008
84575
78671
40111
92726
44439
79501
10321
54956
54552
76043
96101
40683
45313
28452
66436
73537
70167
46697
77113
86691
97612
28794
16641
93593
79284
74638
9183
83505
13801
12177
91544
82953
43730
35122
72693
3903
68584
24194
1321
98921
15645
2160
93643
14458
20731
99327
94163
95281
10540
99848
74556
89994
93544
41590
80398
30928
92769
8874
33357
3363
77896
84667
7441
49663
94695
55375
84751
73062
13937
26111
17679
33844
65149
15664
51295
46955
56825
47423
82400
67682
87492
13517
53188
4436
80319
81739
2743
65668
88565
21070
17860
42809
9189
1917
41364
15968
79630
3014
8118
39085
73051
51717
2529
53201
70390
89558
50651
1422
5673
18406
25602
69891
8204
49366
24735
93688
68832
69899
74446
98420
30556
8853
36960
86544
26775
50782
51992
72655
24194
44399
86823
42290
60299
48318
13520
18922
11985
90515
8003
2235
49468
16674
29719
7009
35055
90545
73308
76285
48897
31794
53364
41312
67575
34385
43184
37330
35522
93018
19459
52842
11133
69743
97757
26847
89355
2777
47672
27582
10442
9425
15575
44785
26629
30121
28183
39535
59203
8353
91313
26239
17739
68776
65711
25315
15092
6349
4333
32166
56583
1058
17401
59522
53055
83782
84109
30040
91053
44683
30396
76453
65713
55957
92204
29283
85121
26807
86860
6541
30071
10382
33850
50607
22117
12853
18155
52019
9990
4613
84922
8126
82505
14819
21977
46650
54599
59299
85735
41096
82211
81210
2306
19158
24717
94246
59424
71232
35647
49474
76768
5270
70525
94370
77337
10041
36561
287
41307
39657
15054
12203
95233
87307
95202
40765
52455
50855
22057
75771
99306
21535
76829
28240
36232
44933
5087
87166
90084
19667
42407
57600
66995
52152
19356
21649
59656
41551
22228
37883
36836
31347
14503
69262
70201
23561
59346
24797
26702
32228
30001
95266
21881
93795
6653
61352
53404
62660
65413
76695
73928
60881
29085
35592
19316
21251
1025
52491
92539
78883
83246
99153
95672
67859
86414
54429
32049
34152
98052
5219
37084
3590
36497
71599
78626
86036
54087
80430
43703
20514
46241
72691
74306
19063
27001
43206
89556
97027
3094
91328
48063
83128
7768
69051
56152
97964
9006
28745
17325
94444
50886
5232
52577
9009
87816
72784
83436
72351
27279
9341
94280
16483
59061
55836
55124
87247
98802
17190
63408
50729
69554
54649
26733
79679
98845
92327
2164
36094
23713
88208
9332
86898
22056
10928
7512
35466
87307
9431
58284
25220
1069
66571
66302
44640
57321
76504
45802
31064
9668
62042
94293
74030
5108
9015
65487
42280
82105
5991
34107
78006
79027
8773
53516
25343
51212
28235
24551
28410
17132
65595
36710
43308
93128
52951
76453
65516
31329
36905
15839
26228
71094
17948
45991
52942
79067
16861
51133
13731
66565
12220
81645
26005
65217
67373
416
55544
75718
73296
45477
32482
26959
14284
87580
54706
38544
73732
49059
4730
46184
43659
34372
9968
27191
92053
72336
87351
82037
48768
44678
36421
91581
43560
32401
49158
89359
88256
94898
71214
81722
919
92280
84706
44432
31477
77346
80017
56044
56011
86206
97480
85053
89956
12030
88585
43728
20671
10052
2076
92026
5077
29296
15945
89551
34214
23736
92239
48460
90690
32420
16896
31638
30561
1898
77886
53229
99455
35468
85518
4289
96075
66959
95864
33785
26851
33821
1470
47374
53447
45036
8467
66361
33071
6696
8100
96620
45334
4993
65605
42961
83136
26362
41749
47750
26760
70784
26369
83593
87463
96678
95589
32785
63251
24023
18159
47653
54840
69011
51307
38606
16674
28225
30892
16225
21949
24447
66696
57701
49368
58359
7108
11901
91045
26866
35764
16972
76982
83901
64459
89996
83647
2237
6887
23447
67298
38835
34679
2636
61918
29869
25633
591
17789
93423
57743
19889
18383
75944
39461
32616
32963
41533
64159
58037
49353
70849
47615
13891
56491
86901
79871
48092
4927
27824
47877
64480
10987
76043
30049
73888
33697
56449
93240
27551
24970
76115
1974
63553
67410
85778
34226
38483
34901
96044
65564
2947
12212
11672
96598
4107
25068
17374
14916
59251
83874
38332
29092
45858
15254
77112
59070
50389
73711
64609
48079
44021
72064
46905
81839
42824
60940
27148
20721
92272
78908
32040
43763
7028
91055
69065
26196
1369
73094
42865
92735
28372
73538
7098
45265
26765
57652
26925
34525
95335
4082
29650
67736
4048
14364
89326
51742
94810
95677
50608
57911
37846
63003
95141
48066
64107
55767
9520
13519
31210
17632
15224
89097
83330
19100
42167
26486
10288
51605
90902
45868
64533
66225
26950
32584
65675
97544
8434
30356
20769
79060
56961
68684
44688
12770
57335
83654
39097
52338
9100
67897
24909
54618
50127
15482
64135
41158
52529
53886
42081
68955
11035
43433
64205
62328
51069
5106
80232
80514
53104
26007
97752
10254
60079
58930
16504
33801
23817
94963
8464
2748
1095
60859
4572
35248
88274
84011
96478
15630
22685
15663
1758
76125
70893
42575
15097
61970
27472
64990
95026
13844
45808
96314
49467
56578
42412
98767
78678
93403
53488
19545
51380
17050
70666
97487
85032
70868
1081
42403
18527
23640
15120
41285
59980
63374
8225
68614
84890
77978
16671
97914
47281
56517
33098
83310
2455
88880
30933
82769
62075
98643
29386
74951
67732
43032
87224
46855
28429
14254
15862
21147
38742
36019
26320
14939
7062
62004
9226
2208
78822
31210
73082
20341
782
73671
27905
90413
65335
14524
84698
60276
23857
6944
64080
82690
69824
87784
39686
36143
5498
90101
80629
52064
39772
70648
52872
95298
70079
11923
91070
80608
53877
90155
91420
99650
9375
28320
28494
79807
15413
28026
48746
21321
67666
14595
2944
3679
18666
51140
25137
35324
70834
42556
46552
39214
86113
44285
18634
49115
99470
73305
36393
76586
85853
9513
65562
78448
76179
28183
75186
6874
38432
93931
89212
2964
50447
26646
63668
60162
15565
3343
41939
60007
27470
68055
13356
54481
39148
90845
42005
94915
99526
19400
36537
56350
94965
49861
71087
1465
85815
15876
17880
24446
59285
49164
25066
72487
41734
45292
31520
24967
35612
65393
77572
74935
82300
10656
68469
83142
10577
80536
39290
29045
78453
38623
14779
32331
50165
82562
24427
71072
26085
10536
32726
43759
55021
74076
36047
90993
8118
87664
14143
72723
12280
48541
57667
8373
29870
17448
67979
8997
86657
6544
20595
16272
74316
25171
86329
94478
94904
86493
59581
87130
87173
7523
60007
31230
95993
9168
4732
6743
73562
77432
78676
39361
44638
47183
45155
83554
65735
37394
99003
21267
83786
25531
43789
5073
60168
77880
20746
29780
6368
90402
42162
29131
48767
64915
6013
33906
18068
79943
80879
81388
61220
77952
70222
23997
13373
27359
1007
67138
92629
95509
24290
71521
94131
99119
42950
80622
92202
38786
10744
6995
23077
11502
64732
98945
19291
29827
17833
21251
8255
46532
40648
2265
1219
6549
62532
67843
29757
92026
48247
99541
5052
88516
21152
46209
26849
78659
96762
33952
46900
24659
40398
33367
24090
20814
84829
6818
86416
6607
38507
59098
34003
3271
94443
58258
14171
157
98990
63928
32328
61076
6674
15066
76399
59627
82463
30724
45288
75431
57274
89723
5507
7993
67622
11483
29111
95092
9735
9854
31344
457
1135
47182
11604
56232
34675
24234
58953
79302
81137
59097
47448
51342
85092
8561
32363
71469
44420
18247
49585
8530
24619
20363
21736
53916
73280
55789
31669
378
86120
69192
31033
7871
40208
87897
68219
67405
60061
53431
56536
80067
92480
48256
67680
75607
13256
4701
27238
73338
83129
80370
16656
35011
45628
42712
86115
3271
28128
9876
73518
59565
77924
18611
45334
50378
11534
71184
17513
51959
24638
40901
85151
30319
59052
73030
44951
31938
28522
3229
37383
87482
33102
72940
61128
50233
47965
33814
35307
3218
25883
49210
36723
85816
74058
68099
36960
66165
75908
29569
76464
64124
66907
41080
11279
6190
52180
92592
6665
62567
46591
52694
79817
52200
89803
33150
89390
14077
37362
21092
88157
85783
54277
34638
78708
80295
69240
50191
87889
57545
5911
57088
90959
77400
3599
40150
22010
92371
85658
85706
83373
55838
72724
29216
90830
60175
98606
19672
20473
12118
84727
64094
36091
8313
40712
31148
76682
62136
19763
97163
54503
44559
74074
58520
29133
86389
56335
4064
99039
22564
87329
6555
78990
22105
99560
86985
81263
48541
10782
14920
76760
45743
16902
93918
56127
8636
61470
69906
54173
83820
19676
87767
75986
37610
22299
53315
87150
66840
38826
90499
36045
36744
63431
71948
76009
58833
77823
16217
53839
85265
82018
83989
96991
59302
23777
3514
88502
86307
79870
38972
8565
91228
28695
27772
90917
64416
58587
29047
16982
72587
57527
69568
33281
60084
47786
70417
15437
84121
43591
97277
32917
32300
65097
67489
77712
93545
96388
62140
17583
9847
39901
45369
30385
75959
48260
55413
36109
18817
11406
8512
84622
88468
29825
43377
17410
40814
83400
83115
27470
20078
80088
64169
58742
19871
67144
78396
88452
61006
43975
99155
81572
4705
42067
89147
61343
47564
5064
67372
96261
29743
31944
2024
59810
28979
46672
32232
10135
80955
46420
50691
39904
3005
70121
40493
50575
42397
83593
86428
74791
99409
73966
65611
7047
65188
53850
45318
76748
75350
44985
10036
12776
97164
74523
6373
63791
40607
91464
4837
56178
5994
5429
22150
97324
76913
15944
29298
9949
23871
49739
76814
83543
7532
30555
98700
37060
91172
44118
44442
40594
79559
43661
842
99090
41956
97115
42142
32886
17728
86456
8368
34947
45645
72001
27051
39094
27059
31962
66248
49434
14703
12849
44459
96295
8361
16836
94197
13339
85297
64436
39020
20257
40309
53343
10529
75898
73880
17905
6317
74841
50816
43661
88404
87585
10537
76231
6528
67282
4157
14674
44154
4484
32768
72219
41440
26735
11067
45882
96070
247
24143
25759
51441
27803
15113
5017
77793
91036
44554
87724
6857
79529
66653
26819
79071
95019
18558
18545
54006
5084
93726
84852
49881
2808
81471
6202
31117
103
26839
81527
72625
73848
12587
82000
19493
77242
99158
39316
36153
55319
66441
37688
31105
22045
85409
59863
47494
18480
64069
99256
52295
31659
18990
52683
30339
12385
91933
85038
72775
75858
24028
17383
46875
86652
26423
7045
94926
68535
59487
71956
30180
83822
83491
29654
30509
34392
529
6325
76312
98201
97757
32504
6389
19497
62667
78190
74586
4427
10617
67230
66314
72274
68998
81566
62929
18076
5198
79440
6354
14690
44416
80267
32337
7650
66647
6879
62238
62060
68704
67257
43796
57520
62209
42536
56728
62351
46920
29149
14938
23932
1825
76793
63031
80958
31476
27381
50512
66981
3449
39298
86114
67132
959
57732
45671
76167
38569
76021
74479
33383
49025
44690
98091
69046
91429
57392
29796
97670
97036
78112
25098
40413
36213
79192
35633
96042
88856
88353
659
62814
36980
45934
3212
81479
20181
49126
55577
9536
8007
29100
25762
81468
98310
17123
8851
77051
18995
38459
84340
88998
1336
76910
25586
97812
94688
18604
34149
9612
53042
74587
95764
21947
29044
48473
17261
50379
13512
26047
49237
61640
8634
66388
69348
22558
32290
77298
69285
28057
33842
26886
33595
25044
48465
52847
46427
19857
13803
76182
32510
45942
86543
48795
81692
19444
10710
42200
30032
91681
4515
86460
1686
78646
53984
20749
8619
24616
76975
52395
75393
82788
46041
77393
76504
71393
91932
46991
98375
19224
83390
26275
92917
9652
20571
60622
32437
82003
87261
71312
75414
76141
73100
88447
75816
20904
61044
75126
89497
68517
68978
96535
62841
53734
52782
22516
2677
53999
78729
77303
30300
72112
71471
23720
32776
59590
30754
44866
35903
15482
19750
4237
32004
52285
63828
56069
75175
86392
53061
34515
19535
84176
63760
67872
40782
98403
30568
33126
74404
39696
55273
10732
82620
64776
18459
4598
83930
16488
94175
97050
64583
44110
78110
53632
60505
2116
36166
95361
36916
57922
48443
30648
96852
63628
40285
7328
36311
20412
90689
38490
78333
18208
81581
24311
38344
66453
80479
79053
53997
78363
99746
59381
5873
34913
24948
22937
13921
62591
24338
57236
94330
29093
18420
81991
65242
75723
37516
46631
27429
92116
41100
78099
95595
91234
54273
19989
20168
43289
84527
43004
49090
13274
70182
2549
52814
11800
84946
24981
21410
23472
76022
76297
86712
50652
72391
16927
3892
92803
30783
75645
41173
43762
90781
78529
45239
86968
72224
24632
82990
63898
90680
49795
68938
10023
11219
73923
96342
49149
47340
19468
8282
25211
61188
95422
40937
70523
8041
43459
73894
17168
37949
41358
67490
24075
50213
8556
92646
77225
4118
80822
98925
26404
94367
53987
1659
42011
30094
31052
92094
19829
40814
562
97920
41257
37426
32104
72994
4796
85039
81500
70061
36136
24329
70894
47100
84233
46364
88560
74807
51283
7422
11293
46968
96895
13605
87637
72273
11107
50026
65557
76826
3466
54852
26583
44608
4681
50192
29417
2339
99688
13013
21718
34587
73546
52567
98504
85105
78353
21372
77389
58766
98040
39967
92216
11798
59672
42955
15818
56854
75463
50810
52710
7932
45052
11910
19758
72605
25512
97613
50745
96005
17010
4851
39693
58
42381
6239
1082
23849
24383
53593
98581
98796
11993
67704
16156
16402
55211
20247
22614
26033
98542
39519
21257
90704
95591
67373
11592
87199
63915
21062
57012
92543
73626
57026
51699
70028
78049
62744
12004
73203
85417
8156
69246
112
17904
52885
77394
3617
9307
97796
30003
47571
11139
50481
35149
59870
69232
68801
64496
91157
20022
98514
39160
42913
26755
34803
31209
38190
27464
26737
78338
41342
71496
80954
12339
41280
75248
15459
33158
73579
36980
51666
55557
55483
71880
46357
54649
35167
13345
7
47706
50247
87825
99279
71033
17403
55336
68350
16226
83456
3591
46394
12641
27675
10499
2786
5567
90180
1292
3505
30687
20436
65417
22040
17097
23686
83400
22591
79650
55890
64039
78120
6218
68475
68194
11568
41665
60985
93358
12802
40114
49518
64921
41674
85442
25642
79374
97282
46904
35187
40235
78865
89056
74272
11522
2128
81011
20921
3773
97926
32897
63831
32843
35398
20156
42147
38666
55224
68475
73148
31611
55493
66889
43402
53771
85225
20232
91575
98380
49429
52089
12525
76779
51571
17508
77758
75111
77730
92189
13558
54064
87788
73032
68635
19433
67142
34176
93336
92116
83047
52142
14471
57128
73394
71938
54574
32112
22603
80668
50540
23960
85941
73059
46421
56627
31223
13460
10413
72993
10502
30700
89419
29321
40511
87691
35170
77550
91374
97688
71350
10348
40446
21958
40088
45051
97734
31454
42632
23853
96367
77886
18002
92801
30321
7779
2300
30197
85506
12159
19504
65223
73244
51619
75883
54509
62113
78551
6061
60979
97257
9470
68043
15561
14449
83845
28829
61008
53134
92259
79008
90792
72456
83424
30525
79497
2376
95883
83473
17425
12651
79884
83026
75289
288
75963
17488
77047
89503
89181
62839
24332
18775
21775
31284
35369
56648
95079
8803
14904
98903
75089
30904
5241
354
39209
70774
3000
61475
61474
88750
24153
9671
65436
40043
13784
28662
91647
41189
18421
29910
83178
11507
86418
17350
8372
84776
53330
18007
95264
30114
20864
5199
4123
4092
30751
19817
58768
15202
89782
98859
51424
72066
52965
28686
51917
85297
19184
1095
92645
50955
60770
42353
80480
10598
7981
81576
10842
19160
60575
70281
74529
96189
83771
92269
24888
20893
25508
80906
92929
77535
29694
45005
46208
17290
97978
95331
36130
31018
25424
84058
81683
90584
34926
54320
14316
30368
76426
13858
52012
73297
832
53402
39036
27837
73094
86814
24788
51712
38087
77028
63290
70441
31771
37974
35875
1347
34467
78749
53450
86806
69772
44554
27700
88094
44502
58346
78078
3362
62434
13901
42507
81922
42192
53242
52364
27941
38668
2803
49330
26687
2800
71979
66754
40406
53479
37403
19697
79909
7795
1075
74139
24867
91426
29865
43301
4004
9149
57108
69757
92025
81249
4395
66493
40803
68652
710
21301
26863
2000
4895
16707
61691
36512
89373
53542
27573
36843
88749
92277
69971
93232
54735
7744
72213
24553
34773
44192
25381
75265
18661
13652
75237
32726
52279
28394
40614
62571
30375
58125
1788
47228
35485
74363
8645
87722
31949
83852
67211
93843
8125
77976
16864
10148
50675
4235
25592
47802
52973
48288
62504
31874
50769
81858
65126
23773
77098
1192
45224
31301
24687
55358
9093
51461
45022
53014
15300
69809
13349
72330
63564
79507
5832
6540
47487
3971
8524
59148
57568
95660
2029
36651
63359
77877
14970
35490
56225
98765
63363
42234
84160
57890
26227
11593
60540
24657
50050
90514
262
89235
13445
70959
80511
20220
87408
76097
35275
17453
19636
87424
12536
65503
997
68227
30970
27887
35311
72679
2935
33150
88989
19816
84341
39334
3287
65675
42947
20273
44206
40210
55357
77747
81519
36142
1777
69770
61580
86604
12411
17673
36309
34645
16369
16178
38812
4710
64233
75479
37684
19365
12617
47365
68571
30744
35702
44572
69837
26537
13908
16365
33220
61008
3431
6681
10077
53340
29192
63480
26834
71074
59413
45160
33585
22246
69807
79114
57328
18070
88013
2001
91083
44543
14834
67063
27730
37623
13021
38741
30623
53996
17559
96451
13663
81170
41747
40016
41491
67069
35585
90121
92760
1128
80882
21947
39777
67534
29849
25174
15662
75719
68528
96745
39179
52797
76058
56724
22156
81718
99804
73604
95364
32414
67530
72959
15982
50918
87083
51003
12945
48306
73984
4123
29160
65016
86280
32167
56856
63942
11310
32199
89356
58814
82059
5542
10925
76180
48301
39827
63587
11596
9877
42640
88805
61676
37543
10339
29695
57143
29192
62706
30002
46578
97493
23091
79211
15236
14454
95207
88208
97180
98972
81578
29388
46799
62676
32188
27233
40065
87836
88004
7632
76373
65986
50934
48326
25427
8179
26179
95885
80317
95907
57941
94255
11963
11907
48409
14389
58228
55426
50849
60496
65833
30514
81953
35536
82322
32041
18168
34341
41513
57186
86899
14778
66818
91529
30429
72752
75484
76770
72357
60925
82446
75315
77090
95057
76205
68509
58004
98679
5490
21877
41980
47449
53068
97015
72797
22285
40827
94310
60005
71268
42062
57728
35539
53231
76004
98021
37405
98018
95756
41100
58835
48918
54671
77513
75638
61545
33443
25136
88268
75982
6162
41097
4047
18103
64580
87989
54613
41306
63071
60908
50062
87874
96351
79916
88367
32630
17514
73284
77493
19803
27260
32078
38119
27754
63087
31379
44141
28264
48011
63133
3865
77370
5357
13421
18979
985
97559
48400
72348
37156
76652
59974
61356
29129
40291
69904
92845
92010
68020
77133
79729
40276
62526
92885
8425
79516
18540
20489
14681
54687
10820
2968
20523
48314
64498
78736
41759
81036
80321
28581
68477
748
48708
86541
12104
78352
7501
96268
11665
86192
49933
83706
59802
14611
74050
82063
65793
27786
43173
60428
10363
29666
35560
16914
71013
18918
69068
90112
37569
44681
84890
8308
27040
774
5080
82911
50820
6950
31370
53500
58809
60122
64884
60517
43533
3602
98068
22298
61929
37245
57358
23847
70656
52061
38926
92876
98181
77151
91210
55725
71736
77706
93900
42993
61826
95796
30917
78692
38808
63076
19550
24843
95088
64447
97426
2626
33789
96765
98275
46574
77997
20938
90679
94548
2188
83316
9380
25887
76839
48905
17281
30005
1490
65521
49141
98296
71391
81216
32998
63536
65263
56920
44934
20724
50674
54015
23247
33824
45636
42463
28026
15944
48928
52107
94664
92969
46445
3277
9330
53974
99166
52995
43471
99933
34196
501
16749
87321
55217
26371
62821
920
81005
14227
91891
34022
79258
75078
67198
53324
38125
64374
40674
91018
19594
63406
4972
77704
83499
56149
54465
91626
69379
65494
10542
84179
68014
38817
72711
82813
11973
77928
70251
19073
13954
89737
20659
53317
87976
81782
41844
19592
47680
49770
34439
10868
30808
22288
27813
37380
34401
11401
84394
15188
59663
98850
15772
51723
26716
98002
65487
83348
28290
91225
90682
39812
8507
5048
2091
47211
28685
85412
32965
60263
48862
13909
41564
88689
97935
48028
99428
52415
45271
11494
36448
93410
42303
30766
70439
99435
90912
43927
27894
732
38871
14111
98410
94670
78653
48087
55596
24458
12676
81512
85905
37376
21394
78835
80071
18953
30837
258
42777
72847
80423
716
10513
41101
39771
46102
90182
18334
42572
30940
89132
84466
43467
97113
92359
7677
93895
17715
17919
55150
12096
92727
56753
32918
15219
24202
65275
85064
82091
72156
74984
8982
92762
90181
29130
84944
86976
30974
72477
39415
63235
8841
82398
78596
22968
99486
31979
43013
60340
7603
58205
65021
75831
10986
35482
45808
76734
68200
37515
43946
59222
65482
1979
6088
91779
15444
98072
75782
69385
69766
37292
66155
24623
64560
41158
35864
58300
17273
34273
39694
65468
71721
26733
10380
37105
3071
11722
82146
59000
40481
51371
58111
14327
78517
28939
12358
68821
70119
18411
54809
77859
1106
54170
93121
61519
81347
6783
81163
21730
38995
8611
34502
70289
60833
25732
84882
59439
87579
77740
27876
78607
31056
88841
10133
29148
45959
63922
21527
73853
10166
82768
35959
37237
31109
11877
64950
86575
45566
75819
98754
12975
72308
96100
1125
63987
15786
53519
652
61400
51170
38643
86408
65562
25612
43713
99392
26413
97390
77002
5757
68384
50826
82233
94778
18691
34191
76543
23922
52475
44520
70672
85659
11603
5066
4856
8053
33690
41575
24918
10220
68121
78954
85207
6653
85550
33296
76683
95117
99932
93001
71035
18023
27417
46755
60902
30156
30406
90794
7869
23549
99819
88963
75754
31282
92139
8222
18512
48813
4625
63631
40907
95690
4028
3059
58802
45801
35791
51830
1067
29581
77536
27567
9692
70179
16849
7532
4987
51537
54362
71970
76352
47632
10594
82990
44182
63518
4920
24540
63871
76855
97344
47400
71824
2717
44293
66307
27575
95007
91121
64279
93773
44986
52213
90723
35493
30368
10240
80927
90397
25021
76950
28101
64566
32864
63583
68603
35694
84438
75345
78600
33845
14506
81940
14586
27365
3035
60198
64173
64209
4150
62688
34613
33713
98654
45821
60289
89715
38665
66590
17584
12363
14143
24625
7426
63578
78890
30759
38118
70691
95147
93969
35918
74587
57717
64128
89070
71851
44228
5299
64661
70168
14371
55694
33547
23893
82539
72059
80710
7191
6625
13989
99097
61610
91903
2293
48327
76709
78244
98570
45192
15300
1099
6682
52876
47617
78774
83536
6315
87288
37148
5962
13281
67013
59918
65195
71993
53280
5434
71485
79868
25345
34084
97690
11152
4786
2441
73125
89927
70681
64950
92458
76864
46517
2599
2507
4305
3829
51742
79831
34125
14327
27456
48212
12765
59978
89979
19427
56439
81213
54144
25138
19034
42261
34529
97994
31298
58181
55567
92448
91689
81526
54128
90136
8301
5462
99476
87957
83677
87080
55691
17254
39499
31311
70804
6430
68522
47745
3123
16899
74534
21126
30694
60623
15072
40027
45250
57182
86227
41558
45131
63090
52186
59080
26633
25065
31769
53803
39879
54761
3052
17346
89730
61953
46106
45790
16497
41080
45157
26910
80274
64703
84209
33445
28874
52275
60291
42896
21338
77124
47795
57499
43225
17577
56205
15693
37613
86258
60359
65411
50737
58149
71845
91718
35610
72945
23541
44281
10863
75211
37766
4523
51153
56077
45636
39784
7503
26005
65326
6355
70412
26194
48208
15864
65664
51489
73552
72171
44341
53531
67480
74372
11913
27337
51268
21368
10708
81455
74140
7562
30831
25522
86620
29114
31266
27137
20902
23750
20145
43391
34516
91034
15354
53199
36067
53593
5941
63745
13094
2618
55702
34259
35146
22569
88272
96937
89992
155
56110
46592
31623
3655
45848
71685
70252
94190
42123
61819
1122
63947
2114
76745
62280
60353
96222
51451
66951
39251
31153
43424
80479
19494
10729
39707
56800
59585
73043
10421
35618
32306
10328
21282
8558
14999
14260
73037
37357
52811
14011
77218
52682
86802
72099
10165
73913
47836
85302
38784
62480
50110
24610
65375
63933
20545
47944
16130
89283
85592
35584
2919
96201
24372
20089
2036
19586
58352
51188
37835
27474
64675
25921
73058
28121
52358
54870
85774
55319
10295
72859
54114
72574
62517
43335
20899
88331
90541
80724
40488
84688
86938
70850
40050
65240
83174
54438
73670
80253
48858
33663
80402
87596
99124
15297
48903
23073
17477
11154
83241
9037
26770
25555
36834
75444
79573
99988
28051
93301
27260
75820
90977
79962
39564
824
53307
80783
58105
61940
62076
85833
66766
17683
38320
74351
78368
33843
88932
16072
18155
46242
8950
63594
20543
5279
95035
79707
71771
6056
51588
48893
59269
68351
92792
76887
15847
11609
83606
97717
45116
96727
82626
68949
87378
72534
60225
51551
60236
31207
9207
94839
39755
92063
19853
62953
6174
48486
39469
85728
55883
56883
4598
26433
86567
72033
142
20017
80066
74660
48916
9470
22727
16343
74807
68559
76960
30311
47735
88812
56210
17758
78664
84612
702
41154
15279
93084
62180
91296
26166
39414
68134
58530
60155
85428
37656
11195
37847
35209
18764
12851
8406
3397
40585
12645
89685
53857
95168
12346
69411
31433
86457
22311
16826
87566
45759
39077
36527
62082
3693
2665
12593
28361
60503
57310
85366
35397
69299
5910
31006
85062
83448
81265
10425
21146
53040
24188
80773
3111
1378
72228
18695
36881
84315
13618
66635
38105
75996
6173
24881
73592
31800
11854
68378
72937
59157
59430
99587
29312
77115
1155
90397
84288
23612
66428
76924
58951
19958
87590
57937
43120
6536
30112
63550
84381
96385
78272
93921
2868
27428
4049
2466
17637
31051
89534
81406
70745
14050
52476
6927
37911
23220
50126
72398
19606
69345
28544
44725
89061
32845
14248
75569
21751
91106
47972
50746
91359
15822
70663
48894
15619
89836
33006
78803
83733
82013
62156
70371
40878
4137
38201
18227
77991
78024
99014
90936
10431
59312
10252
67232
2283
60578
48083
48069
68956
40883
45629
60197
3152
25668
5562
11658
36256
60623
23337
73570
31589
69144
85017
12799
16600
82660
1600
34442
99893
89439
62911
18937
17157
18448
9476
36428
9279
80843
43827
20562
66292
2786
19303
37704
43835
28775
65143
70231
81429
49752
71807
689
91859
8332
88002
2634
69498
78067
51891
6712
52071
16947
1234
44523
82553
17098
46922
29516
77480
7777
73092
59086
80447
47663
48845
35418
10029
47846
21510
94194
47066
28482
30201
98702
94758
99868
52087
36094
25084
39280
7782
43088
9456
54974
57791
24163
53759
91639
89036
72564
97250
62921
61452
88633
86488
50499
30214
46952
53472
27188
38143
48602
33365
58756
8154
99305
60145
10706
60189
49802
72921
39143
75939
12301
56852
92060
68653
69650
91437
59974
69963
62884
38164
48860
66440
55574
97088
66069
96401
72217
9640
1691
64067
63626
57228
50093
91303
60472
84093
1721
19591
74046
20345
37259
52208
92190
10937
94560
18808
63758
91841
97903
7031
49138
29799
76753
94835
47862
36693
97927
26175
97200
15109
20336
24846
64998
20249
15420
16157
23235
90994
64495
65041
17765
52639
22190
56708
5565
94093
54511
55668
30433
76560
33553
345
87255
34643
12916
57054
21985
64504
59725
74281
79488
83076
36224
1095
13893
96522
18359
36374
90423
23188
70157
79171
18254
80513
42566
30472
83472
6385
34720
10939
28949
19091
9503
17211
62407
64874
42287
72995
90822
9148
17330
53321
35153
47570
58495
90740
45336
83434
87232
35997
47831
22008
82714
14006
20901
74931
5487
37200
38835
67486
80804
77201
57454
57179
85539
80832
31200
49963
93373
94156
75208
38471
65857
1405
17167
35489
9447
4976
5688
51666
41137
83732
70512
21347
95397
65781
24586
85028
43013
43076
83805
66340
55387
69655
81149
45151
50588
14120
47872
21321
3646
68705
88788
89211
25799
75594
77321
99269
91105
89010
55538
18672
39859
24676
88467
10050
30617
80257
36563
40418
70648
56052
97350
15360
58904
79256
20262
546
94453
5362
59016
1995
73519
77978
7549
20757
27965
20926
89846
5811
40030
85768
96030
44745
16767
48400
34119
47305
36477
99423
86327
44179
13793
47464
46631
54719
31699
38278
8833
50759
50318
48845
55480
41580
86433
63943
99929
46545
24204
20871
75668
61651
88094
16558
32524
71616
34518
87647
50842
96533
23651
10106
69305
70976
29006
30237
53601
83203
58419
98506
26308
70597
19807
64461
17281
23871
41401
50479
55807
61152
87628
40618
19007
457
92901
59751
70863
9163
42203
49474
69248
62972
80575
31933
78908
62250
51430
80143
85887
28671
35458
89204
53453
38309
69572
963
96175
6941
93555
23062
38548
34770
33468
6863
87656
35079
17930
79990
58422
28648
72778
30610
53522
59777
15454
98703
42369
88237
53171
33401
90027
63782
63925
79018
85921
74232
81632
42992
64907
76816
31961
58274
36382
52114
86482
91933
55052
91643
53839
32463
52455
82544
82315
61887
95772
12797
14230
58493
87127
72437
82774
88757
84218
50756
14675
38694
31830
23499
27588
4498
10907
66835
91185
95424
51927
84186
84000
3367
67217
90895
33576
8819
55017
32823
90928
18805
8889
90007
79033
97029
49317
72516
60283
12845
13173
22795
48799
92599
84465
29957
59633
93358
77202
99357
25894
80097
98247
14646
59021
68900
64637
21465
53984
52491
71605
18797
41908
66524
59015
6544
4963
42921
57065
74518
51692
95950
98230
88921
64356
20401
80177
6845
73255
31531
83140
11550
66807
61057
90196
80962
68523
28327
66957
9559
35377
24425
72467
140
82804
39117
6689
20357
88040
61421
71447
57757
17036
11031
83862
57418
1045
86263
5769
94706
42699
85500
10801
39404
29372
73080
42954
98408
6348
53646
29345
2240
76162
78498
8785
53049
33186
2837
62746
98169
56743
22110
49241
13050
11746
10711
13940
54815
68395
96218
27038
48756
89621
67227
68719
23197
8111
50216
32381
23329
18881
47213
37923
17536
67520
84018
97515
73165
7514
34541
8605
75428
97567
91221
59326
65088
82125
32514
30383
29302
63846
97641
7555
62211
25320
51517
40726
19798
10540
65673
68443
93865
70390
47879
87149
56455
79176
18429
96708
45698
91575
19384
9549
78528
17657
56351
32202
65715
6311
24039
91305
98327
89219
73607
68425
70549
25332
38107
308
28912
61879
54645
35071
10040
37243
64746
89702
71171
59736
49191
85300
724
76556
77887
32205
51486
86183
18572
87953
61749
53452
39126
5197
73533
57532
19338
81396
52695
8003
24490
22621
41940
82031
7998
88821
73728
8006
56091
87702
54696
72330
40074
14864
19253
23698
61741
42144
13152
19668
98157
66187
87651
58498
49923
87281
4812
74640
76060
61663
77594
29293
96027
56863
9065
64962
46653
71029
27607
21713
67173
40695
27466
76538
73735
20016
22633
95197
7884
47139
28740
80736
53754
68534
30947
50328
86089
93026
99606
63804
15123
94049
46171
58316
33935
19823
18462
42072
10761
55004
22306
99647
15904
90842
64609
16441
87823
11828
42933
3311
61014
24672
76565
87445
45494
78698
92704
69537
89649
49953
33922
53161
76994
57451
53030
79651
83813
87041
11482
66117
22902
6345
98437
1955
34159
13196
61861
22946
84265
35886
91407
16820
56758
93043
20400
63409
57139
22943
76266
38821
70105
9361
69957
54108
2325
87209
9272
33907
35440
84314
32410
4518
45651
19858
95538
49530
80774
85869
35122
15198
56562
4775
41479
23617
31933
97757
99017
37706
96363
80425
24276
73462
78741
56115
1144
28725
61361
1171
69186
30637
17834
44580
14788
53002
87312
48170
23000
43484
35392
41694
95532
70400
77060
76136
25441
12517
53183
98256
42162
15689
62212
86941
49344
35508
76591
90705
59921
62340
19803
63288
1609
2802
50654
28089
37497
69210
77656
33330
51844
493
30555
63834
60085
32380
74523
25504
95854
58937
53037
2461
18938
7110
20926
94839
19574
51760
19632
10342
49289
56169
58905
95340
63979
79177
42573
77126
20433
94230
88739
6217
57603
17258
58532
64342
82709
52418
82834
15957
3837
96600
31842
98569
41601
5550
20995
86518
44073
24419
15696
6923
68143
70165
39631
85188
84411
8252
97571
15082
1552
11134
35347
24677
48017
6813
41927
72757
65879
51892
76643
49783
15295
62376
52506
55366
11276
32348
22612
32577
88113
11424
58148
49389
61850
82186
41391
4739
63010
86298
68879
27652
60229
47446
90077
69279
99410
83879
97686
35492
87217
47669
32885
86740
19695
27512
92390
29520
25163
46693
82569
52799
51262
25689
508
11237
88833
89687
43066
40340
92056
7826
61001
98843
22320
51844
81391
6137
84326
83506
73321
61029
82846
72783
18203
3015
5726
2423
83181
25349
76254
763
55281
75370
45202
70262
48593
98636
95791
54668
83802
67261
10041
17776
45687
17453
34843
25025
36653
39932
78790
5851
98556
6454
84627
81964
27382
7652
92507
93571
91718
89432
19102
56026
13890
71795
12925
65156
98716
82951
3669
82789
32823
17044
49440
33167
30939
38425
31482
30198
93426
23492
45438
53285
86834
58451
34999
28406
54315
20520
73266
12142
64100
60975
96853
35911
52237
15456
45853
26092
9349
57985
23431
83026
89814
61415
86467
25335
16555
40482
79350
54794
63584
75501
29253
32982
53829
61708
12309
74415
50633
64394
55636
42699
56181
98694
67331
8013
93052
85293
96761
19144
12015
87466
88575
93653
26488
27020
83635
55761
58491
30259
65908
26355
19808
88630
24067
55495
89429
90704
55650
10729
86477
20978
41292
68430
92465
16080
12996
13587
41078
2700
23335
73698
73337
22094
36841
76767
77675
13730
44912
84584
9042
33448
15243
2701
85728
24774
46652
73696
57598
4037
83885
51489
23805
5717
84006
9521
12743
17776
30679
4147
92671
93535
11720
65073
5493
39054
96921
81550
23122
22103
78546
1018
46806
64447
93766
17043
55816
44363
77311
99406
23521
996
16810
96198
8548
64473
81477
28983
35018
16134
57370
82916
12697
87359
505
53494
2282
80786
7768
35033
49460
7989
80151
30080
98365
78767
91853
81886
44531
4782
60973
67978
75581
77840
57673
37361
62565
3350
70126
35379
5806
27089
83669
32082
55662
61289
8193
86633
19952
81056
33862
47959
78141
31125
39840
94795
19730
29965
61966
22424
60556
15434
60313
34288
30340
54898
67557
85197
94541
96131
72522
37854
51566
18042
97718
13413
77112
80020
39037
36688
82628
27471
470
44881
48633
53978
69032
62939
39335
55676
13443
73072
65703
75912
64506
26654
51577
13829
58902
19309
54805
55104
44192
64537
78571
35082
49173
7061
27970
14063
71484
10311
12173
39557
6006
72184
83691
82136
3970
78889
20198
48555
93490
22585
62195
73578
3040
11664
67444
25671
41669
55630
95353
96378
79118
69655
50050
91968
64302
69158
25232
61378
71574
13352
90200
10484
57786
30527
52074
84293
90363
35079
35881
64018
23099
86150
30732
62518
5778
71638
39863
18904
64408
37771
68855
76830
89725
48734
7128
71146
16710
93350
29383
50020
28356
96126
42909
69884
12728
71361
92809
71475
48194
53641
9610
49156
229
96707
33004
42019
13705
78484
61083
23128
48601
86683
78712
70092
67295
25248
90277
46007
26509
59318
6302
76513
68393
25797
91070
90727
22615
83700
75594
12184
90496
42409
93976
14994
26515
91211
86967
83275
34389
94049
23428
25488
92958
62169
28682
6583
57648
81675
13189
60812
6286
41880
15398
9256
6210
30814
10562
83159
33285
45260
83806
75731
25389
4913
90361
41329
22008
28956
23078
55331
65355
45145
43041
71855
41966
22558
23551
65958
22861
95733
10190
20074
50839
18674
58767
97630
8408
96476
87418
26031
45495
69140
52581
80553
6198
70468
19037
87353
59113
23282
98199
19508
22931
73727
60086
35761
78688
83776
99199
80215
90410
15192
98096
23546
63306
93811
78337
90245
80615
64421
20047
20740
91574
5462
16371
80639
16300
10626
7519
87145
46889
79308
98014
14942
2285
61086
25393
5085
84229
77714
57130
82225
43294
10888
83335
80483
95604
42069
68779
34652
83157
66165
51671
61785
27597
65466
39379
13382
39965
85348
78873
64743
72082
58046
15222
91212
7646
32693
87644
50164
35607
99040
87561
43400
5167
75136
54116
56308
53818
26872
37539
82969
88209
10472
27995
41250
21133
17195
537
55356
25846
5775
28261
7742
43122
59491
13874
47518
72233
56090
93962
86531
45597
88041
68028
65732
64250
26595
21879
52302
12984
87256
9836
35504
66609
9268
84561
89541
90284
43780
27006
5020
83420
15637
21360
37658
40579
35760
84980
16289
11831
37871
85723
33844
49719
35236
29081
2993
58474
52859
42438
78831
61207
26272
7135
32671
59690
65760
72356
78949
70296
2911
84553
4170
39810
78882
53092
25484
79749
97155
92349
56732
55055
89619
5429
69511
92708
88751
60182
2629
44155
14030
40613
4525
60722
79423
24045
48596
28135
31113
99464
72722
58835
96197
41386
88706
31210
95908
93820
4851
55472
74027
15545
8263
29399
2346
41004
41528
81958
46400
78673
49292
14622
99439
65556
92377
76941
20670
14674
56626
95903
43237
94630
27351
46656
27876
19349
10423
1539
84261
25346
52718
60652
13455
8770
23599
2833
32611
88600
44903
29836
53412
50643
98674
45660
93207
67634
25005
604
32467
4535
62704
56112
60127
72578
73797
40092
28897
220
47184
43079
49688
92932
23675
23579
16426
6685
75201
64978
15139
50166
5624
40254
61376
46255
89891
28241
12489
66448
28334
26775
71954
84789
87671
42779
73991
15493
85742
77356
97836
919
42755
28750
15190
3517
19989
65213
46568
5908
26234
53895
84885
37408
45708
34770
38329
25191
95651
15599
49160
22156
22105
95170
35658
21021
41561
55871
67543
32229
66614
12742
34849
90739
7830
51139
70811
37045
18329
22348
37665
38702
23433
37754
87937
77463
49277
93615
40700
76893
83744
80576
59868
89949
66482
42931
14185
68623
34573
12040
80690
97672
8518
96176
81641
39798
50109
29237
86608
76965
70986
83182
92242
16782
85034
7428
91058
37920
97824
44511
59683
45782
76003
90947
51631
41275
98159
24980
36764
37495
93492
77975
25756
62305
83916
73579
83265
49686
63288
19992
87661
61244
20477
52128
16160
57645
91995
37196
52023
82642
12506
19417
34190
87269
33202
94611
29536
93527
87065
77651
64127
403
25737
73361
30955
28129
41752
58295
26935
28576
86294
68410
16444
64964
3653
28756
77686
6969
66665
23623
74070
58940
19795
99245
26834
72592
36752
69174
1439
38774
