48986
50530
51463
50394
48285
50344
49983
50147
49509
50382
51008
49080
49894
49289
51236
51473
49449
50034
48213
50549
51354
50045
49904
49504
51534
49055
48824
50777
50378
51301
51693
51266
50763
49370
49066
49481
50620
48594
49788
48671
49539
52851
50348
50019
49697
51528
51256
49844
49656
50239
50512
52029
49754
50175
47558
49942
50339
49175
49513
49423
51399
51057
50414
50268
50337
49983
50302
52369
48615
47580
51545
50343
50121
49288
50387
50770
50329
51779
50437
49726
49699
49145
50330
50027
49569
48545
49432
50395
49093
49992
50588
49683
48236
51451
49565
49753
52126
49393
50554
48866
