36064
51749
30381
59619
31176
13275
6410
32131
78038
56716
93681
6592
91695
15616
53358
48964
90097
36341
8357
44120
95878
19731
70042
86785
20536
78567
55346
34278
78327
84622
49071
45749
87350
12664
635
70744
13443
67161
82407
77525
50815
65667
76616
17304
66733
64376
40297
23882
88540
59981
3543
17800
89157
26261
61916
26881
17616
89241
70529
4899
24786
2038
71920
43469
40833
57880
8242
41343
22309
16762
48101
8358
98498
16827
88365
89893
54537
49038
63136
6076
70212
11338
47656
24396
46795
74222
77457
17720
95289
28713
11689
45280
3204
94338
6669
27126
19872
61457
69043
8949
1523
63482
82261
3076
55535
9510
19464
27848
18170
6526
18438
51406
1447
87934
68187
84779
9541
2854
82068
57913
7704
89082
10796
68237
19844
30631
38019
9421
62747
59275
30258
37905
85015
72923
58034
67042
48840
13513
40625
45384
86991
22534
81985
22520
74139
10861
77872
65157
98152
28004
44824
31454
83717
73341
86112
61044
82016
22400
69021
21424
81507
89753
80724
17962
36869
12957
36599
51995
35009
69467
90095
21293
49304
18941
80097
40915
4585
41243
43802
72384
78065
88499
26015
23973
39174
14506
19974
45957
24866
68232
49901
10926
7377
55500
61201
65108
96477
73719
36290
25912
48472
5659
12581
98493
28821
27244
3377
97396
95173
83189
89177
85825
90039
69240
99589
52851
43650
14702
86665
98910
13443
19459
50268
14493
19930
41351
35205
55661
65124
85628
67274
53174
98211
87174
89561
79011
46463
17373
1121
29155
93525
4217
44883
73277
50994
62120
84363
87289
79081
45963
80991
50685
65969
436
52470
52154
40479
42892
70784
22418
67800
29858
66342
41010
23449
82879
90716
20971
41103
23966
83346
41030
42786
41782
12057
77529
58890
22921
76083
80341
15921
70102
68676
55166
58055
16772
79221
34947
96874
42451
65137
38556
83188
48250
25919
6758
51606
3580
25019
10671
68002
13906
83386
30143
99689
17741
69113
64193
47276
72540
29808
14144
84408
96429
11379
40352
15422
59830
15500
59789
76577
90475
4833
48867
86512
93808
95454
85544
93540
21434
53768
88857
78710
60865
60037
75435
240
1466
99282
58492
29660
4349
45950
41506
19623
30859
53618
51743
80676
29367
97915
32391
68374
72006
88753
90140
54903
82392
69249
43568
5728
77261
48355
27590
89983
99165
41349
59476
86294
55894
71724
71336
25534
54902
88211
42142
59764
52324
33852
49449
92178
93750
66022
22013
40325
61326
18891
15146
90525
25148
67598
27707
61657
31616
42274
92508
84097
1735
95995
76825
63991
3618
15249
97023
81768
79760
44667
257
70228
74513
78223
49939
3734
28708
59067
50303
49019
28244
46724
33938
47076
31879
58315
40323
34210
47233
20559
32444
46021
74617
78741
65249
30250
4472
6393
89218
88740
92559
19096
91267
97375
73134
50301
23113
68553
50399
30020
40298
49
70128
82268
62718
26182
80483
3986
3216
63433
72530
44646
52587
17185
3474
99081
38977
8869
34923
34660
83812
83966
8758
33801
54203
49778
20009
89499
62134
73340
40944
30420
86987
44095
97484
55683
60431
10995
48238
12363
19952
97821
1571
74756
45756
50902
15569
36700
67986
74361
20837
64833
98399
9489
64997
16466
20158
60370
26719
14978
56329
78866
16938
29426
28957
56580
86283
44917
68017
1379
97617
88547
67719
48204
1243
21127
8418
10178
96779
14698
85518
93901
95996
58541
91676
35945
8922
43162
60611
4976
21291
76496
4546
12091
41644
24714
71775
88467
1380
74274
99190
34408
95808
39340
67380
73436
78542
7094
71005
16707
94473
39653
73298
45194
83675
34098
99910
10454
2921
27896
53260
52288
31245
83157
34520
72267
14414
22723
47069
20224
32939
54629
22969
93375
27431
51960
46023
61077
10751
7720
62108
46849
11322
97477
5402
68952
33099
78664
1638
74600
88577
27276
39045
5189
80458
40598
47811
9578
82038
23919
61932
19916
24569
52698
93957
27142
36159
24562
59548
34189
96915
82450
34018
69897
98648
33128
37458
78181
5696
86950
95939
91662
5527
29049
5511
18004
13459
91376
8534
53667
32799
37455
33359
21413
90417
3361
70365
6016
55093
62610
62570
75861
16342
40463
22055
93353
98921
57993
86405
93149
92160
31486
14040
95394
85893
24425
85106
29650
95837
33855
1971
90367
19381
86098
41748
2932
51726
68795
13346
73050
18722
61443
75403
56085
71954
54811
2108
81460
37088
32219
42368
13829
57835
19687
88410
14003
30761
43959
52895
82608
80106
79004
62813
41620
95635
27451
43952
44725
61002
76570
95166
81110
99563
11950
10281
69154
12566
58642
71084
98895
55368
16101
32358
78648
39581
44767
20389
57545
55226
67579
64243
91076
61323
7677
63408
12440
53963
62609
4721
10067
38288
44607
43916
42233
34449
28526
33158
57179
80553
94452
94411
30380
25316
88604
10377
58001
75138
64952
88274
99201
19975
98936
97497
1281
66858
71617
23307
12004
92171
86881
62992
14101
19054
81441
11895
62662
42911
50958
32872
31556
3765
76366
67810
5718
54311
49453
48170
96591
87979
30791
16396
82771
58637
58003
94865
24796
62780
34324
62358
14216
96816
41986
97057
97522
51702
1036
90490
5966
41932
78276
59412
95472
24408
76744
4175
75657
31718
79024
69512
15100
85432
33043
5687
92185
97243
37636
20712
24609
59414
45335
35178
27960
10299
60113
6240
33907
36579
13387
35497
10969
84694
28389
78327
2550
32040
20983
40636
59600
66741
91405
15255
23433
92173
54110
24006
71371
16910
69764
13768
61414
740
48022
10720
50248
21781
43638
82435
42813
91745
7257
95671
1226
36313
42268
948
72273
11558
74663
44303
54865
52185
80753
22088
35403
69146
68723
46343
71665
97289
3203
22515
71888
64346
51700
65152
93098
36965
43821
72348
749
23422
42959
13438
21549
78148
28522
54132
60763
45578
80362
78363
7615
40786
64927
62480
87210
5517
56338
72507
77858
12604
10578
93355
2391
68077
51158
94869
76509
36202
29441
94474
70866
56958
4427
21870
99551
52667
84621
7955
90369
99825
66637
90776
85959
85544
88690
7133
79899
84832
76578
80893
83378
76693
33983
72386
17066
52483
16565
17556
30257
22925
91255
45610
70592
46849
72576
52151
31949
94011
94466
67106
70823
26493
84267
19718
69194
80729
88622
2951
69395
84311
21246
61793
8239
66742
13796
97376
87610
45369
45027
19232
65272
63083
96491
11815
22588
72609
72502
96105
40759
9676
31307
36481
