49150
50200
48735
52420
51192
50911
50233
49826
50053
49156
51019
50317
49543
49449
49053
50489
51056
48162
50780
51371
51136
51461
50310
50267
51124
51483
49600
49469
49569
48874
48908
50329
48522
50135
49745
49589
50572
48232
50493
51133
49063
51265
50206
51034
48293
49837
51207
49510
49114
48749
49701
48690
48224
50989
51826
49166
48419
49316
50569
50569
51058
49839
47668
52086
52117
51266
50062
51777
51426
49142
48655
49096
49062
48515
50543
51142
50707
50949
50851
50993
50155
49866
49207
49734
50537
50002
49244
47108
48980
51355
50024
48150
50889
50301
49137
50734
49696
49088
49333
50270
51382
47044
50536
50311
48448
50684
50664
49839
50307
49498
51909
49591
50902
49356
49140
49176
50341
50975
49665
49887
49961
49619
50757
49471
52698
50845
50720
51001
51369
49892
51401
50234
50541
51238
48746
48543
49577
49074
51740
50061
51784
52207
49975
50442
48060
50948
48518
50315
48749
49847
49179
49483
50907
49667
49495
49681
47552
50226
50344
48869
48074
50505
49381
49573
48127
51134
50136
51469
49513
49600
50392
48487
50526
49972
49664
50861
50556
50672
48037
48372
48379
50969
50477
47595
48495
50717
49525
49558
51391
49963
49545
49287
50335
48152
50264
49995
49419
49957
52123
50404
50205
48996
50126
48421
50190
50675
49019
51819
49051
50182
49510
50278
50171
49596
50459
49455
50014
49537
47647
49517
50077
50458
49202
50388
51382
50997
48593
49509
52032
49208
49907
49114
49741
49435
51153
50484
50814
50786
51267
49780
48680
50052
49945
48941
50733
51528
50312
50510
50722
48822
49164
50032
48601
48473
48210
48798
51015
49078
50308
50822
50131
50706
48648
50315
48104
50290
48839
51745
51250
50108
49878
49935
50334
49509
51825
51022
51297
48321
49843
48965
50629
51293
50848
50533
49859
49631
49618
50192
49209
49131
47848
51456
50811
50366
49682
48286
49664
48275
51417
50111
49371
50639
50401
50305
47121
50619
49474
48418
48991
49088
49370
51386
50531
50519
48381
49506
50776
51064
50504
49062
49779
50996
49919
50667
49804
49024
49583
48847
49060
49075
51543
50244
51053
48996
49341
50382
50309
51364
48835
49268
49346
52369
50181
49067
47980
48781
49800
51714
48798
48176
49103
49073
49546
49084
49259
48702
48595
50291
49900
50097
48834
50387
48275
50689
48263
50721
50292
48882
50326
49868
49887
49156
50774
49863
49150
49177
49932
50852
50671
50134
50355
50544
48303
51654
49048
50017
50224
50554
50181
50551
50265
49480
50841
49872
49416
49613
50286
49887
49208
51772
49791
50266
50209
51493
49162
50696
49872
51547
49877
48852
50100
51211
50252
50616
51559
49728
50179
48872
49272
49902
50638
51336
50325
50641
49849
48926
49638
49936
50240
50229
47728
50219
49981
51025
47744
49323
49686
50714
49361
49815
49891
50879
49847
49254
50459
50515
49726
50313
49667
48985
48217
49950
50687
49302
50869
49258
50061
49933
50440
49827
49817
48920
52182
48737
50278
50224
49863
51415
48358
48870
50729
50967
49500
49086
50373
49426
49848
51292
52508
49672
49424
47774
49738
51710
47796
48901
50640
50779
49507
49322
48944
49055
50364
50929
51444
50425
49243
48816
50850
50420
48325
50731
50248
51117
51306
48487
50549
49374
50798
50507
49197
49445
48921
50471
50359
50349
48486
49646
50530
50374
49448
49394
50580
49439
48432
50373
51070
49875
50519
48787
51794
50825
49773
50582
51286
50468
50229
49447
50078
51169
50733
49191
50906
52435
49787
48184
50206
49532
50506
49788
49399
50907
49103
49868
48860
49201
50318
48756
48755
49947
49465
49093
50503
52923
50858
49547
49222
49523
50347
50269
49783
50993
50398
51007
48430
49035
49362
49672
52004
49068
49398
50848
49680
49177
50376
48983
51349
50182
49720
50579
51689
49481
49383
49673
51183
51684
49773
51245
51359
48959
51352
49253
49804
50780
50940
51677
50220
49914
48936
50271
49982
50647
51249
50538
50389
52241
49613
49538
49955
51666
49847
49454
50482
50820
51029
50709
49203
51066
51260
51791
49359
51077
47703
48159
50552
50158
50594
49809
50873
48752
49240
51290
50726
50173
50955
49323
49789
48784
50640
47914
53278
52106
49875
50007
49171
50739
50184
48480
50447
50146
49551
49200
50723
49203
48793
47583
50929
49964
50147
50509
50613
50707
51411
50249
48375
49459
51799
48564
50581
49853
48642
49962
50185
52246
50572
50035
49388
50293
48507
49274
49022
48846
50369
50414
50376
51977
48774
49038
50166
50355
49497
48492
51904
51082
48982
49123
50930
50284
50451
49251
50287
48523
49518
49431
51331
50558
50017
50807
50174
49312
50674
48477
49277
49707
50250
46821
49396
49507
49675
50057
48971
49975
51360
51585
49561
49543
47040
51293
50424
50000
50639
47794
49189
49325
50578
50819
50654
50715
51398
51067
47986
49276
48986
50223
48939
47334
51541
49055
50145
50825
50392
49831
49229
50199
51744
50225
48143
49795
49601
49450
50041
49447
49552
49732
49099
52416
49584
51342
49678
49374
49241
50735
49696
49149
48920
50134
50684
50177
51271
49626
48823
48648
48320
49951
48798
52754
51856
49579
48547
49873
49296
52115
48660
49253
49424
50374
49535
51180
50106
48800
50140
49183
49696
50386
49348
50153
50316
49887
49706
49726
50330
50355
50162
51312
49522
50231
49808
50852
50045
49391
49158
50236
49278
50047
48694
48276
49880
48407
48026
50567
50421
50704
50557
48780
50252
52101
49396
49816
49596
49516
50092
52037
49994
49164
50175
50021
50253
48141
48550
50856
49486
49654
49205
49133
49068
51710
50479
48071
49515
49921
50216
51431
49561
49324
48572
49348
49200
52997
50509
47732
49903
52422
51593
51540
51240
50375
50063
47944
48841
50796
52199
50484
49853
52577
50230
48744
48471
50870
51486
50255
49185
50364
48911
47804
48975
51831
49639
50306
50567
50284
50352
50065
47552
48947
50979
50157
50333
49111
49143
49578
50668
48763
48800
48945
50451
51035
50877
50364
51091
49966
49970
48849
50167
49907
50301
48544
49113
50805
50731
50785
50321
50411
48506
51883
50664
52046
50960
51429
50171
51448
51178
51096
49617
49927
50537
50234
49736
50598
49262
49839
51287
48915
50447
50215
50738
50517
50939
49177
49687
49676
49887
50393
51252
48887
49919
49531
49267
52183
48773
50183
49099
50488
51385
50534
50000
48621
49992
51047
48395
50666
50040
50748
51644
49564
49863
48907
50703
49491
50230
50257
