8522
88139
63356
42973
25704
82631
92786
15310
63005
19959
21949
88427
67571
3092
12633
28515
80553
7304
18943
54874
46639
17402
36721
76725
65948
98444
14152
34493
37661
80344
80627
3964
62502
3180
6726
99572
83846
89909
74990
46496
17605
33537
51909
63685
23494
5461
29666
19963
3947
37734
31945
50199
20582
58204
29481
77656
95287
13803
399
27759
99622
32882
73609
26675
28878
14320
86362
89323
5243
700
32788
46216
65051
69704
79530
32110
79027
94678
11720
3516
42832
58741
17801
14627
47625
10720
27900
15295
50753
56964
77718
31249
48682
69327
65489
14829
15255
45121
61417
76998
65504
1096
16991
45502
33926
719
59137
37021
67207
99346
66197
15266
76056
48779
48165
29091
56651
57728
75049
21899
17008
77583
322
2885
11369
81318
84249
74335
96284
73303
59984
33002
99726
14630
26979
5927
15743
10335
18636
10625
49646
91205
41160
11248
45491
49222
72120
91867
86528
14194
72560
17875
49444
76198
50441
31515
26305
59502
49845
20209
68457
99476
43079
46432
61736
16710
48406
70733
64614
63236
18308
92691
76562
49325
17546
59374
56277
28048
48937
31107
80716
97624
41472
24154
32714
34184
34875
83523
14278
51331
9979
72993
13282
97720
84919
13156
58641
52001
12934
29479
44952
22205
24602
51610
13732
92432
80781
38346
48839
60942
90975
7384
32742
41930
31179
7195
28269
61556
28059
84968
58034
681
52746
20762
12195
20256
80744
60649
59389
98456
32308
12327
82727
70162
85507
93854
74734
21162
50558
4430
53548
61749
42846
39007
66406
64353
33280
12982
31413
67058
15652
50086
56482
17484
87196
65138
21389
74334
4855
28971
61459
93030
68782
966
62625
75754
73672
39489
2790
47825
94841
20761
25128
41197
77154
47480
77329
98032
52880
10646
32867
56952
79973
43608
58571
41481
47859
18519
83115
74200
85004
50082
543
6143
91608
5978
18480
12615
85367
2644
56591
25197
94047
97983
15613
33046
1532
49163
876
84002
46551
89455
65388
70956
10693
95879
6048
91587
16042
8704
1363
5591
66947
67998
87151
95219
25288
88568
63171
74944
27346
38963
50933
71993
76693
81036
49135
85987
12330
74939
8463
86377
38205
33949
73594
96878
93495
30079
18475
85787
35913
99510
18365
92054
54054
34291
3906
61063
59554
79160
42899
54048
66607
85050
34886
62269
61806
24421
27729
23790
53788
84050
78671
23614
81115
94058
61239
62980
26578
96520
90546
31610
92712
75055
41750
84336
61332
2912
51637
21784
38176
74350
76793
34801
66433
34217
83833
64393
88558
69215
90734
17713
19844
53998
55538
80599
58464
6141
38469
34675
91750
72541
78655
2388
56515
86741
99437
35495
29678
76008
52699
58232
43855
8711
95247
98259
40900
93291
68635
92657
65532
851
34291
74736
79130
9091
59770
29145
10787
97228
53007
54943
64585
23159
63079
99455
85252
50784
23644
91846
62265
9613
31897
6943
16983
78184
66056
10772
53525
59067
68700
90617
71018
63204
69113
54
23454
48609
68669
84055
2766
97760
59073
99507
16386
86406
9653
50798
5713
93047
91351
5397
17893
56446
34613
98877
38870
91661
56621
41003
98743
35275
62993
74562
40651
9063
22130
34907
81172
48079
54282
15976
89058
60159
69520
43466
26876
60069
90723
70699
66184
48534
28688
11182
10240
38171
58760
59771
28808
99129
89481
8176
68723
52345
95255
52319
48295
8317
45319
86290
72349
16768
89722
24610
92696
25795
70297
96392
9404
56480
27247
18845
19021
57309
90955
99253
4766
47091
85811
66115
95456
22709
39087
82967
38208
91225
66867
58800
45436
39145
48569
84593
19982
70297
81808
95599
54612
72710
57909
30366
17776
66457
62404
39668
71707
47070
23847
23023
75479
23603
86219
18999
82142
4574
83144
39981
7344
74245
23008
15287
36640
15959
23033
90291
31960
46659
26621
25085
55941
68443
90866
39688
24224
35518
44151
5533
76551
60336
4197
78934
3598
95320
33032
38895
46117
35017
70340
53142
49483
53457
28991
98060
37830
840
98068
76412
13181
10201
17618
56462
57744
44986
44592
22393
23707
65528
40974
7983
72444
73234
79204
69096
94130
35785
80776
99073
75906
5046
29230
88918
36365
30666
13824
95821
38469
39562
60035
98494
77644
25339
12794
44289
58738
85641
16004
40872
9563
3440
33014
46
36769
48879
68096
84048
33104
14572
4242
73236
41720
96124
11043
49594
80475
15776
50319
35927
98196
55576
4499
44420
40784
57965
38176
36097
3767
92422
3299
7303
75188
2025
45358
54814
44209
94708
97779
18251
10833
56239
18606
76928
98675
38843
59753
60624
95614
56128
3497
86310
49321
38618
11190
47662
47331
82341
18717
45544
57912
50080
76131
63215
3567
86851
17731
31571
22812
52131
91017
79458
19114
74069
22913
13216
29857
57542
54692
79608
44591
20465
26937
32538
70225
4317
56857
99406
91523
67082
40376
61721
10424
75677
36180
1587
78902
63086
59856
12944
66441
17663
1411
33596
13381
60954
72103
23774
81959
75706
92882
77927
4034
40618
98704
84535
73931
88603
90215
93696
41062
10445
57454
37261
26220
2694
37244
99247
46532
41752
85236
94162
3556
34191
81872
82404
9959
78302
39433
78183
1427
50590
10382
94436
57337
74500
30286
28893
56338
21710
18763
64199
5834
54473
48587
49824
32853
40048
78069
34288
7906
52022
63549
62655
40220
48119
43529
91205
16186
35756
63689
29850
88784
45600
95731
96910
18411
16132
86744
74161
50331
46348
88624
57742
70297
34470
7645
18260
58463
56276
2639
7060
18250
38753
76119
59017
93201
94191
80062
22201
29918
73645
57204
97969
50289
87797
42923
53505
24458
74918
90442
10953
11487
62465
59865
70374
4039
74931
50982
14316
18113
56104
28706
22017
11598
35526
1358
24901
10438
73403
69042
10587
62693
24271
82797
8648
79527
43071
18959
89925
56849
63952
89143
6984
43193
94955
76391
42271
75757
92564
38358
75871
30645
54258
17654
8670
4697
81138
29970
72283
93313
36506
42768
12693
78896
52628
85631
55666
4648
66113
17631
78337
29954
4841
7332
83748
72644
49083
91666
33588
94431
39247
84189
43868
20564
53
52286
74375
63158
39838
24393
27160
56495
7248
93783
90460
40845
46007
53819
35711
65470
34413
15333
17412
72483
75620
1850
26394
70151
76718
77023
38780
94869
67085
75737
94860
98754
9153
64695
83843
11965
84393
93669
49640
41650
19508
67184
83907
57109
82041
22187
91793
94314
7668
12450
23781
50279
46541
47821
46902
48095
38296
56737
27963
58560
48366
69223
51952
3657
57216
48972
43327
96746
38540
59244
42128
63047
87603
62830
38313
43709
65049
74058
34527
78417
33679
77994
86835
75065
18708
63045
40106
59904
7783
36410
91057
7107
94177
88428
63434
19621
63418
87103
45186
29964
4871
54426
75365
69632
23023
94707
46163
43122
48113
74662
61862
95011
55242
8016
95322
93279
56860
29467
65038
79677
12985
24577
47203
31739
47066
58978
7780
5450
56153
57119
93538
87920
74009
14792
64051
13147
83339
92431
65041
69153
67100
53859
66518
54338
77228
1466
28025
95160
51638
94866
78870
44616
60735
52340
40829
69564
94334
31727
40185
81879
90560
69883
57944
54504
74301
41335
99897
26183
88020
51426
314
11410
51853
5755
65229
12140
1545
1460
9149
30862
74222
99482
37218
72761
81710
93616
26502
65100
51242
91168
32962
52657
92926
87246
96446
50853
38645
11965
47545
8562
12917
47038
67688
9774
25011
21987
23495
20367
93142
26549
55888
27068
92677
25586
45289
11700
90643
19349
7266
97667
81156
32539
15013
33285
29858
85867
75938
36168
44827
46787
35483
25025
16785
131
20995
81208
26919
38235
79569
70631
59707
45412
56398
75451
67183
11089
3889
65639
5440
53733
81316
30200
76001
52400
16219
50749
92602
69749
18732
15148
64095
2841
40306
36244
45296
99731
44190
33698
22500
46203
67558
54179
83336
76545
52345
97309
33220
87148
53905
64734
83247
29742
57458
43270
14278
34692
51668
87869
2290
92599
17823
86916
73127
99064
65349
29480
4274
28784
34675
28417
83015
66074
99383
20274
7192
17227
85672
41088
88184
98282
47761
73283
42929
21275
84696
94630
9928
8919
89040
91868
54272
61752
89313
52535
11154
12870
64098
90053
48865
24549
51392
25071
68064
49550
5948
98444
77550
23150
55986
18431
22257
60776
82253
70764
74620
33160
77665
11906
1257
31838
76060
28294
84794
37181
28807
90962
1883
3999
4538
29960
22377
6809
60092
66153
69695
23882
78365
12279
6012
93146
87085
86911
57962
14521
10394
27138
1585
16745
87135
88606
68258
65029
98886
71958
92500
11988
88757
62395
59873
32326
25007
16100
54959
71732
70559
41686
56672
60861
68469
73202
41103
70015
68022
85558
31616
66390
9730
89512
39594
5204
29678
42186
80255
69641
17138
51335
68719
60298
66274
73978
75850
64703
20091
73843
35441
49078
60344
29596
73657
96511
6506
44350
99036
79310
52125
39059
83951
23651
96428
68888
92569
7665
11373
25708
81154
6494
97819
96554
18361
99328
45719
93865
69822
81141
46250
33988
81927
28165
32384
78908
27880
6756
67282
68499
87770
67200
41738
36911
14497
52106
98666
27157
73105
94215
57742
15696
5995
67501
31951
21902
53233
7649
23976
66647
27302
76490
80492
3783
85695
30325
96226
75660
43411
48078
88126
99110
56417
35848
90110
92398
62268
66464
62586
37943
10447
21211
96279
17457
9457
61027
18407
28795
33487
6022
72103
54336
94561
159
83785
67640
69732
29226
11290
60967
65823
29931
20464
12495
11022
66696
11644
30517
56309
11821
79920
37389
99314
66926
82663
3749
62357
14047
79330
96912
47384
15956
51018
97345
24854
40330
78515
39015
38886
57065
99318
68076
71017
46301
52697
81595
40191
41717
95982
90739
67895
40374
77682
13893
64791
15451
88125
43341
92782
36428
43201
62433
27702
81669
6376
23392
50377
78371
50932
86597
70603
43728
41992
82022
29791
35328
16385
59311
56472
32008
64850
32214
27373
95193
14282
44986
13786
83839
57981
69909
19262
79953
15195
9884
14474
18848
81952
53924
729
48862
73621
26863
49139
71540
31562
23774
37472
73819
2443
18877
2086
62950
48366
35641
10416
56466
251
17984
27554
73440
58378
79288
53902
38044
98808
14945
97944
3119
5664
52304
94913
36904
52864
10622
29146
19844
89524
90550
80446
17858
42621
34515
56557
73183
84046
57554
69209
11858
26391
21976
38160
81605
77708
51878
76530
28643
76045
33240
22986
66462
15905
25627
20782
63811
42346
69268
19029
39853
84249
36414
16779
2490
29631
53182
98630
7862
78271
77098
94968
36965
47240
14128
10377
19580
53371
65235
2855
39368
54699
50109
59573
70807
2607
69889
77345
67831
72391
76087
8139
52181
52944
78920
593
87211
86157
95667
44885
2759
33931
3916
23940
51701
60620
11654
86359
32077
84920
85291
45153
7845
48512
40924
45643
86875
8121
73787
56530
36847
50610
9935
56171
3272
7189
71375
64351
65843
49155
94448
71590
82230
57102
31326
84909
55760
2277
39863
44711
10510
13156
52974
47277
90874
3036
68854
13493
17304
32595
32634
50911
83328
85843
44144
62368
80839
40559
36592
64959
35040
57250
50459
87680
90787
52325
18592
47308
79455
72525
77042
20829
36332
60689
85369
44169
99169
11740
94215
3242
43219
25392
59943
47450
85786
79054
9238
12457
89154
5147
7363
8786
14706
43339
33227
8586
35956
21659
14243
86989
94995
22704
21243
58470
74553
46253
75934
89540
58549
25569
88713
14707
27684
5844
5734
45305
24009
82188
10247
67944
24884
97719
57241
45218
80608
56503
74065
58830
58786
94062
98234
86925
42178
69684
75454
43810
87255
14051
46681
47391
55959
26346
45178
10294
40895
7013
64615
78291
60579
49514
47901
15227
76100
64785
95102
60960
56812
95763
40883
66498
49237
28264
82466
97257
25967
36188
67844
29233
94982
37225
4396
7818
89887
13485
17395
93058
42635
69391
74026
40964
57900
8004
95403
5495
73288
78103
68671
58671
96210
19070
79193
65824
37509
39518
16949
32321
70557
35365
16415
63403
49093
31971
85698
53761
43433
71172
82253
91581
58762
47874
21393
69055
63818
22318
57029
47978
57676
47189
54621
66304
43038
83298
97191
27357
20034
91905
68040
85402
24299
90421
39686
58891
5269
98658
92651
78469
36937
22836
77780
98011
10476
9665
74332
49496
17710
29718
99958
71128
50335
51451
99044
4709
75358
84176
12233
39202
56771
43357
92336
55306
46405
86584
83850
83529
33539
48609
58896
46094
46166
13607
75750
49218
7064
30440
49556
23590
33067
89919
32609
63162
58653
79200
38194
66929
57334
67421
61571
47642
18002
38997
2506
67713
46622
19911
6260
508
22621
28018
32741
63042
20516
51081
36490
26517
36674
95725
3306
709
1294
65137
23699
73038
2568
81182
86505
78114
97385
28722
65733
91967
79393
77868
85907
10239
79901
49494
7106
90079
79393
62356
91611
55017
33971
19575
96862
35168
51560
79813
5610
1443
11548
78238
90939
91614
99499
28278
20244
5055
79643
16228
30481
66113
81189
14173
39545
1175
72523
23942
49567
81137
18108
89899
40973
91410
79114
92293
13387
17458
84138
89442
93370
45327
35578
75333
92415
56694
2137
92629
44288
63296
88748
85879
28658
15456
81861
77681
93902
46662
76496
62829
23886
52773
78171
29045
36914
82076
67887
99242
25000
33210
66840
63903
76545
75865
65129
69134
27694
564
9019
38943
27430
47889
5820
1395
58149
19774
80474
39105
9568
6945
88302
37872
90231
85049
41542
87957
5764
74053
67797
37054
34317
45888
63144
10607
58627
79158
30135
1008
71636
86192
47969
71200
53297
42479
35489
29437
25321
35529
60548
61560
25488
38778
65714
3812
3170
24372
13974
71867
8464
27745
66517
35545
57496
80703
61175
5330
63672
73304
99275
95040
62156
35909
92013
20405
25940
49291
10144
20236
15546
9924
87585
29142
18229
53545
96786
51851
63197
26777
80030
84963
97404
97104
99916
5665
98327
53648
11009
98407
45551
19066
19905
32121
78414
99377
88197
5679
2154
70081
85324
87472
26974
37648
93901
96896
68546
72812
33040
65794
49621
41235
69643
64176
30751
78665
44277
22915
38801
19304
94011
73789
25422
1117
39425
16299
98290
5601
59853
5435
99889
90508
46431
48919
21353
24858
9388
51462
45083
17987
39777
93081
26105
59501
17106
79409
68484
19279
98391
78317
15885
16955
55057
53697
32720
47716
19551
61903
26873
17656
62384
48377
25529
37654
40372
52664
20126
54102
53371
3623
97914
31096
43751
89846
67288
72996
40041
73357
61607
17009
86919
82290
30243
43150
20467
93922
69600
24302
18038
27839
96694
98594
23895
61594
52448
52992
84787
29066
3212
86145
96068
14129
63079
96715
9449
48417
83696
66144
25397
12644
25538
93187
48285
92494
9460
55487
30597
96924
43441
72086
74690
97200
30327
82800
95770
80998
73321
59994
58196
68949
84733
82687
65633
88385
52994
47055
696
51861
65788
34441
45947
97114
22740
82697
85678
30958
82037
29469
51713
1683
16991
30343
24661
770
98131
30541
87996
39489
27008
73024
85419
61833
38387
22366
82302
72850
44466
93228
20460
72707
25671
95419
34030
45943
35312
10463
97605
53030
12399
43263
72544
76653
11255
42372
20061
7736
964
15218
60424
38538
29557
60760
28788
83409
64923
84922
68579
20253
37716
55231
17284
75130
65903
53440
73745
80668
77531
10948
54545
2951
95903
1950
41651
82002
50802
96173
66001
7867
37486
18666
524
82878
13174
46962
44391
2878
44749
56218
55637
93434
33461
3554
54694
31806
98492
61128
62909
94575
15067
99271
44206
68180
39380
54312
16529
41548
80512
63002
39953
80825
16205
27506
91977
89038
6783
89425
52009
89122
26253
39569
4973
4458
40099
6713
93399
91138
48984
1486
72422
93417
31052
98822
1838
8158
40974
52910
65971
11499
4159
58111
1418
66492
15444
25605
9132
35545
10179
78050
64649
53884
52131
83289
53460
67786
36908
73675
10366
46286
17719
83608
35207
29093
38367
65928
412
60720
80995
74277
37656
50086
84748
83335
75418
32900
6747
86959
71324
74395
42417
15350
28727
66001
87816
38934
43994
53799
46153
9063
77593
66464
83284
76212
46747
12432
1080
99986
5969
8225
75408
94055
63428
29516
45911
9166
62182
3985
98668
37616
23347
57902
33358
73914
5887
75172
2180
82373
28796
23950
56668
95756
65899
65441
69820
58129
90773
84657
85733
12128
32918
71491
94402
60770
52259
25255
67357
61877
83581
93237
88446
23897
25109
19534
15492
68429
33833
46916
16307
33174
63956
13922
7073
14728
64631
59759
71662
53910
10094
42760
61609
46400
44997
69041
26227
73009
52465
24173
3251
7968
9516
1538
61127
48441
47152
35163
88155
84848
23819
73519
81868
53972
20522
88432
44906
95070
22072
93935
99950
66805
62627
37802
66493
93984
13162
76574
71091
45284
75802
34219
56913
38508
15743
4711
53859
73479
45079
39338
31042
92220
40543
59341
73105
44610
56757
142
74400
65041
71255
40847
29572
8828
4063
11719
77658
98625
54238
66689
95804
72026
95307
50889
67198
19712
2169
70979
12397
9632
41875
29446
19874
77842
84414
49571
68838
99235
5361
28563
53691
87051
3711
24862
35375
75105
81364
35813
68987
56798
23866
93475
33503
19662
5459
70527
41672
62821
4828
84824
6961
22115
38833
73048
68034
4385
27361
22196
74096
25586
66807
33204
33980
37077
52376
31800
46218
29632
84674
4540
40660
54847
9459
2930
71106
81702
47787
68385
56834
67288
89899
66320
83825
92921
17601
29773
83920
1629
43164
9853
67945
53783
52118
37137
55676
3440
12429
19994
47357
12283
44375
13843
19369
38284
37816
74125
88072
28206
85724
13669
61987
4898
54721
30616
1964
67691
22381
13240
81328
18463
57099
369
43371
25145
49238
94376
81204
87939
37278
6050
70682
71206
43477
61143
73765
76055
48375
48495
15912
29706
3628
40380
34624
28412
13549
43466
78261
61061
31368
2247
24447
69697
19663
77628
95983
94535
73007
27686
76793
90622
8885
93171
21815
48722
22838
1440
21813
43692
2122
49881
48021
1770
84192
76042
23692
10162
53128
42453
83069
9118
2954
32283
84216
36120
59379
22620
96291
50555
8653
85850
14132
16703
2078
37006
13639
35841
62455
35376
59139
39825
92097
11446
67536
55443
47731
54665
63650
55761
67952
19034
77508
69923
47010
77213
24709
95641
24000
68754
95757
22242
11471
13296
47147
87735
14258
4090
10929
88562
56267
54983
70105
2371
73820
11194
74914
95531
55028
84847
87953
88494
61448
1193
45679
67774
7941
95186
21524
81876
33597
57258
74877
23946
27672
71747
54197
93753
39461
64547
35936
98636
15687
53363
16358
65859
33083
76504
80662
22393
96612
52744
93992
51966
28621
135
19942
57422
75669
65127
32051
38684
63612
12011
25248
74130
34643
48896
75531
41748
55092
32736
77961
79572
97344
6688
16378
77701
79444
70758
44719
79345
66140
74091
96442
59199
28684
51848
79461
29981
9596
53854
41576
89558
68206
82638
3161
95809
79224
27264
13118
4755
53338
81338
84717
95002
37743
53017
92219
29953
97955
73721
42975
15430
2734
1992
60638
23615
96659
20376
48604
49590
45868
96612
32471
12643
21846
21683
38826
96116
37813
5755
21556
3636
46327
71434
29214
57500
11721
53465
25401
40416
54117
72122
52154
6636
90067
27886
73718
93156
87723
27896
38838
64551
40775
9800
7783
52240
12646
15276
65013
30697
97155
49893
54299
69925
92145
87536
84834
46258
94030
45907
85320
25381
31056
6924
24583
15999
68861
3230
84815
81904
99232
41110
36583
8178
20108
17464
91593
33388
30957
62904
74071
11869
35413
82795
32400
55499
74089
18867
92117
40324
47645
53440
97489
67572
42087
14057
32576
21203
46668
16305
14896
9984
97484
33840
81683
932
98658
10400
73946
85694
56258
28301
78424
25383
72057
74974
41760
47455
61965
15007
82910
68599
621
50179
32869
2972
22966
25266
99034
49585
82840
11861
94709
2139
23187
69611
9517
10472
12482
43048
62902
47338
15971
57028
1792
92500
53788
20290
48072
92292
22157
27111
32747
35209
33414
95277
69174
68704
35053
75075
76178
99438
80550
42245
71690
38191
76442
67490
15465
42642
28368
16638
79917
60729
94660
36352
39592
75083
91800
13976
74783
32219
62940
86275
3513
6890
89254
58822
6118
68059
2525
89786
46697
31062
99065
6557
43757
88466
80056
51478
18722
8114
12523
14285
72083
32234
42968
17962
81759
59330
17952
688
10240
33614
61213
62037
27166
33673
62215
3393
82323
31788
61922
67493
65224
18102
91365
68920
71098
22425
81857
55458
3923
47006
3086
11565
17960
69051
2067
63315
70506
27882
94113
44814
96065
48539
90828
97010
12270
30325
53762
77621
19291
1092
26000
67912
68560
57158
44102
52417
42898
74368
58026
40171
15800
36403
69666
72512
58949
13080
37881
23266
12229
53395
6842
62606
1723
46920
36457
41455
37742
49913
46322
31603
52938
89296
83230
79333
42271
20964
91380
46447
88307
8590
37738
86648
29729
98071
34076
6831
98028
43492
83052
74224
16391
60080
1722
24605
88631
99293
30349
88407
16077
6071
62300
13590
18351
67111
15348
14001
15011
48759
17715
98518
82287
82617
68456
92158
35442
77638
48441
73870
32775
88845
6718
53294
13794
79988
52007
20450
982
35016
79956
74030
53472
37742
30188
2793
77868
17792
93377
46444
8236
91335
20946
46476
81937
6449
29810
80025
73157
67731
37140
8732
18347
52706
73819
16774
78231
43138
82273
73086
20550
63829
58245
35445
95805
8835
26154
24986
15992
648
57313
96619
31021
16115
50307
17825
79014
48876
26235
37986
97219
68449
65052
28217
80962
21737
77376
87860
9207
29460
67698
91926
4804
34461
83040
93686
68822
38678
44044
63618
49043
88082
5451
20693
46666
34137
3984
54013
57521
21577
41828
77118
6002
67429
71141
41124
9552
60861
24327
82255
5179
73713
20373
25229
3009
45800
57390
25230
18091
34608
40854
18454
38767
25836
98708
87451
78884
57612
51074
52243
55832
85572
31479
88015
14333
25038
17063
69314
8256
50898
96421
25281
20801
96257
20214
98488
64115
23840
97475
93670
43655
95227
61880
97898
55086
37538
19832
29339
65315
69829
79038
97767
98014
10034
77401
86566
28747
57075
48541
55935
22049
53175
15542
58231
39718
23985
46162
69256
39942
51005
64763
87551
3157
11363
70000
52670
82613
4394
21470
66403
28127
82046
64172
53151
97495
49069
53206
39693
28720
22118
66160
89153
27984
94443
94771
6115
24731
51752
1364
88513
87481
99379
60171
28121
23532
10994
93504
39907
58165
42037
94386
43507
26023
81615
43221
20155
20131
73604
26297
19402
47477
19389
45088
76113
89335
8325
16855
15030
82104
35579
55947
84889
4454
9479
22717
50137
97219
34598
37436
27221
78802
39916
77448
32855
99209
40152
56094
22253
5266
96956
30531
80348
89819
11476
16916
63421
24878
33287
71599
40901
71297
27020
45435
61843
73973
49021
20596
2062
3404
65907
58381
87557
73826
24732
98951
8896
71584
80052
39470
35779
18952
5906
65513
22576
20761
96882
3384
37322
59305
8717
43152
32003
37623
51
81411
8545
11942
67020
41990
5531
67868
24691
54639
99471
1512
37825
79021
33729
70134
31181
10985
7757
10739
1122
20594
74468
45627
84844
95280
44670
66661
13854
19451
95866
86607
22057
46785
32395
64754
12274
27350
81407
25705
59989
48294
39248
44405
23679
97772
98
97631
97818
13390
88312
72207
45889
58660
95327
37451
20774
75603
14818
5217
2264
42127
31613
15450
67673
62075
82722
20916
41957
97216
32960
19180
36822
60349
62907
42382
10161
89990
19471
57494
46714
51123
30220
39092
3047
51070
98237
87472
62731
27564
53245
30664
36363
89692
42147
50770
51703
64982
13029
2677
35894
96434
43036
33926
30456
91466
2950
88820
49274
978
4612
6818
74585
21871
10988
78112
93995
92200
85630
22251
43772
45157
90082
87234
98216
96064
51500
49083
76851
7663
42580
47057
32891
26937
70586
98481
16610
82476
24578
85290
40249
13139
66243
52703
25440
31159
31039
5270
46245
67426
51473
85868
40997
79399
74285
46353
18452
40414
35969
78494
50396
14935
68077
10260
28490
16264
58722
62833
23956
82488
45787
61111
87154
22782
78071
90431
13497
85202
77531
39995
52107
81583
24313
21560
15599
6118
95644
24900
25724
83139
63124
13472
92335
66590
73825
31312
17085
44750
48563
24559
55681
56694
45895
24090
17272
2298
94500
84735
98398
84842
86116
43106
2850
18197
48543
696
55104
76970
9428
12946
28511
99613
12927
601
36712
18123
55330
78267
70760
65955
90255
49190
91984
24568
51185
77255
75362
32311
97876
57091
99441
39136
83612
35319
25214
22636
23307
25925
63524
26310
98533
52221
78118
93510
93203
78931
91045
98989
19104
72482
45973
6851
89746
51341
73642
75723
59659
55972
2496
60774
24682
13908
17285
76975
32517
32400
91952
1975
20307
9706
27253
26870
48817
25831
28583
40780
32002
78915
74534
45029
69149
32904
24915
79129
32368
41222
66003
41243
18340
95197
39736
79203
70646
12169
83339
71072
2989
64755
48324
25123
96729
54237
7768
34689
75848
72764
83490
28329
2986
77663
35176
1051
84479
58827
40282
27332
43283
88335
51733
18046
15571
28548
24145
73259
38240
77226
73269
70264
36689
20370
58073
24555
40316
26967
90516
23095
83919
68265
84296
26244
75008
68055
17574
92699
65934
29406
14238
71826
21625
32366
6482
49828
30042
48786
75127
28695
68962
74808
85759
11585
76009
95877
25681
21134
41784
65277
26867
38409
90516
20167
38311
56970
7527
55591
87851
73661
93477
5901
65392
45159
31510
41488
57217
37002
66802
26723
92642
27676
20802
28995
37037
5668
6410
75847
4869
47462
54476
87845
78708
95720
81493
77457
6258
20616
73543
83751
94473
96754
25834
57911
30883
71711
55781
29355
36338
3519
22469
180
8425
28589
19511
92643
6046
66684
65521
37289
66929
23450
19420
29651
79723
46588
8177
13377
17224
31024
6549
89523
79411
98901
55524
15878
4436
18656
55163
62173
5941
15515
13531
4584
71185
41161
45736
50556
41187
14360
711
96099
44830
45327
34583
87201
23178
10294
99607
67972
29608
87167
26570
88803
91808
15164
34303
63473
76513
95507
70665
62986
98624
79847
73931
71458
22706
11379
4919
36511
71946
20498
10973
27257
78215
78228
10620
25000
18067
92860
82401
65045
24456
58062
52841
32165
31890
59232
15294
89909
15121
17224
68099
84105
12175
97208
89844
63580
16790
25475
65138
63096
17159
17867
71363
61565
76399
88809
56634
10880
52723
14368
60309
22125
55700
16429
28055
27627
64072
55979
58575
4510
88588
52019
2765
8461
41805
28896
16174
63393
99429
62992
17304
82494
6084
6448
58268
10741
87195
20188
71084
41454
40497
34114
4174
23008
21464
70292
4376
93383
79927
8356
24708
56320
65078
93445
74490
29361
11327
45077
32639
17408
80836
7673
99627
2699
31044
87919
82521
71491
37918
74628
84008
29965
66994
38157
83503
46081
85867
73280
23916
1187
71214
6244
48437
72402
43490
47082
26334
23376
69983
54889
42607
69382
54005
76044
16539
15870
17410
23642
31947
66026
66983
79248
19155
12263
70497
46614
11316
16282
93305
92179
92293
36028
98621
68303
32358
12043
95409
66841
83224
77306
34754
67783
68832
82150
88540
70681
43940
47069
99048
82915
7640
64245
15165
30296
25801
70699
65436
22013
24350
84659
94293
84592
35378
85579
6062
744
61430
75977
55527
30696
66278
8073
3932
73293
38525
75598
24794
40550
76099
28261
34683
67401
47493
36593
88496
46003
26499
38146
29582
94261
3425
70629
83616
95956
41535
38297
66734
71822
40617
18835
49733
14870
60916
26100
72550
89279
49249
44663
69034
22644
12601
29069
89765
65452
33558
30056
61121
80663
42548
28617
25628
41495
76409
85260
25613
66959
54701
39723
45632
12271
31134
88546
9456
11186
59932
95839
97805
10943
42473
12310
19316
43147
16399
29098
15600
43202
60908
88983
78209
71062
2142
58520
49426
59200
52352
58224
3317
22607
3931
24611
18151
61995
61451
86995
12601
39883
10023
52893
76414
35332
51231
3882
10225
14726
57830
20187
64454
82080
62645
163
30877
11665
67497
84689
71151
90869
74111
64739
4284
72504
67037
47137
69731
92647
93791
93032
4662
20996
21368
85421
74391
55203
68948
13079
87394
68262
43177
94827
55618
27425
28814
99828
39340
44261
47789
38190
69201
60784
87007
49037
49942
19136
91704
17108
14368
11965
54465
49767
78613
7787
99507
20879
37646
99828
10615
75134
25984
11470
91631
79713
74579
51224
52667
14655
71919
2750
42375
83749
78224
41717
96116
4302
2595
27629
98815
13004
42006
15095
86874
17224
32970
21843
97837
5629
21431
73874
48958
94636
81706
53233
54027
98771
781
83014
2377
53274
78313
3712
27322
69606
39882
49336
97336
47240
96209
96559
23170
64679
66345
35969
37067
98641
13681
48811
15825
3268
59183
16489
58309
63648
35058
87213
72699
92349
34329
6206
45720
77523
45644
90726
19089
23873
77925
86794
25945
49943
6625
34973
15133
82953
32480
49953
82801
73052
24839
66392
41146
74264
95091
75923
69595
79684
64901
54312
43322
50023
81330
70456
21411
23168
31485
64279
50565
29485
34556
24194
56572
38594
49119
88823
76264
37340
51750
86572
87156
7414
66201
9150
14220
51741
65509
30824
52355
54709
93614
42112
12489
27638
45876
17773
36369
15326
60046
67559
76225
90619
84065
77473
53738
86373
79930
16237
49077
7534
79584
69089
74503
35280
1202
66488
68728
42108
47522
7151
82529
38728
16994
40773
1611
76802
6314
64974
6208
92047
73605
46927
94615
95425
75534
30992
70136
76331
17081
75916
1632
98932
83819
44546
84662
76955
74484
52653
51396
97628
4121
54012
24627
16577
38800
15428
51064
17907
32901
24458
83570
6244
85707
53960
70803
28721
82299
86023
50366
40730
26803
11935
75632
50524
24453
982
24634
44720
83004
28505
84625
90522
77851
62395
69817
23823
91647
7791
90036
72590
50120
67158
17119
51332
51980
60649
97228
92892
23046
5496
2810
84972
17262
77334
78687
62291
89495
96702
2191
39910
39146
93646
8796
50656
13507
59832
34264
1957
88859
93553
15422
39290
28069
30944
60704
1244
68310
5745
81988
10415
82748
54810
36006
99365
64828
4964
91702
23788
28513
73549
52618
49692
27319
16084
64779
27767
97309
59965
31013
39678
41166
41003
74333
14976
36434
21493
98223
35259
29671
52890
35382
73173
5902
35802
23731
78710
1801
56489
18983
92849
70431
56895
25220
87609
22842
97820
97001
51137
75882
65818
92097
90304
54221
37612
25138
74533
84004
90793
1795
9070
9613
19466
5503
88726
36420
94897
91484
83828
45791
71257
294
7455
90087
92502
73312
94816
49620
5738
24098
24050
39442
68371
13922
67949
95835
4111
25160
21023
37407
60933
76807
36826
20788
41797
98224
90753
73878
50937
40521
72
84538
10417
77529
90947
66853
69725
33450
85916
21406
95061
48993
7289
8740
98728
55234
47982
59155
64890
99884
66277
87081
99914
53305
87236
62976
95098
2505
77671
72284
51461
10088
32151
67291
73156
52523
33476
72553
68843
31146
1983
56232
41694
87488
35341
18639
16125
37967
64356
13137
67143
71369
77567
21968
11577
91944
74385
78265
13157
54892
35973
97317
76517
11988
43040
75398
75895
32898
2792
55831
32034
66825
23191
84271
16052
98378
72497
47045
96519
89889
71828
60852
38245
55171
60446
59525
36501
86968
44859
97780
61996
34100
74062
62929
21084
19683
69934
79955
89154
1948
21643
99587
10917
71283
64000
69423
12574
95422
991
65830
68078
51828
36559
16185
77325
19299
32164
88811
72923
47838
53838
74179
13323
44715
45907
42314
90077
10497
17207
25682
27974
92991
78025
72572
21338
46460
84619
63069
76591
99179
3276
7966
84425
71859
67545
54641
37285
6246
70007
48381
578
36917
23100
78605
17938
56265
14225
23161
52370
98427
3996
74152
26642
12022
245
37325
50872
73585
80052
63304
55013
9377
87351
74306
72187
80383
31498
46496
74408
65066
37004
14220
47100
50089
22013
83581
50056
99630
11027
80555
96936
80199
15925
81685
17813
69192
35260
77628
22153
10580
8939
35771
89785
10190
25510
37955
41915
57269
38228
73278
43410
44525
68920
12261
51107
43886
69791
17752
52783
37599
40386
90110
45872
39952
31873
24040
27278
49184
76864
42226
2283
49300
1760
4789
77180
55778
70424
46862
92246
17045
23271
84810
36307
21626
13648
75073
82698
8280
63805
75819
34865
56045
86977
25243
64461
91729
80856
1985
99297
28355
22992
47796
73665
62135
55505
6596
18456
9909
62139
33646
65796
82503
19136
46831
98674
90702
62451
28588
69732
27989
50915
60011
90976
18950
77933
96322
55915
29265
81842
1010
78858
13652
95960
75944
19074
37454
32709
58034
20534
76091
43115
52773
32562
78766
64801
72226
19812
58962
7630
98616
77025
93557
17652
62789
78872
99717
98908
29478
85318
53584
81920
88164
59000
42983
98853
16392
64374
15010
44916
9014
39801
79831
32422
15327
81386
56930
91492
57259
44082
19459
70350
9999
49709
80909
48577
44710
84838
364
32924
79901
95145
33046
39210
77015
64963
60573
41514
89791
53167
89898
94241
88733
96612
35550
63844
14958
10585
14072
68250
13370
73571
89577
67845
88267
47056
57360
8909
22799
61096
83000
65863
1153
66171
82434
41659
91398
32334
80472
29826
85415
86918
50029
89964
83193
21234
43756
23512
33002
3838
60784
94753
23763
4289
96528
15853
97165
64800
4521
98326
45685
51050
95057
72865
92178
31247
24373
33713
14719
16613
86867
93416
37314
80752
56708
37357
21324
19532
94068
47523
76537
72875
81463
75586
75549
49487
95711
71425
24583
95460
6592
5645
85440
59588
21742
58807
60048
27665
65156
83437
92402
12336
40919
27656
30634
58550
27425
61389
97942
33635
91265
39598
66798
32625
32881
69499
36056
73467
43779
89584
54417
13072
30067
17544
94324
6434
75731
98153
39942
95020
14510
66273
83272
31643
24817
41256
8538
76846
19848
26881
31785
84765
57424
53142
58051
48756
96262
48205
89663
28257
79514
41854
60034
80748
67000
98010
53599
27060
72313
32778
91579
31672
34289
22116
46571
92780
86053
4902
22192
64547
98228
54206
52596
74381
53522
76540
50679
88865
47178
51657
33191
65667
51401
81704
32551
68666
88208
76963
72727
97774
62897
42466
98429
27648
1887
59127
76205
16343
8043
20563
16903
3861
95357
93244
54280
17175
56972
60892
65137
10202
4774
43655
45886
78004
85072
5721
3081
88555
7380
94494
33432
62310
58025
69801
85435
47324
47383
28631
76490
39765
27374
36201
85844
10557
34251
53922
67137
61443
81645
13431
10025
75150
32756
81221
38673
43091
67685
52427
51040
93516
63509
4040
63814
62064
79496
68012
21873
81727
10700
40679
42370
19705
17526
71261
79885
67462
54607
91457
85525
53985
63248
13643
7846
95735
10715
71817
85888
15341
30059
12042
843
39037
60753
92148
17452
30734
34921
19752
18612
82495
82463
21421
16286
11248
74356
48734
60474
35459
6455
59944
85289
17096
23775
81686
3558
24975
45466
62819
43252
55811
33906
56410
55206
57098
25246
85859
66283
83634
66402
36070
85354
40200
71340
72223
91763
46609
52910
57440
93755
43526
38182
64932
74489
98616
13872
56582
83014
36059
44854
66346
48039
10141
37681
54083
92450
43160
32893
50722
99771
37095
25467
69394
73894
79070
16879
45911
1406
19584
94230
2144
84486
61992
13155
76766
74968
35189
62393
76770
2876
55570
12163
97704
83232
71419
94290
16721
21248
98493
33568
45311
71206
87138
77629
51489
11782
23507
28474
90462
40735
45859
4140
89354
75740
22888
54304
57130
31307
52526
22671
32589
33125
18086
21442
72014
76392
9057
19265
52053
35117
3454
70274
31203
74956
56264
61641
39498
45620
44489
86153
90671
8923
7284
95141
43627
96383
42241
46002
5491
97826
1759
8738
51026
90234
39809
77616
22074
27496
38783
64902
32782
58694
26639
62073
57652
89086
55495
83494
53205
14360
12833
63137
7446
80571
53707
67248
2827
66824
94889
2281
83746
55021
83929
21972
51698
50761
15582
92184
83500
87045
13000
66416
24331
98913
6822
98756
99488
58532
70985
5996
68914
10835
80296
40569
30684
84080
14979
98125
78045
87040
49610
76192
78268
61253
4752
72069
90086
48254
38578
45702
45333
69024
94708
97308
85538
32384
38284
74846
53730
53388
97233
94206
54654
54058
68975
76452
45063
39683
4459
31913
40772
58678
73579
89948
27497
16413
25983
84673
85341
55658
44540
60260
61362
58749
94134
41829
68722
85452
69892
83057
31714
26663
23938
48862
28855
37046
18043
68432
76767
21704
70195
45661
23482
74870
55474
50298
91251
82054
95171
25024
21578
96706
4780
30209
96561
93560
53694
26638
31534
57052
15889
17715
66059
55976
82537
99638
27343
57740
13291
41119
65316
6002
89745
27887
29373
92310
59345
13289
97808
47345
73477
64875
49347
67971
25500
21922
48946
59712
73915
6624
10946
540
59991
68868
7947
12704
78951
53901
75908
65768
98563
95154
48201
43634
23231
73396
36243
62192
33243
52247
74692
81211
21831
61446
53146
64774
50062
14834
92273
73412
77673
47499
72537
29296
47272
40143
48299
98644
41150
15238
64064
84764
94589
42192
10775
70159
35371
77938
63692
42296
48090
73920
24324
37970
83879
64713
43724
95434
60417
88448
93305
51192
96401
96918
90446
24177
68551
73710
44548
78780
36879
6512
80892
97260
72378
79971
18835
58047
85343
43582
10069
10011
76750
14772
97058
85737
91663
88752
45472
29507
73631
68001
92807
13081
78260
88297
95601
21924
78967
59124
90127
91944
38686
87596
51284
55153
97536
99552
20115
294
2106
57305
38340
3652
75955
44947
85345
12786
21382
6799
50434
79013
2352
70491
74835
17195
77419
8274
55848
85093
4852
38508
37344
33435
7273
10059
64488
18697
29938
64397
58871
36170
30227
96012
44415
37049
53180
3582
13417
99007
11051
61162
31408
95237
71138
46139
69459
33834
97674
50929
25314
44082
44306
83129
29974
8305
98661
72156
81377
64606
89793
45331
21886
55014
89440
39463
91618
6471
88261
40163
26114
5890
78598
74361
96204
45461
85739
51426
30403
4744
27534
77017
88051
35282
35060
96625
92080
6322
36222
71423
33342
55471
45206
65243
6991
10138
27296
6392
72913
94577
71472
66157
81854
74692
78841
75448
17332
8594
19095
57604
66329
61027
14787
12694
9943
68957
18303
58778
32518
4384
27135
51076
4554
83340
23958
20820
27131
21396
29995
90648
92265
5681
70245
32406
93736
7624
92415
99286
29862
18939
32665
72706
8712
58687
30275
49863
23163
29169
28158
51314
51428
38848
5909
94365
16408
93572
82227
18979
39492
29353
63893
58301
46655
65236
87206
2485
69431
45723
89592
43424
65837
19480
93526
72869
82084
65245
77689
15675
51722
46958
53556
80621
67362
21778
55763
1165
41505
97000
99437
91061
46320
49122
66063
97872
40904
33271
16600
16281
91086
4506
48411
31817
4199
5850
71005
93065
4255
5760
53215
59317
33294
27410
17527
80327
30604
61779
27893
27785
11190
96010
7993
4621
14331
57169
16508
585
78647
83699
81998
90202
70691
3135
22538
17508
2553
67620
53354
44122
98499
74067
45568
65269
15203
98386
33449
72219
31464
61523
69624
24267
42227
61219
26143
32047
56185
37471
13666
99629
98723
36984
66758
46685
6516
29749
4767
21301
86253
21678
59944
9962
92510
49218
2494
65202
51609
83322
34874
47880
94230
59970
18736
83590
4150
20051
82541
34202
66030
96815
31034
39023
35878
86729
15375
99162
78026
242
43760
3805
16786
52511
86331
61880
18517
13626
91864
64996
49355
23929
15688
10623
74850
8896
5139
52622
2197
90602
33358
55301
43519
99783
22250
93230
50417
73130
63272
5097
73525
82195
36823
45776
35586
56093
5799
89576
53001
29750
56802
75187
18157
58784
41505
80457
1176
15357
97369
7024
49550
9242
98964
99050
73457
2901
70811
42061
3094
71195
48597
86618
39571
14264
32593
13748
42122
71124
20433
40332
62712
92567
54323
9105
39764
90466
7895
88212
28898
73655
63919
67849
12135
67367
95275
36753
53406
36388
41247
20789
48194
60589
17635
97840
8551
56140
53217
96929
48043
27308
70598
28092
49865
79820
26459
62167
61466
42731
34397
14994
43357
38229
95952
61186
41784
94016
65447
17881
64700
75271
29194
33286
51872
49131
32642
46791
83901
32854
34799
51554
27844
37374
47885
39490
68401
55618
58635
85840
18777
76720
18546
47089
22468
58078
49487
45415
89426
37023
20341
89487
92240
26726
97423
75065
5262
22439
43108
89834
49825
20859
81256
94709
44307
99929
71295
72504
77348
93838
57580
66359
58331
41419
64531
2057
39335
31148
82609
13238
70332
32734
30001
97260
24173
65554
11914
10813
3902
95384
78299
33327
28744
42623
39052
8234
34871
91363
41850
44485
15666
75244
19217
26603
25998
39981
81263
8471
20782
62413
90237
52209
44912
2165
82418
64352
59996
99166
47293
73338
66643
61818
70858
95802
12811
29210
45841
79002
60867
59028
33089
81239
21900
164
85552
25467
74815
90258
32769
15423
92420
12506
16541
3986
82726
69355
62352
23780
62046
37934
35231
94204
89328
2448
46787
48959
632
44745
4841
47688
36333
62386
8594
95100
18773
77352
9098
65708
59220
60837
1013
6233
26227
15723
75451
99107
26367
58982
74553
28957
95214
61606
93984
22591
85744
22895
21538
46079
85819
14232
14935
9827
93900
16190
4689
83803
29154
244
30111
63284
16189
22633
30715
70929
32105
58393
52836
12926
22702
71519
58691
72790
60225
59287
24245
56804
55937
73601
36321
20795
9024
47929
44273
58427
98279
37589
95629
58116
38739
20725
14752
29701
18903
72972
93098
37829
17550
13926
11221
93004
76242
12572
65284
42050
12591
70033
53936
52059
60836
29501
53402
26202
63079
44711
8059
39752
40588
17244
14101
34713
62381
52504
47799
44877
37982
56240
10541
12808
49088
96939
70809
58611
64524
35784
17077
76376
5244
76303
99529
42737
45200
85678
15795
2053
82712
94897
32090
47938
4684
94546
90404
45324
81329
7705
43336
62673
35206
62135
52127
24121
73404
83364
52073
48352
28701
44772
89258
33646
18859
99523
36781
756
27121
66390
83192
45938
16987
35765
86407
925
40126
29857
96088
75713
46694
33454
33534
37091
44813
82418
29505
49850
64884
40233
14511
45703
74608
92509
7352
87766
86736
29858
96787
67380
70180
45011
47936
4966
86831
98288
67234
28827
74807
77224
19799
66056
26271
23721
93161
96452
4828
42866
17566
99110
44010
41745
74857
56318
98648
97797
20752
53195
46109
54844
97352
53655
45963
14763
95145
81290
27628
27368
24997
35431
90766
57953
27427
4415
91166
49225
41051
92773
55040
87022
54771
15929
5862
51578
2328
73479
49373
96430
81745
57121
55512
96280
772
1118
91159
78210
45286
46810
82248
20120
74335
36024
20641
1405
57308
64535
65739
23149
6918
1709
24734
58259
50596
3979
98904
15981
18935
7022
58619
8562
2534
68759
65004
62953
6846
57698
88467
1053
46483
47163
6531
52325
58340
98498
14049
24257
62346
68993
48301
17844
38730
8341
42362
99889
94254
60926
73168
60925
9100
28587
46384
19722
47735
16660
10891
17264
93586
28389
54810
94487
96446
80045
91680
65135
49385
34824
13023
27253
51224
47465
33222
99126
30067
79601
17222
86862
233
26706
48197
41191
47630
81886
12140
34184
73494
10926
45500
60190
9440
1430
43973
23438
5905
18083
61830
97233
65347
50752
63483
37401
80401
87780
47845
86221
45929
59461
85350
54681
5091
18050
72370
65731
71069
3077
41901
25032
5333
30634
29801
86508
80280
86045
95038
17939
14943
55527
87453
30181
91816
25452
76665
93611
69485
45109
86431
18320
14931
86737
1336
12976
72362
32206
32478
70443
10718
89354
98957
98293
51870
36214
215
77400
70380
45173
11181
20769
59970
45611
36948
72128
3106
5905
11973
2586
31619
61672
89840
46548
67185
57606
2804
65262
33574
38444
89840
37685
29783
97635
86310
79462
28376
67169
87486
79719
44426
17522
97416
40126
91372
38573
45744
96546
19893
26808
94281
48551
71270
32876
36963
72929
49065
86486
83808
94985
85008
90138
46331
22593
87017
21621
10426
97114
4123
64308
13780
27369
14142
63931
19877
17924
48370
12497
90768
46884
5836
86933
79934
26606
36332
82640
60269
34650
7351
70934
64471
6561
30165
10152
76368
30845
30474
38662
60248
39997
79979
82781
98549
90696
61066
96624
50094
20441
25736
6134
29259
94861
57560
13244
41221
48029
22589
87454
66797
96542
52417
28827
7137
75224
75855
55765
78488
37563
28317
25443
77450
70059
94845
40062
12378
72411
40702
398
77062
8774
66529
62515
50799
66449
23842
61459
27125
13095
97622
58787
91629
12737
43945
11657
6655
3534
18027
82524
60744
98910
90469
38723
53777
90994
62239
73824
51172
4716
63721
94321
3816
33355
4974
74017
83336
1325
6626
44131
67271
86514
76831
1502
99493
78892
97220
97898
30080
1120
6082
64720
35938
62808
70005
25454
98406
86559
93735
58112
31348
56510
37815
58754
97807
79415
84339
19374
58052
96076
6492
61387
64366
4662
53701
68680
64372
79575
22160
71585
53801
68314
17732
62391
6942
17319
14432
35934
38209
69096
50847
76842
39613
4524
16515
15024
76275
76777
12027
25082
84922
7301
21750
656
6434
24852
35672
96079
59565
34985
24532
53927
33825
85596
94431
54745
98973
6169
65550
9638
43043
38991
83345
73664
58321
46353
95536
92137
5592
33804
48276
2205
93069
98365
55019
4418
11319
66002
91903
60828
48922
33418
47965
23801
59226
44060
90299
29813
56826
80119
73417
78312
21509
49365
93762
84557
99716
38910
22621
95133
82943
31180
29510
57014
90915
48891
62189
13876
67727
80884
52681
92706
16924
68430
63672
83809
81515
37322
67350
2935
70030
10447
13980
32563
68296
81601
41924
23871
38896
51824
20453
99578
19790
51266
89475
3827
49949
52642
94102
88250
25765
1455
2341
41603
23811
75589
94057
90540
85675
57971
3287
53868
79101
4795
92633
71375
23415
45350
50778
97812
44866
54441
37645
37397
76783
53043
37584
38566
94359
63553
65663
33061
1128
66299
78310
82374
35736
99293
85383
44611
36634
16724
32594
56084
79028
5656
78758
43019
71592
15396
95087
42997
81984
55178
71596
19461
43559
67124
54450
92801
19728
15212
74746
3749
35744
81059
91985
88358
82383
81233
59465
98782
87367
70607
13526
75704
31264
44041
88922
68165
65129
95403
60720
34481
58985
21627
58749
5278
54278
45279
57739
98016
83908
10195
14610
15417
93891
1468
47045
47717
44823
53652
99824
81843
17016
14974
45965
17521
82819
2134
62927
63715
50826
3685
59671
25898
29138
30636
16970
87944
60124
28194
16506
59064
45471
31254
59296
37855
34884
53598
2778
80367
23716
22257
78861
47858
87826
43939
16279
63720
66568
30772
66733
59780
46594
90234
39419
26356
36022
60415
25463
77229
5926
18196
91450
23315
39073
44043
25482
89816
50437
18702
5417
89269
8838
90601
14109
25445
25378
42124
69453
22698
15448
83767
51228
36660
78888
76470
85705
29082
91616
16882
53749
44565
59397
55495
42257
46506
51526
12740
99597
40775
38776
6169
84158
91101
71430
88474
18790
70330
66906
59200
71907
6733
60503
8952
99270
74616
70821
62826
13390
3897
61215
62708
12099
76658
91178
75438
16930
36820
53531
69052
55159
61381
94787
33000
84675
77296
45783
80362
33982
24877
79866
82128
61784
68232
98576
44832
760
65905
45690
91424
10238
59442
26362
24800
65052
85265
85613
63441
83604
94573
9723
6605
54411
80958
80992
15553
6684
31517
70298
39131
60434
63373
28536
13750
82938
21996
40691
8457
92582
4196
36964
26856
2726
6901
71824
27666
31556
77233
25232
18816
38940
91215
83014
48588
50306
33337
51834
16786
71123
59555
98221
84421
76694
67161
81762
8475
30380
29358
13999
71448
26880
95951
4510
18421
96335
26019
37497
18181
31771
80000
30481
2422
4980
82933
97861
52419
21086
26572
63274
16238
34326
80968
12646
20814
35019
63620
47496
238
88532
73422
53954
31668
687
28625
42299
35117
81041
20116
8660
23011
15800
61118
57791
69309
40074
90220
27582
56699
49230
13655
24740
4239
94356
23368
58607
64949
12850
9801
40020
91074
44207
26731
99523
74979
89850
45258
20078
3886
90803
86226
90038
57196
55049
49446
49789
72394
45129
1815
22622
73001
69208
89307
80336
66209
56682
54879
75012
76120
54512
48233
71731
17182
44072
57162
97711
61090
52210
94570
82311
85918
17898
46645
55175
43232
6833
52741
72190
19545
31175
42858
66157
47648
39619
63827
98721
56669
6558
82950
93509
52182
45871
5579
21739
66628
77579
64989
50938
37557
77739
95004
34620
95040
20622
7759
31604
82106
58045
51421
79979
64090
61046
62241
42059
95463
11901
50591
32427
71743
67800
24899
81693
33762
33547
45403
62622
47636
44234
19998
3470
10069
19993
41124
71216
13358
40398
96287
61326
29027
48189
33829
58857
63137
79459
87661
4940
76006
87558
34780
30838
18838
49908
98052
78564
17812
52413
95017
55510
2027
46517
31215
68038
39923
54647
73576
57954
87083
1378
2959
98880
561
5602
78577
42359
66316
33736
79203
27118
80955
17717
29708
94119
4260
92195
83570
62256
94443
24481
95494
77169
84045
81263
31183
77812
54265
40097
89666
88857
72685
59999
17747
3428
94592
38245
89069
57481
74381
8765
24975
88506
66154
44860
82279
70723
2915
61183
57815
81612
43749
3043
70766
79093
7122
72489
55384
67535
98190
86496
8766
96060
14933
35855
43698
61343
53054
86128
67136
21873
27985
27373
11721
10503
50396
43749
68145
16716
21077
45762
49447
46871
97195
40464
19209
13442
67163
76288
17139
83091
51669
62046
78080
22024
50465
88576
83771
55025
43985
29160
65739
2674
17778
29235
67755
93146
18933
88797
1895
73032
96353
35572
89334
78968
4760
1573
6996
19352
99927
58755
59207
84380
28003
52806
38567
15570
73027
30594
60746
2738
86504
84489
63822
60037
20372
47387
62405
76033
22067
25104
9111
67245
36836
81661
25075
66705
94120
31886
26624
78021
65084
37973
66237
74993
3848
44219
509
88035
71321
71649
59156
38261
62604
17255
50552
61709
49600
92623
16517
68004
39422
27403
59438
56929
48791
86401
85068
96646
22368
87706
8562
51313
15908
62004
44220
57740
49804
7924
99782
62885
93698
76596
76795
15095
54597
9548
91629
72356
14972
86094
4007
95
68206
88191
65933
37236
37305
27304
45383
77227
41089
97579
39626
5034
6285
80596
52768
21389
9246
39618
7611
45093
91997
24536
72514
57372
33650
46398
99879
83196
47379
12137
70695
95661
58193
61345
30374
56316
52648
69560
62748
48336
4983
59274
84398
91160
97334
22842
75250
15088
7289
10419
22836
69509
90983
14633
3394
52998
93276
54951
63080
42404
3036
44237
81705
73291
77321
17003
33800
59107
77883
58952
11406
24751
83063
70604
90184
12258
717
67560
78841
38766
80442
88269
71116
78314
37341
12620
14230
90977
32007
38199
90588
51651
93287
84437
79943
50901
80907
38972
71793
20171
30972
61704
12910
36521
71843
58553
43353
29647
96324
69657
44051
65664
1653
90162
80529
55604
9577
16848
30977
39494
18585
37452
9829
5784
78337
16117
44749
97021
45017
36947
43712
44200
69400
37114
7149
20961
73821
29658
65626
36158
92554
68444
50387
31020
23331
56399
15648
1805
51358
45568
49327
48172
53908
45628
64538
23573
68272
54012
91069
46835
45526
79587
40307
35914
7060
14263
21173
31216
34492
83778
93766
1646
96227
39107
17703
56711
12010
82506
9797
74049
60022
79940
10119
68743
82404
52697
78121
17699
34484
98987
75758
75016
36847
20657
79372
4442
11030
97607
1035
87140
12263
83872
85190
1144
80150
58513
82612
4913
74226
30336
10440
70232
2821
62886
1457
16571
31803
19667
18837
38278
72758
96410
42659
17906
83204
13238
45580
26098
92411
86701
1905
98781
22984
96231
19147
27477
37202
2444
24452
72838
31090
46049
91289
7678
83869
9455
23517
23298
75553
12707
69849
21915
18575
22901
59794
16261
28265
51256
46199
14716
44642
24445
77244
69862
39861
54042
91614
44752
67669
93992
84931
39776
39730
51925
35594
70076
75422
32457
3421
58694
36474
86363
16815
3834
42764
94112
12748
25463
32394
95516
48850
68660
54232
64177
87269
37591
40041
18008
53604
21192
58974
85384
69627
73401
75169
57699
85405
10763
66214
79592
68775
77204
396
37502
21024
67383
12665
44118
93928
29619
43201
48540
93441
45166
72848
48945
12022
87772
42145
44041
49709
20903
49642
69532
24605
79468
14607
92152
81732
60010
40357
64804
30907
90516
37545
72909
59336
83658
71218
21328
17466
36667
79559
86947
46489
15465
22992
29348
27043
54559
99884
3092
31615
71808
16598
64032
68288
38153
72960
20613
84959
51722
82371
69833
5817
29451
33992
68478
17597
54908
82057
43873
56
97362
37612
96003
67247
18568
21821
91026
33925
10525
4739
38820
43480
55874
97615
8926
19596
74761
75907
29518
98703
15860
22841
62874
58806
13178
26074
63477
54065
16877
35999
92385
42350
20814
80575
65570
40128
7526
10426
24031
26275
21510
57097
97397
38102
51408
54111
73363
72988
66756
69244
24788
70992
95124
42862
51583
29454
19060
38693
27120
66920
1237
72930
72828
70330
34379
41280
20964
12791
56205
51645
93064
52847
32551
93866
18574
61051
95038
52434
63124
18400
27450
64845
84425
49062
99162
58035
70921
15127
22427
46069
97151
64131
15022
29841
43747
54275
2821
10727
25419
67078
88450
43705
33087
51077
43143
47664
1797
94864
63461
15076
31441
21350
66399
42898
55214
64220
73988
58172
41641
99331
36232
79958
53542
87209
88669
18768
91572
99273
67256
68957
87436
88725
11216
87772
76170
77654
64343
88975
6838
96604
54162
63213
40010
93575
34951
20264
65512
28110
84850
48476
92035
55605
41328
41502
27095
8132
49274
22302
31986
69848
80441
35324
88834
27047
77345
90452
2509
35654
92549
8750
26522
15318
18325
64858
57213
20771
6329
31577
94912
52585
79209
49435
53832
75328
33352
73722
92060
89989
31220
87838
75251
88205
65623
92656
45743
56383
94104
38851
26657
42519
11184
9467
81278
47180
64230
33241
72531
90291
21357
71543
74461
57481
32789
28039
84065
78321
72465
67446
65789
12541
82027
11024
53277
9228
47123
36424
99982
50889
77634
92008
76294
648
65075
73585
6335
23559
42819
30886
74509
78171
43998
56061
55107
31070
7095
1107
27307
50001
595
51929
13234
55723
69633
11954
5203
71553
57570
14012
59404
71777
1772
84499
8855
39266
77710
86830
42584
20749
72508
45595
70042
60344
83850
60980
45119
29911
39942
93282
28830
39103
19012
9046
26772
82091
39975
68777
12062
45077
21396
28459
24229
6295
67242
3910
74509
54065
50414
5539
68196
59269
79189
14813
78312
7775
95541
47907
98827
67303
63169
13638
99252
17357
49323
77548
52304
81877
55358
94159
63226
48249
44696
31324
19495
25807
86560
22418
2081
98694
84484
29951
84965
45971
98708
31067
30888
56520
61831
22904
81919
73182
74868
96766
58700
50366
17223
56229
46485
12988
95408
8212
80976
3455
46375
3703
73439
74087
13558
41265
17891
53053
31885
48793
81562
87770
80287
66903
27895
82034
34158
44788
62105
45850
99998
45531
89213
67405
98106
663
20290
1331
53220
58510
57862
64150
75891
50305
44368
13472
89620
40299
83822
81434
40527
30733
42427
38254
71250
22625
43789
6382
79829
35327
58758
25299
49380
95135
96462
59171
45752
92781
8092
86630
21940
54280
86431
5238
97098
21743
36995
7446
28959
51147
92074
76983
80701
71653
26072
73392
66431
92123
49285
39518
94238
5413
5866
87304
10484
45235
30205
68996
29009
37242
2156
48225
38791
23152
3590
30998
43318
8145
751
80237
70323
29930
55858
57193
74524
13807
80187
38644
72198
19135
88538
98385
6281
49987
65667
49994
69155
75676
10054
5639
28621
26997
67040
97120
43624
87875
34934
42172
82146
77386
14928
88323
7479
1321
62904
22673
58009
96384
62072
27331
27736
49454
88881
56848
58509
20375
62750
10509
90744
6051
98426
65063
21538
35462
2278
86871
63243
18098
90046
70023
57526
10562
12862
57049
75998
81660
70833
3293
10570
31574
57322
10958
60164
61532
1988
37043
51947
72151
80270
44570
70965
62851
17265
39811
22645
16438
40756
73555
94905
46849
41350
25727
11397
27033
4867
58657
72226
38346
84190
92984
34181
84436
49098
10057
7052
87125
75310
62040
15732
47313
37793
12968
2883
38980
36860
67292
61334
75661
46839
54250
43412
26166
12987
21951
42092
5255
42467
82819
32812
17525
73862
62183
31426
70693
21325
24761
93700
81395
23700
22783
70622
5075
86252
96554
8223
80512
34415
95414
2593
4369
43641
34117
39118
78500
78040
29791
36252
53464
62317
61839
96948
63134
72037
69410
65576
51904
55479
18512
41516
73746
88617
582
83737
37522
36954
30475
39551
2393
8801
1076
85976
84130
76902
70170
88310
69633
55413
30998
24778
91543
32357
37744
75001
23050
90809
57981
7713
33929
41007
99741
34798
51215
62338
85083
78019
86844
1068
96960
93970
87949
1707
77446
80494
69496
86169
58076
21071
59764
17620
29827
45523
32872
88736
78155
60160
50758
67450
58107
47951
1422
29001
14364
39408
75618
65899
30249
63596
19866
91965
73493
48367
3781
93428
61333
22756
7397
66096
64153
18232
89038
59525
66276
92419
28410
15749
11856
75171
80484
7959
38206
40914
92473
901
85009
6878
4214
53654
89094
34708
33406
21115
90071
70781
55770
14663
92517
95282
52152
42676
61487
23546
45555
91427
38547
28940
10503
32040
34179
40355
67057
5749
1080
4231
19020
10467
70462
14873
67851
81161
55515
64078
62979
79647
36843
82761
13348
6081
41685
57806
6640
70234
18907
14714
74915
77203
88365
24762
44187
58550
71224
53460
80132
70569
24624
36849
46358
42321
10487
54276
67417
25501
29544
95317
23063
16780
77913
47811
9189
63837
50683
20893
23319
45083
90340
92679
84963
1531
67699
68298
25572
80058
63683
71295
75111
75256
22092
13277
81784
83477
62481
26381
36645
78039
74799
11975
78888
3531
35931
4787
15354
2031
221
47406
65792
71615
66727
43143
52196
65194
41907
25527
28347
10112
51463
59287
96050
19472
66205
32132
36796
9220
19400
3201
78571
55701
27121
50781
38053
5285
11547
95678
20305
14226
91199
46029
24689
43581
39615
18547
18648
94632
10301
92007
21119
25175
76483
30413
7222
38420
31272
89237
5310
36646
72172
73074
10711
31891
29076
48900
53577
28033
5293
40048
54340
46809
7401
59007
15463
3397
94101
1330
33600
55160
64392
74685
21848
85368
50943
91423
7897
49244
26926
23036
90096
6627
18882
55061
474
1622
67533
37114
71783
68192
68852
48848
32944
11541
42524
93789
93746
42285
2994
38167
49161
2219
92393
38552
28639
54721
99817
767
99583
69510
77095
42759
46293
94727
45293
54297
61249
27243
61152
84714
7394
72942
51423
28329
81571
81028
36150
20429
18630
93017
81072
4421
2757
9758
3048
74385
59188
58499
75988
85560
60243
76817
8618
78210
25868
2221
73383
6206
86614
67626
40345
36154
67067
62056
4181
15927
42018
15836
75544
50178
8896
42987
79433
85232
62296
50351
88335
64768
99881
8894
91429
18713
9166
34661
36543
50040
97923
32293
71637
71781
15238
14055
48707
30955
82127
2006
31868
38129
25115
79729
57599
40127
85072
79813
62108
29708
42835
69051
1802
95417
68116
62192
15773
94863
46939
8224
43912
49347
92424
76977
27317
46465
49930
23746
77051
66043
30983
54026
64870
19667
92280
73576
76991
60662
75986
58671
88373
71466
33114
75352
66697
87911
60046
80831
75896
24583
73588
44909
69360
35596
42564
72177
30912
3509
30330
31840
93099
52734
26890
72841
24084
90118
17841
93102
72714
37810
58692
35177
46040
5651
46416
70837
13232
90129
74520
12630
89248
37575
49683
48010
30284
5237
66309
82028
56943
59281
53645
19254
5463
40503
38554
3903
10526
68198
66397
23356
41473
43530
23227
16300
6956
84577
9021
562
6451
60699
43879
2032
49887
63171
36973
61404
97869
74838
41575
63631
34984
19635
35864
39210
31280
93110
30578
57740
46253
7885
71447
9365
17857
78542
37667
14290
65367
21112
96395
62446
63225
58205
7857
59297
94584
32369
39723
56290
72974
24042
71084
22993
90983
74931
35125
51179
39249
31425
72881
66666
45216
25175
14978
33694
80656
25408
55527
22676
81891
16166
35868
46478
9717
71591
15711
80050
68170
84069
5980
90362
26961
6474
58421
18233
88925
58693
98335
2447
44913
42769
41244
90194
37268
93385
25759
79588
19549
50590
86975
36884
41499
43709
42537
45823
43362
78831
95570
72565
54191
70946
14713
74690
59963
1264
82462
1657
92107
14140
27861
5440
71543
11613
82475
250
96078
13434
53410
43851
51195
23184
54406
91928
86947
5886
70657
78863
19527
82637
49654
46951
58193
38975
59451
53034
7410
5041
98580
53624
24028
98544
19089
98655
79619
36654
28007
5052
84065
5784
42747
75361
68504
16957
17424
62613
67314
65267
97347
52648
40422
79322
25670
32163
46098
19641
23686
28910
80668
60789
58583
24399
18831
88929
54409
83869
25492
70862
10113
82830
88322
12573
99764
31872
1361
56516
13048
57404
47521
83210
36583
89854
25387
57123
97661
28407
27915
9685
62011
1217
42512
33867
33593
42465
5725
44716
50314
1569
67042
8607
77736
79227
22685
83375
71951
43806
29660
24390
42931
47838
76627
68962
38601
41632
9053
41178
66450
52034
19050
39547
90109
47172
50282
89245
99203
12200
27745
978
4892
74868
74167
20285
28156
7510
57912
92419
63342
14624
95859
25673
32644
32640
51992
50308
20763
14015
11495
61645
38081
78546
10249
27049
26948
32037
38402
49076
47490
67854
69710
9334
17071
59580
69548
42295
13816
17268
86498
10234
55017
6473
97259
28774
39908
34295
70967
44435
95161
81045
64528
57920
83152
11470
97482
34004
19987
15048
58423
12629
72216
11702
69170
56199
33711
3894
89271
74949
99452
85412
55244
23711
92771
39422
87681
7640
66588
86792
16875
76062
78195
13844
26023
90114
78890
29243
48232
21006
41794
1106
58215
96067
38399
3862
2614
61648
93747
67266
62525
2722
19982
92044
56014
59923
68494
17492
20757
21346
89170
37923
29312
52740
57430
84129
4931
68788
77787
80187
65946
58276
4336
24779
19787
20873
24543
66069
82671
90121
20835
18719
85049
36615
77916
98103
57780
38836
43975
30396
33808
30483
4527
13620
53489
11494
85754
40612
19574
64370
24574
16431
53100
42002
98147
6975
58467
68278
31545
96138
26099
80185
50634
73228
72613
39585
33556
84015
55622
81262
14255
47073
45649
20438
92951
53807
91771
56635
27955
62748
60803
98403
89825
99102
14521
5629
38539
77623
40414
19275
88498
42019
42372
12148
9330
17716
58748
88879
83859
33220
70480
49931
19185
38541
87046
41418
5804
965
56099
87871
56272
33505
52968
45493
15642
40755
90190
96223
31419
86094
88460
27238
868
94703
16025
53929
31780
40627
87047
30189
93066
17740
97683
58331
21126
4181
34415
10180
44013
71652
63972
23894
76084
62403
67763
25327
36084
60834
88908
98250
86607
1627
65785
21279
80555
93180
33462
80055
60431
34482
20910
40793
84093
20390
63255
56788
63624
32606
70472
28946
60269
48883
81117
96524
25245
61959
79503
53485
36538
86777
42332
5710
19967
62321
74304
38158
64050
28707
60086
90544
66723
33904
38992
9593
65485
57720
24417
9073
32143
40146
4870
37106
73286
28757
43958
39363
30755
68766
46987
32148
84018
62220
25899
30987
75876
19227
63511
39319
35416
3163
19460
56750
77923
20815
447
15559
75753
49599
29796
11589
55060
90378
23632
70578
10222
82803
70035
12951
81123
23737
62070
87668
8504
60348
82713
19762
75533
87178
273
33533
19519
65484
17373
62534
66781
85422
90671
11316
42947
96803
11967
60227
23557
89252
22129
52094
85573
29233
93421
48756
82400
80462
86206
14030
86332
76744
55214
82505
1050
23952
11794
77536
25820
285
29189
35820
56946
86526
76720
96600
65042
9828
62243
78408
70527
92699
69332
20868
3177
63681
20435
30905
49657
85645
60376
13799
62379
52889
51696
50890
49200
