56764
72312
99232
81646
90565
72152
91110
25525
5045
17612
98950
80809
84553
54814
42904
43212
48477
5061
2736
95866
33219
42686
15423
46013
20465
95709
47669
49535
57595
2991
9784
91698
33658
62456
94535
34032
29577
77972
26766
77392
15310
83910
21141
46204
83693
3694
54702
40303
91227
1320
55348
96139
67288
65586
42935
860
28364
78897
43408
69917
40647
89427
76611
48697
35122
50909
89713
82458
72540
16076
52260
51120
3957
40958
95377
3160
36230
48591
24239
68869
90667
38011
67489
20145
15025
47931
87681
20172
17666
72723
96112
92224
50070
89075
11682
71126
83390
47798
40801
78567
47130
23988
74809
78377
59889
95116
71893
10714
77827
28367
69339
97629
38772
9067
72357
14992
6552
85439
49913
23059
12452
63379
84847
98892
9982
93231
4447
60983
26347
71408
67496
27509
9667
13825
24996
40517
87807
23224
22089
30570
57160
97443
75334
53674
32822
94891
96621
69147
42359
97598
85039
81173
70827
10106
21019
34424
75749
83919
39718
33627
51845
71454
94785
48566
55599
90418
11736
44543
46034
2842
78041
30633
15602
20188
98144
85150
32979
15963
23666
20163
6234
55481
47026
46623
5629
87618
6900
2800
23892
65955
5161
19909
14215
2661
94077
17476
53175
83082
23622
59069
91729
86099
81122
12812
99573
97598
44621
85813
65546
11846
45230
4890
89762
31093
82272
33748
67824
45770
4919
39675
67956
8035
71664
80061
32601
10825
97002
84409
42539
13906
65041
86049
52808
94021
41587
91966
9289
55479
921
28383
80042
23255
8558
46593
36033
27939
67664
56614
46328
59899
37918
70469
80738
72046
30197
10500
60073
18032
88049
34092
71417
89194
38972
92961
87816
97937
81210
75580
29884
60161
305
68767
91866
53036
37548
24494
1033
6551
77111
47080
15274
21905
68233
89228
5773
30936
71295
63328
47667
8371
85058
57477
74953
66637
62728
3905
20711
21849
71377
41377
12128
21124
22997
42878
77669
86327
93171
45102
87942
66629
97102
95224
97247
52142
81544
13019
21231
79843
95068
8808
35635
60001
16529
99788
66042
23570
58182
83287
31181
10565
85890
35315
32694
8027
91793
48745
65237
16320
94353
6732
22547
91548
65111
10504
86920
14931
15325
46636
10966
2931
34607
44170
95413
51889
39140
34261
55726
26134
78347
60683
91870
17776
20664
16488
50207
60742
21139
27722
57327
2149
39783
65196
4815
54811
87555
67044
259
54648
51018
72612
8870
27620
64463
67758
70180
47980
85318
68660
58045
60421
48424
1893
19011
29779
29664
45012
39032
61287
94360
28207
72379
32792
95151
58065
47284
41404
42584
84963
45571
80090
330
14399
20320
89713
47064
16920
38337
44931
53338
17286
52748
84708
42244
64440
80986
7947
56260
35956
58787
13530
49040
27272
28614
3388
48558
78179
8090
58157
95187
11551
1609
56280
80538
43404
1363
66287
36316
64357
85806
21938
16961
27078
51015
9510
33262
90880
54425
36438
50430
67048
650
84869
77625
31978
18358
4601
35855
18300
79666
67201
48622
72183
21338
13136
88749
30898
95422
60612
6329
79065
22671
14038
83296
91898
74553
27320
78882
71167
27876
69799
25583
30314
61542
10743
46046
1750
27114
26545
7049
11946
64639
982
62751
87019
66053
58148
21039
80460
55710
65544
90866
1310
28213
17403
40703
11659
32595
41836
31405
86933
54651
99516
79258
74826
23702
92307
49833
99421
26668
89955
36803
95232
46836
73295
66791
81420
33401
53495
63784
50301
10394
86890
86220
15607
82965
90530
95098
86913
87869
68037
29139
99442
43400
74804
22982
69914
77159
56804
43350
28166
82715
82148
75538
3160
33709
48234
25971
33503
19589
89699
17265
26069
94561
42764
79920
4013
47846
76890
11068
94488
30911
40318
72147
1912
38479
96393
28811
9485
79828
23987
16897
46939
14554
89547
44249
15332
47866
86417
76352
32600
91508
64106
75414
56795
66817
71619
27719
3309
13611
84682
74095
41873
20553
40736
83807
68685
39031
54593
45592
45795
6544
3457
54938
86308
91773
548
33316
84777
29990
80073
84560
96779
75223
86842
78034
70478
40202
87038
96335
87442
93597
50131
85222
41987
82989
9885
56431
66876
33597
15544
91794
14091
44598
48316
10383
35120
54768
29802
77497
6598
23211
56498
41258
86900
49796
1451
25398
26076
36998
94544
35291
95189
9593
73265
46833
92016
90844
54984
59393
10214
22856
60658
4647
94360
82612
49733
6512
47205
16454
93244
57494
97748
19474
42613
25592
84537
22220
90735
30066
82636
367
68850
14362
24372
45806
17454
1426
45168
9051
91816
60444
31034
10090
45042
91231
92115
24257
99549
45125
21543
89572
55815
10117
23935
32244
19488
98035
42416
56546
45778
36852
29048
50502
3675
70596
61567
56173
84580
92404
29225
51338
32672
80963
29121
81830
38957
56216
60372
75540
75230
74172
71974
38694
41724
4082
99671
42400
54323
64452
44797
59582
13195
69738
82174
673
50212
49259
89786
38434
5380
38517
59354
8947
88758
15004
21681
8570
33133
43326
22287
61891
43778
78669
23689
60876
87115
88512
90688
34040
95603
43826
77607
60654
7052
55835
82722
15836
9294
33565
10298
89364
25169
75308
39261
31896
98465
27497
91658
40899
8930
224
2074
6886
35157
7224
18435
25639
52185
65977
5656
85922
92002
73947
8234
12577
32376
86465
91219
36571
86407
92123
1575
40600
54870
38746
1706
15942
67667
47978
10346
78456
72455
34090
62575
69686
57415
5093
51560
84599
51510
51843
16590
75159
40716
59363
5264
18558
34333
23248
45103
88057
15969
75727
55686
90098
44326
20134
96457
64152
32007
85405
10316
29080
41293
23588
346
25402
16592
34949
75587
54298
47403
15155
46145
92977
6339
70632
27045
20564
43029
46066
62292
59534
94868
41635
81063
722
52774
52222
93905
52492
56215
38890
85112
98092
16912
29620
70957
99537
15516
58097
49385
45437
32853
16920
68812
53349
57868
70378
24232
28174
1176
87578
33509
57874
31749
4552
81789
64015
30877
89678
13542
41164
20076
64281
52648
84777
67412
31894
93390
53436
12724
23178
49231
72977
34030
6368
2864
92606
50767
91497
61369
19396
60560
66488
91774
69273
86641
20927
10371
12916
73727
95198
88356
64953
59237
85626
65624
6685
78098
28797
80950
95340
74576
47714
67627
33133
11362
80861
33923
7538
28631
77639
2262
31494
75993
28862
65999
24972
10570
84137
92235
90009
8162
19296
43018
51624
23861
38374
76566
63940
8970
16645
63960
11050
69319
23998
40349
19617
10075
83638
35026
62467
80934
9719
97401
45747
48593
80360
86478
73111
51555
16994
17403
37894
4772
35676
62006
53686
60480
87092
97941
1455
94678
92769
56597
44332
96965
6251
59720
16428
53893
79436
79999
18883
98716
75659
76708
33900
93741
76565
83049
5696
34903
91270
20193
55228
66705
47276
60526
79581
40122
89129
23849
23412
34372
52417
34883
63414
34160
19403
93319
89775
71998
20083
92965
29299
54497
90477
91399
75522
57352
38454
86307
42169
81764
93754
54078
65305
5973
45003
54179
5895
65818
28029
66899
55424
85861
65062
96823
95691
52749
2794
36955
96792
31187
73174
4232
3565
71122
83888
78559
25967
47893
12106
89185
62863
33597
59872
32299
62640
20887
40827
63598
71782
23753
13286
16635
75743
97733
26285
93385
49496
37769
4766
87721
20054
22991
42191
24087
88833
71656
62401
29546
48635
89442
27885
33467
23050
12722
88941
34324
82005
19036
55221
6969
28130
63930
59124
82459
36370
59002
93407
12371
25952
92598
32736
24393
49450
68945
89793
82007
48921
83122
32022
38794
79745
4039
32013
24492
58903
60677
85313
16859
91774
47392
20405
56444
91767
20133
65658
51578
85505
199
70315
94877
16991
92835
79336
59209
83524
52999
4561
21125
7855
73213
53283
60574
45931
14508
68348
64395
59477
98248
84822
55135
75255
5838
43599
35097
54173
75486
41961
11819
78334
3844
7485
7377
1729
67478
90714
77523
99712
70927
2273
68932
58644
3456
35412
35455
63224
85477
23513
49335
70767
54195
98691
91733
47386
49290
30457
94521
7140
30318
4772
75228
98664
85704
50819
84293
9606
40063
14406
20201
4374
3232
49146
68794
24050
84202
73481
64831
8664
55389
98278
80305
85840
81298
97097
71274
9308
50427
31324
76523
62645
35645
88848
42754
98396
17476
91492
51495
14764
75058
63722
33337
15603
51917
14593
84086
79228
91078
20843
93676
10439
34139
31806
25162
59098
58026
84161
54070
33588
45642
13882
50479
84742
88617
79317
78508
22828
98794
19775
98590
9620
37999
89351
96664
41581
66346
96478
10414
14024
25250
93380
33788
4465
63468
77588
31182
48584
21417
35140
48533
73158
87259
83625
87663
39381
77889
97044
65666
20532
29517
74982
95093
60702
73690
14686
98593
86995
76606
69695
57823
16838
16509
18475
98582
78294
29939
53363
79341
14295
70870
92630
81926
76434
38183
56826
82028
15018
16199
149
93350
3048
82756
50071
3969
38927
1908
71171
34578
52024
16338
76403
22573
62245
68773
14540
17818
5840
68138
38306
66329
68738
89871
68089
84854
1217
89912
33466
11784
79
9045
80143
93211
63095
74268
42512
57507
67552
94781
56992
88867
1910
76489
1416
26195
15672
53314
98081
29198
85381
16965
28139
14002
81071
93863
76041
41536
19223
22691
33611
25763
16642
42322
93760
60912
99811
15138
10436
23145
50968
72087
88117
49329
20530
58856
80987
65820
41365
96566
26268
98523
69348
14430
98845
82069
11964
31761
33985
2531
30769
24832
63169
93321
56082
47970
8899
97480
99407
99687
80982
43795
61951
15850
9435
23792
94196
95061
71278
40841
86144
43062
78251
92789
61707
718
81216
4732
82385
82309
12408
45532
95009
34913
56328
68850
52032
26615
22536
58350
4509
2289
69190
58166
66183
15416
70072
47204
71812
90716
41338
6863
46235
70210
96756
53837
61825
66997
13520
66470
67396
20376
422
50842
31726
4528
88393
8010
51616
12999
91986
3682
49848
84491
76732
37189
65524
21999
12010
71098
26743
65763
49606
90997
85216
64201
29295
14183
39045
84386
29345
6681
78253
45541
22213
83860
93264
60260
55470
66418
78117
64369
36559
47553
94091
96193
59705
68820
16447
45626
17882
25439
73045
20174
3208
78435
1155
98913
46063
92218
41489
20359
50873
33380
79201
72039
31257
20356
31458
34367
21001
54075
45305
87156
73765
24968
43375
71555
15080
65443
66824
1660
84880
52312
28540
1167
5642
92670
6514
43420
59076
46983
29096
52927
4101
84301
81113
81750
80326
9517
43439
804
75714
64763
78214
94649
5042
29549
3588
47199
46842
37321
25703
14054
17799
13026
3683
91812
61466
92239
14228
66567
74670
80180
67396
42772
745
23365
75572
62647
27030
45639
23319
86200
68793
57472
83386
55323
13083
91802
98029
15392
47563
65223
63786
27742
57077
62889
63342
14673
16118
2773
55797
23377
81239
16479
39603
32440
28797
51737
69174
82735
2653
73773
28507
85357
59228
66345
47827
96864
33084
33511
79270
57706
88070
51439
19002
43751
81262
66691
983
80072
77110
62207
16585
26420
65951
46843
16039
50220
50944
99732
5377
7580
72676
95307
55898
20646
45265
87316
35101
8277
19833
87162
43895
69205
77693
25894
42692
85746
46874
95786
2799
28005
60340
80546
63475
40823
27414
34026
6125
88455
76433
32161
81182
12815
2284
96713
80642
34383
6461
89789
86774
79313
27309
38944
71989
63285
12237
87247
52415
13073
9023
59491
69442
7165
48241
90754
73453
37619
7610
44389
26523
91002
11265
7480
70749
9640
36583
68863
76241
31961
4116
57614
21110
94062
87441
23342
44376
85604
58372
33873
80869
58928
77574
60574
52256
3394
84615
37097
30572
19660
53349
69696
25274
66077
12739
78243
15027
52061
17789
81756
64292
17825
51811
80996
8787
78312
96510
83798
35862
65241
6266
34606
63914
11581
90121
45023
32706
42731
57513
50903
52635
43292
77888
90541
29392
66945
38305
6297
95682
83201
67526
86332
20631
50902
76676
93585
93906
7254
34187
24498
93392
29279
46736
9534
84116
25097
99898
13292
60853
80767
7514
99496
46676
52140
48123
24163
28381
3583
24582
49953
89950
35951
48257
21408
44925
4919
34828
27689
60180
15473
26431
74071
42600
24719
96246
52575
34852
20891
52766
70468
24374
87761
41484
66153
52117
70120
92588
28633
65172
95186
69838
84174
17178
29396
76791
29891
11024
9896
3087
8888
78590
692
71615
31652
69505
2354
28238
68476
67544
67345
95842
19113
45747
17589
92984
79894
5706
57655
15829
2354
73512
48833
34535
80677
77339
16092
79219
80378
83056
22677
11859
44998
28999
98365
49516
38740
28470
37707
68372
58614
20962
50218
30289
7494
8080
218
18361
63076
43520
39453
52532
91312
86657
23041
23213
59381
43294
42952
22478
90646
82422
12607
89851
32690
55740
15062
68276
67784
79488
16223
41451
71228
64154
10370
94842
51512
44837
74799
42118
3588
93246
88609
31729
63465
12268
64180
4113
37548
7722
43614
18361
71304
84209
37283
3633
67865
41707
96669
39997
74675
32286
19695
73021
67273
15843
19122
509
99933
58996
36816
83226
35273
4548
66504
62480
19453
20059
15733
43181
96395
43856
19287
42594
72566
77848
16670
22665
81109
62098
54468
23046
18260
3196
82098
42955
44124
12391
15095
90380
8672
8725
83693
34711
47416
1011
27807
20615
21030
50331
46399
23347
33033
92133
29439
11734
4894
7887
84180
83010
31149
31036
8776
62791
76195
58160
54547
87993
86356
53583
50079
40519
48899
16599
58069
76881
68804
1931
26124
81152
60958
10119
4103
80438
63991
41608
69733
35870
50118
571
52229
11123
6668
18830
40435
38944
38821
98568
7490
61621
99999
27264
68897
90930
20083
77182
21235
58447
89302
17022
115
75802
89482
31843
4267
7831
60093
57262
21651
74700
91105
73531
71695
55954
58076
89148
32374
70610
1807
25009
41184
78166
95768
91457
36362
71276
41996
66642
45581
57936
33242
5812
78148
81377
86244
78283
54072
3456
10305
80760
69065
51030
95278
57608
40932
5215
32336
72838
16438
92287
49811
66518
98247
36876
38861
86074
4777
68062
64040
8067
24924
59782
35077
45947
92099
17977
66631
37952
57303
17870
71417
47035
41133
93286
14442
74197
27180
28938
26490
51026
5481
25272
37785
88442
36271
93662
81610
75818
88367
6848
72149
17349
7932
39709
75152
57404
78549
9807
93443
58361
55953
43974
60062
75204
48311
22010
24730
20425
9383
27553
52798
20447
8536
75369
64148
6722
10789
44889
39536
99695
8644
60715
89551
60003
12129
68134
75641
78421
75291
34802
39178
18103
30695
3488
35350
30172
1415
49044
20957
46761
96425
16121
26837
86442
18774
46457
48111
33468
96507
62999
78047
94543
26062
65223
3715
61813
61506
11065
40841
1730
31734
62987
8123
27146
48029
76992
83340
15615
87423
65859
43058
25206
853
29257
41256
15420
11852
28072
24606
83888
81071
17548
89251
50725
83979
9375
80764
92805
33006
31841
68589
16629
42044
22018
87383
73582
72050
18842
90696
5523
74506
31442
68109
10446
53647
52620
75322
3807
86762
58638
339
43187
65790
47147
40901
8600
44787
91953
3149
63879
34421
82936
50053
82360
31264
44053
86005
26955
15795
42112
54517
88595
64157
22569
32876
7731
86243
82930
16143
75695
85071
5943
51005
37752
68558
41042
30022
65772
20828
18753
52268
14271
35899
64028
56616
58043
86138
98027
3653
41281
1272
7497
62361
60901
17400
49568
92663
95480
19384
82247
73795
25805
7244
73994
65293
9420
25019
91960
6782
99000
9505
79205
71892
38991
61521
55165
43238
34488
82532
25689
31870
89348
25005
3830
5277
9473
9922
10697
68944
57135
14172
91149
14337
22343
79049
41329
61681
94268
30016
39891
72797
50796
8636
33188
86835
76513
68365
48919
1823
57221
72360
47702
74481
60681
77586
56353
92718
80240
25961
74425
2202
1758
49449
73266
91772
96635
54228
70754
96491
81716
36737
84477
64344
78988
14488
4393
21232
87908
33797
96574
38796
76086
69605
119
24136
73835
65704
53750
41558
57592
9995
63772
62329
79617
8923
28570
7696
56282
10907
91
41481
81612
68272
84885
69883
12199
97953
38348
6774
51946
96107
31178
9426
94505
81781
22031
94767
57602
94740
82188
40273
44802
25866
85157
1603
72230
83790
77940
97176
48141
95497
15012
81814
21685
80975
30050
94229
65992
93035
22887
1432
83530
20427
12028
70705
5277
42657
74855
94398
55609
42355
52095
32901
70760
21712
67532
27257
22980
48632
54921
86274
17910
60615
23855
65701
90831
79187
71109
16107
41502
98522
93663
93133
39218
33363
9046
77779
4750
25267
97293
74080
11277
46673
12581
85675
30914
94532
28833
55389
46180
92177
7730
36726
78002
63719
74359
71396
20543
9381
18468
49668
87470
57501
9385
51701
81139
27579
78606
94255
92883
782
67861
84383
98894
65592
63051
69250
70067
51136
74480
33331
49070
34601
6854
21892
17830
49874
13147
14321
85817
867
41716
29940
20749
88928
30520
366
88153
62481
17634
57273
65412
63051
34863
3004
94207
6743
4852
73904
10386
3565
97281
28863
9499
95351
22434
74841
15361
86331
83620
31832
47223
91910
47536
9042
25311
54706
99746
9272
64497
39371
4867
54624
58088
78585
88611
18471
57677
22744
61667
14928
38256
9477
78708
99429
70186
38416
96589
59739
12308
30236
35285
22348
75048
68901
50933
38730
65346
46692
28522
32901
94720
92885
61787
59057
14053
70809
38800
86213
70089
36777
97680
407
51108
11626
80387
92520
43846
11250
70825
28478
83317
67477
17784
35265
10917
86474
54687
91158
76610
5492
45338
69
80335
19277
24450
7375
17128
38814
19960
56849
83803
43784
41523
53786
74141
63792
22125
8097
31465
82861
11077
91767
59082
50956
17388
49338
78190
85748
18269
30095
25975
80117
60827
48852
16869
47415
17226
33901
15847
54086
27869
14668
73946
39006
86352
57833
5763
77238
58005
27611
55231
64773
9384
41082
70640
10194
36239
53714
67607
80697
22869
59888
23442
28678
39357
4749
38347
25937
86838
42873
79853
51618
33892
73591
29010
48893
77140
86374
39215
565
88325
72249
15395
20795
2729
94145
86519
12098
44544
34795
83461
79919
88370
7105
1695
92840
10745
34061
46709
796
56733
37605
90469
2174
57312
16560
43772
10544
51550
16391
88058
9461
20740
70241
30814
76889
94288
64459
83956
90114
69935
1643
68065
37724
34797
12300
23847
96873
85675
88687
38060
32064
15834
74030
79691
43674
92978
25200
15134
83223
83348
88780
94969
72921
57442
53539
22418
35827
97529
57614
14939
27884
4326
79408
14444
44116
96257
7402
61955
80744
23444
16860
16371
889
40170
24405
97784
25710
56290
48385
23211
98070
67878
53014
45747
9440
43428
26722
57898
26969
96391
28662
76212
14201
90807
32134
81513
9365
67374
5753
18596
76292
40986
60479
68341
33140
15973
70983
90899
41061
55046
78884
63228
89850
65044
36845
71006
39651
16497
72537
80513
93391
30018
72157
8970
14158
31274
70406
38926
63516
50362
56922
18809
78121
30439
21699
72040
85772
9686
53043
22333
21861
20599
89020
76873
68018
82155
4947
74839
93517
46503
59661
49152
47708
19558
9364
80782
33321
96936
95709
68773
45970
49884
59271
32601
59238
82001
9077
21945
82690
86024
4186
77937
61028
39538
68672
78302
85032
63081
60225
73039
95611
34798
20036
55181
96925
50318
19424
46141
45975
255
76827
85441
59117
58446
28832
66118
73947
96974
35990
19246
97232
81303
93010
90107
73247
48402
50249
42408
46795
97265
21145
92846
3359
29724
79363
80629
10800
13403
24479
64929
96086
38521
61881
55321
89307
57894
26842
70848
15765
57690
87514
167
20706
37302
40260
60438
829
39300
10630
98701
22674
26813
49327
96523
97263
95217
98118
67101
62016
6979
91663
13
98911
3395
26555
65501
19527
80416
82064
19840
15597
90966
53318
50083
55190
36088
49445
91805
65730
20022
18873
4138
96324
94603
14686
16778
75331
18215
89722
96352
65587
11920
83427
4187
55510
38818
19243
70264
53299
29455
77104
27714
84333
58423
80436
53931
58763
60619
58965
92241
48115
31346
93738
67058
90435
93388
21854
84825
38427
75676
33855
73247
95892
28047
31413
90101
44876
61579
88076
87880
69780
30405
79694
92349
86829
91164
11832
9208
48328
68688
13417
55822
2574
38515
96619
5883
83025
23564
66993
70684
43970
7680
5721
98705
48044
98260
33836
14809
28749
93535
49999
28592
68621
16109
61778
9537
56443
50226
97239
63990
47056
13970
17274
75885
55048
47618
65637
48349
53857
93795
56425
77621
11904
98752
86234
10488
21816
62447
17778
30049
49257
56259
37225
80067
93370
12255
87750
11090
41901
79997
119
20745
33994
22105
72323
72653
75944
31355
77232
30189
95327
51222
1233
85822
65343
61318
90891
1053
65114
63621
36760
94091
65987
88793
87640
39574
55942
84982
38877
24110
33685
67810
53575
27764
95453
59849
77624
9859
19787
92304
9227
56842
13209
37437
25499
98069
95345
21061
44026
77067
24074
23282
44160
75006
53685
93917
17558
42142
21542
50725
61283
80062
35781
94805
45929
19163
98755
82550
15577
89741
29446
92315
35876
79032
25199
43315
89284
38263
8001
3517
55305
66229
73267
51362
65621
39429
28198
92454
83235
13556
89011
36246
87309
90520
53195
88036
5227
82109
54639
62877
22569
34237
7842
76718
45459
75750
26807
73008
18301
53645
87204
52983
47860
60040
22817
74868
91190
24743
20675
41330
45871
37880
20628
40030
87133
30947
56645
44467
24237
39780
52791
56654
8168
9389
93766
88125
89636
91730
57095
42229
26578
44373
20295
48323
30556
1146
40276
56897
51044
37466
8786
99722
80508
95329
43820
79229
38109
54603
79284
85171
89698
30931
53712
23023
10599
11045
45052
35088
73236
56302
41856
99406
94279
57907
41821
6343
34606
4960
47322
66394
78033
60727
94100
6467
99638
10376
18574
42199
60533
50005
79305
51022
91886
77745
71312
61767
77580
62330
35435
34837
7118
81211
21640
12626
63644
2524
14061
8873
36252
38755
86531
167
4917
91291
45398
16978
98942
28954
14899
48536
20010
20196
46672
96182
12361
26834
33236
56341
13196
94200
45968
33906
6800
6018
42905
52164
81395
40511
89273
61591
7837
82398
42264
96855
2316
36591
72922
17079
26507
49737
59901
36331
22283
66318
25949
9058
25096
65307
53861
99757
70504
94767
47332
8248
61886
12364
35834
46862
86318
54883
16388
32272
90386
30474
95054
21449
81231
82783
66094
3550
89526
50994
9488
92019
69799
99841
13634
37825
1501
50825
19792
5369
2424
93599
43988
43655
62400
40478
33696
32454
84225
7674
77528
39575
77281
10309
36492
61383
82023
72310
60839
62560
52149
93485
78433
14727
20719
83377
74816
92859
61790
49969
74970
48994
77498
44520
32143
54359
28009
12124
80285
89224
9327
19791
76678
27097
36836
29994
68739
57383
43051
64703
57135
31345
17939
42441
30138
6778
4610
64086
38725
87011
7034
46128
3375
81855
50628
2675
4185
31915
59186
71869
58997
11885
27435
14118
88166
80291
46030
71670
93091
99535
47320
62270
75081
28406
38005
62208
91999
31179
56794
20621
37864
4551
2933
2625
74192
40490
58537
37959
80816
12263
40203
99330
90285
69777
78995
81236
90142
20015
27183
34019
83636
18684
28559
76724
63582
92388
36445
65341
96204
20840
15638
75558
13563
6750
50711
13811
33940
52098
19510
96655
76931
29930
53002
23285
16887
77923
19933
12798
89256
18239
60893
37289
96000
78151
97414
44772
35897
20520
81837
90300
75305
20658
57267
50893
87756
38938
73506
62223
47486
65537
88016
56536
17761
81174
23135
29455
77023
54235
84310
96628
23444
17117
75001
75180
79283
64752
45523
51727
78393
67406
73985
66746
7860
55840
81087
68709
756
10348
479
70266
54191
50235
73567
58881
80755
14054
75416
30118
63282
23204
79912
69642
73513
84775
46521
34181
94930
79403
9796
22215
66301
94685
42220
7589
3738
45449
1665
90459
55705
34745
16605
30931
45292
41181
75662
34682
38075
917
48033
17851
61694
87029
28587
51193
72923
8680
4415
23664
70771
69510
43434
81630
74438
99691
60448
47449
92008
62846
5327
50082
64534
65451
43146
22801
77240
55240
33937
67996
85372
49521
51967
64088
69448
17077
92776
10228
20232
82891
68080
51628
79336
574
32413
41662
7914
68510
1082
58545
25550
50543
95256
76407
66186
96327
64180
29967
53242
53324
60266
55267
99682
74877
74761
37648
20904
739
57757
96821
4639
58466
73725
65021
14786
86283
18913
1909
94502
24315
97055
55702
58896
63545
69171
57491
16369
29971
77115
2408
85322
44601
13975
65415
65687
6607
30147
56779
11951
27783
6907
7887
8318
82579
9005
52758
44465
82481
86158
18570
82244
25925
8981
73161
21418
61536
54699
48799
81334
89771
24282
68945
30757
45380
88193
85460
13019
88327
25538
47888
1839
63559
58372
12952
53536
75550
70064
96238
80997
43544
96948
55104
69184
6930
26765
28628
93397
74290
36591
92908
91766
64540
81168
35291
61898
72824
98856
40400
73530
52494
94121
52609
87958
1943
92216
87249
4958
76015
86846
14654
87984
81627
45230
91169
76263
89410
54431
10576
58840
67384
61929
68490
29523
90280
98051
46008
90895
58046
67938
84786
27833
73026
91131
81989
11814
7568
22243
39355
15064
82582
2821
79143
99488
74083
43033
91448
25885
38821
34384
30401
22678
68640
40045
70569
61307
40082
2062
79197
98805
33401
60041
6140
50116
77171
38354
89034
78186
41715
92585
46753
71046
67829
25742
27443
17777
46517
43999
32071
48932
36990
52160
67091
86528
80963
93012
28388
46625
86568
57933
35875
70018
44284
90942
99894
29659
37787
23261
68507
24985
75122
49612
1997
72859
54514
66460
64806
32528
30688
30863
88005
37841
93133
67346
51728
49447
16001
82290
69268
74958
79589
27764
16519
10724
89912
51686
3296
44025
13862
79477
45576
1206
39859
15800
49316
52379
17685
48418
87697
78032
92162
33432
2823
38013
31060
35507
81031
21863
57481
90085
9258
84475
92697
80832
48985
10343
36690
43869
89211
31017
59085
44401
97142
37416
55470
7766
6174
92732
59867
75245
41717
785
35268
57722
83731
82556
70831
79838
53139
37697
10368
24332
12397
76553
16789
81730
74161
83809
36100
24733
26467
11675
96151
69058
86788
94743
57449
97798
75298
1196
33622
54750
59499
95965
12448
49782
81687
73452
79474
38603
77256
55193
60584
20427
54828
38960
89194
50819
38568
23586
74250
71225
82321
22369
94942
39931
98329
69217
25244
74123
79765
97834
2411
6505
32310
13457
25137
96770
33078
18727
92782
3340
61301
39832
49133
52492
11431
85058
12379
13118
59959
67852
70562
71365
64605
14362
91011
26691
58188
67819
9918
29984
6478
96578
1187
63785
4212
81215
68769
97238
44468
66654
62375
36513
63872
41088
90313
817
71444
5436
45867
32496
11565
68218
47461
31503
13607
4519
2174
45192
24159
91656
362
91057
5829
30912
40860
46509
95979
11570
199
34774
62179
72274
17900
28217
83965
18666
67075
55567
72417
74235
76221
8235
47196
3317
80242
68028
21166
91695
362
70561
89886
38301
15595
33130
53311
19040
77273
76931
26969
89155
121
38757
19814
81631
24295
19941
92588
91937
88397
50232
68777
56416
14514
95452
4142
2814
26710
14165
84058
49303
93716
44165
64083
72025
22113
27151
24748
8834
1152
76277
80172
60736
71854
7917
64780
88086
28249
60252
73761
68668
23321
40776
38209
36439
8248
60643
96727
71469
87963
85185
60283
81662
76102
48858
87343
38478
85373
96546
55384
93933
36427
45384
34069
81646
22734
85311
89298
54539
73961
31661
84436
58512
19069
70950
76732
15229
60682
73102
87588
30128
23398
97400
89926
80729
94010
28144
44983
38604
58032
59007
98606
53684
27290
22113
82547
5224
95125
24797
18487
40825
33329
85998
16598
62773
60700
10549
29748
19629
44817
92553
14621
32365
25181
14052
15852
79561
55171
56673
63423
77481
11026
87802
90595
51804
72147
60899
1301
45074
91530
8491
15018
92969
88600
1419
12187
90624
93849
47699
72294
83246
63403
58780
18604
63900
29750
57050
23820
62158
85852
34698
70768
36628
49573
54776
15864
32279
48683
25809
15160
51562
46924
88545
41259
41560
94565
16179
94772
19964
20313
16323
67724
86737
70994
21739
756
4947
1144
91036
40127
30935
69749
22613
32561
97661
32612
50178
57152
92646
37394
24310
73307
48338
77093
60074
42968
10771
55693
82115
5057
35356
93290
61683
11193
84880
11010
83712
1642
18591
64730
87276
87713
61811
31724
55041
63904
87819
25585
73233
87658
10311
95096
38825
24104
95678
94414
93262
4962
62642
14672
94840
21822
5956
26016
12895
39613
5317
55342
27956
65354
44486
20983
67210
71524
78789
13803
52497
46865
68822
45247
20996
13131
73119
30543
54491
18881
71513
36650
61428
94997
8993
75183
22979
29150
8336
76045
69843
4531
81507
33136
17575
86570
12496
44395
15930
33995
2047
39710
37427
13721
55634
89703
39292
22491
556
23307
68866
1637
1942
20185
24172
87076
93145
81596
84716
94494
78824
90496
22277
38605
70391
4233
69178
38286
59741
35650
31607
4171
21242
60184
18448
23002
21956
19573
81170
16225
15581
51761
840
95489
31607
80858
29879
16076
52695
26892
3143
30954
54132
13780
83977
72789
80872
61367
1887
96277
31840
1227
33761
72511
56136
46354
91258
60961
13164
80092
11829
96513
78607
8858
23395
14965
52703
89299
17639
57305
32896
80500
44335
14325
59704
422
74519
56883
72562
53453
42017
95211
50207
95085
56159
96741
57067
83157
60750
30044
55082
86236
71041
85912
13636
56969
22437
46344
7147
43334
19397
14727
67641
25704
35587
73783
67003
51349
12075
20586
76215
648
44438
48898
9833
92777
84499
40121
55212
5103
90920
13146
47164
65653
82320
38615
68519
6599
37529
97513
8569
882
8324
35698
87684
93283
67751
22474
80884
83970
2529
58018
96566
80754
51607
28376
75822
23526
53783
17397
19007
43754
46765
87948
48059
46444
95020
94712
90464
27123
44659
24044
19219
59820
53570
46643
30355
65615
38486
58492
78608
21801
45723
51287
27058
74224
10573
93315
52241
87288
13111
31058
71700
37246
90755
24418
70288
1359
94728
97900
43576
69131
85644
63414
56872
52331
53044
22527
44240
94748
34435
72261
64574
76144
4528
48504
44782
32958
81339
70417
75770
82359
45678
56683
88600
98699
66264
82883
20845
11985
66652
46562
38934
22378
50828
18596
92676
81099
57670
80389
94101
34556
3325
92410
54526
29172
18902
44211
7931
48545
38557
23292
94033
28496
56006
26485
53461
48838
11585
61409
25741
38908
49560
30967
43194
43915
64627
3916
63015
75517
45923
61321
77796
33834
31859
15033
84285
12114
63208
7024
44963
84795
55827
75351
65804
87454
5672
7903
50131
19794
24211
33629
86015
70462
55331
22077
80430
2665
70586
95707
23917
27101
71970
74679
12686
31438
56656
92271
26748
38262
22393
47539
24866
54095
48776
7770
36568
88507
28010
314
34969
9142
70061
5930
90297
85175
29144
73298
989
14236
41865
45827
39552
80585
17627
47972
70856
67067
18476
66509
38131
1639
7312
97822
25710
99225
33927
92354
93023
74497
42943
78780
94876
12215
19423
69966
11190
26629
55833
34556
86367
23013
86722
19662
13367
23012
63677
15218
82362
56091
18254
86790
36547
30180
16632
82723
72303
50209
4933
26883
16126
46653
47014
8077
13187
35868
94951
10775
95597
71770
89089
8112
69485
96600
42502
73315
99898
16032
47793
62176
11109
80788
96287
15530
27990
92307
76971
77896
29163
77437
19231
38613
41321
58706
58358
21571
65332
69050
63432
33379
80049
5139
40645
30589
38994
21097
32109
293
91314
69123
78086
21821
363
10305
14465
76682
5812
57839
29214
7364
49719
41054
27196
90973
89029
91332
85467
28213
88976
598
54387
42660
67238
85911
69728
43085
57379
22537
49300
36969
43576
45439
76678
10285
36325
56428
47184
57739
98068
95018
63047
88988
81174
94586
7452
70935
65929
95968
4203
57733
66719
93728
87354
69519
57864
55669
84675
3441
90931
1163
42950
63001
60720
97043
61256
39558
8884
13973
58938
49801
35410
63305
33484
54488
27666
42214
26692
37639
59238
86714
18055
88342
26696
25954
32317
36076
63413
2161
48807
21734
455
41090
61124
48102
44667
27798
47665
59412
40048
98078
6704
50356
31309
57959
28043
2294
34297
38669
66981
79782
58528
48547
31542
36424
62798
11763
8428
46796
38721
442
67555
92387
90320
62164
59779
26212
4012
6624
45475
68334
48116
7973
16712
1116
31640
80804
54373
64860
48368
70635
25512
75129
67390
6249
15133
11282
64680
62891
1511
54476
85077
91738
25380
79681
18021
61766
70695
65012
62217
37532
55681
85337
15515
31857
58154
60579
56084
65989
42694
26584
83753
54125
95541
17971
87305
45372
43554
92848
38845
81445
63794
87797
46241
44699
56862
21040
12494
20083
64627
55754
64262
13036
73851
89324
97107
14700
41962
8154
35224
30971
85320
9057
13354
76784
68602
96297
99559
93084
43641
99192
5332
91729
16051
8248
53411
1756
16988
24989
92506
47589
36157
82010
58132
22856
80960
75292
43306
52867
93224
32716
9619
13199
82129
91193
53157
39205
99996
78568
73727
66523
1067
64325
27079
37642
81082
45007
93968
8389
72400
3807
34568
96190
20388
75056
77470
60988
84975
41303
13979
79677
90929
85838
44593
10478
15520
63007
36862
38185
2631
30639
97551
1648
77267
82193
94153
95009
17139
62239
72618
34353
98020
35486
92706
53648
74054
12724
33035
18171
30836
33944
68718
3733
86131
13107
92975
77668
57689
48961
77485
41181
5588
65313
83907
79947
67677
97551
80545
60508
18846
16174
79673
13334
73924
7437
28017
2594
80862
14243
31062
32135
16854
83193
69438
80446
2482
82951
90399
45342
6622
75268
57703
86458
97136
43289
24419
59100
36026
2399
84501
54510
92766
97505
94055
34589
29368
425
38808
18306
63229
10081
21577
73738
33508
69406
54026
96677
55293
19827
15800
95028
5992
77938
9829
99511
47984
77571
87172
29381
24621
5897
48835
55081
16352
47370
60114
81889
10890
34999
35494
50098
59960
2650
63716
60819
8591
68313
44482
81618
51827
8518
50422
89554
98375
38869
83931
60742
52449
96499
92992
45415
61751
47988
15699
51376
41762
78789
33673
76002
43535
11687
61557
80678
78852
69028
84751
79562
92563
38214
50462
87755
99264
90456
32471
8013
66622
12190
98679
77800
27831
80558
99573
94193
20947
73464
61094
53669
80607
90082
87697
9696
28729
69118
89993
98739
75654
23527
6144
96453
43260
46523
92791
66297
56568
94807
51988
86128
31810
17973
23158
98528
27507
57831
75064
38696
52036
58042
47002
44572
60249
32719
15286
45251
86930
331
15880
15355
20969
86420
82887
96943
33389
20218
1922
42125
49911
12133
28124
3676
82658
81975
96320
33924
80077
68407
35023
49715
74008
65252
65170
99083
75047
53982
88667
67549
95116
95839
79902
2812
38701
92264
48576
66943
22783
68952
21028
61258
50516
28149
23969
23201
19498
1630
26960
35520
35896
11823
7505
55553
93984
33357
79418
7482
58603
22099
96618
58646
75025
719
9675
56018
63725
95566
46933
2317
9835
4223
60604
69336
50628
5701
32481
96559
36320
34328
50940
56089
32484
89060
92814
2292
76834
86968
3873
93460
58836
33238
55768
53584
15594
95461
52932
64455
52263
64777
34547
32649
49226
43676
61963
95089
96422
65486
94050
27086
76166
81625
16147
12583
94097
24020
48285
73167
42558
76356
2594
75762
50160
99334
756
11821
3548
86488
90071
7069
87983
41108
3147
14770
52411
2035
74475
9415
80538
90006
80464
32023
61956
68621
87748
3954
72398
83983
67235
27073
13158
67878
5127
29561
81915
67146
97591
53418
95115
47918
25089
17908
73343
38884
53330
68750
8432
74253
50990
92460
59729
4928
85644
53572
85972
84600
28866
36226
82369
39758
96604
71730
23066
71702
15915
44377
97140
31005
10210
13387
7829
79095
87227
11875
82954
6548
33766
22063
11284
28509
76149
21652
22540
87851
91601
76476
44069
75018
81712
24528
76518
29210
72435
31135
2298
94429
70573
76482
93098
86186
17570
55200
77625
42949
99139
97414
1515
85714
82490
49229
77190
82790
93949
20840
1322
61390
33585
22481
11193
27162
39658
20998
96547
8780
29214
13200
90158
43134
97119
80668
99007
30807
97933
13138
30398
63613
20396
58221
27856
56775
68360
5707
8214
77819
89265
21705
86606
79257
30478
62836
92524
69450
62642
30129
46677
75172
66868
13041
33721
75128
85366
14982
7883
36421
58406
57603
8159
9206
23518
54881
37729
78109
75123
63911
12042
77541
33484
37367
729
97626
56520
41458
48279
84216
77001
49892
10001
67076
45039
87466
51319
91393
93296
60434
10311
45224
16494
15690
96488
44225
27792
64527
34653
14957
25527
5306
2635
92597
14392
32109
27069
74392
29387
11861
28633
42603
26251
6625
31703
60081
68295
49160
19390
86115
92181
65992
85849
45330
63054
94034
84928
19012
51077
99791
33046
49773
41991
76331
2974
35207
48697
38892
63135
37895
24867
79067
42545
90935
23144
15633
63066
84507
29954
39258
43160
68761
83134
49735
43652
96429
79320
79285
46964
89080
75674
42878
45302
89608
44575
61368
77749
71517
73769
52189
26673
25955
87892
26585
5249
85123
23679
18933
87921
27024
23168
54062
11850
8533
85769
19796
43938
94944
94877
11095
96155
97394
26622
22646
42828
37500
8609
3534
73123
86598
89690
49549
6315
21237
99661
75655
67553
2635
47050
59950
65672
86447
27690
43046
32525
51679
36961
79524
12379
72862
67479
75161
28179
17775
82767
64203
68432
50761
88274
78697
60236
39933
85685
83972
96388
12628
26139
68641
60023
71353
81809
43408
12999
65588
29151
2905
45369
63728
51084
8813
65275
30737
23880
75496
48792
88980
94637
14906
10329
30515
4103
7797
79664
58193
85902
110
77290
10144
83562
92769
50567
29134
53147
89843
70038
12742
69908
4723
68845
30155
85310
68337
18139
8521
38050
36615
18080
27211
66026
74524
36946
48631
12329
42416
1121
39541
5775
97356
53199
56204
47433
35567
84269
68047
18062
82822
30564
17953
76833
47197
47516
18252
49970
1816
982
69505
54069
33523
71856
1145
14472
34636
63420
7095
38781
12563
20880
60871
87800
42231
32571
6755
74266
53286
24896
18206
81365
43628
77813
13076
7275
79548
44115
9672
61657
91100
58714
69767
25192
62164
27602
1306
20254
21941
77615
55688
99359
94363
64630
22159
13863
70222
2095
12895
88185
44535
35446
2261
56764
55205
30153
29904
87742
7786
29666
5769
28708
79271
39333
99545
99326
33017
54294
9245
17217
45483
62096
972
68543
91831
30142
81892
44087
87459
323
99625
90813
61224
48514
71894
75772
5828
51005
97690
1600
90901
64856
50917
85671
62610
33135
69347
28420
49138
59692
74374
10439
98084
85301
68327
82236
26440
12685
21183
83688
56494
7197
72288
20641
50953
65625
65503
16035
86266
19260
92578
20724
21019
1434
95132
71934
96910
3322
51725
64605
51009
10311
30209
36536
37289
52653
83236
46589
88667
91537
61651
7607
20023
91595
85102
28973
19480
99092
29777
44784
47699
38138
71828
56835
18598
92422
95802
95671
48211
46961
67485
55054
92897
6352
17417
65716
4927
1881
61814
2043
83241
574
84336
4403
2529
94086
98437
57460
91375
30172
37616
52637
68183
28305
94277
30932
26856
86884
7123
15136
83848
96487
46831
34411
15709
44311
20785
89329
82480
2244
78483
92191
2266
35468
21835
31675
72766
90850
22917
6260
27148
16175
50756
59806
12205
64466
99952
78702
19192
74704
83465
31635
30519
11221
55280
1608
66702
49356
85828
6734
67896
15364
52129
31179
81773
52916
84621
778
6780
58585
73958
13130
4401
77920
4651
99328
54073
12551
4241
92153
63915
54976
44167
58160
12468
20425
10444
16429
80685
36718
92503
13241
57111
54391
96826
5339
19118
96899
23820
69110
63397
72329
57924
15506
11307
42312
58509
65587
95838
19811
92016
97248
56198
44244
6547
40568
53546
66724
67690
52326
85286
70319
59940
41604
30743
48642
90086
621
63426
38544
19830
57721
47938
64854
32046
59156
28700
33368
33457
64884
4772
15809
55473
61830
12348
26979
83370
43126
88069
93682
73332
64306
99651
89709
44455
56168
78890
83397
20961
77019
51680
4743
43649
34659
59728
33356
8521
98894
98041
15868
25563
83251
49167
91445
76622
48907
75896
50073
24759
87899
40095
84750
15586
3804
57695
10632
74591
48482
12605
97226
31483
13671
24127
63124
14775
46706
99914
85937
40959
10563
16666
68769
36392
93573
65450
90792
93278
50647
36787
99273
59557
70992
84743
83846
8359
3836
31450
78483
83595
94187
19362
26749
6178
17387
20533
21945
2701
55309
31601
59179
57309
50974
23099
89491
57274
49971
3948
13419
80783
75610
51585
58536
54495
92521
14597
91356
88108
76620
59290
68330
8708
43983
41426
65693
29071
53567
57289
78103
93136
67364
81564
93986
46098
57303
80161
4459
84214
50309
1960
14945
56294
89426
28258
51057
61453
97412
30333
68832
34260
69797
17250
89796
77848
41680
45158
27919
38027
94739
32258
73923
84168
76869
92357
59742
55321
73693
39405
93073
43320
34789
28926
40989
77983
51142
58057
37421
82738
37920
36411
64813
4791
90066
17639
69548
11562
48704
78473
41216
64542
77949
29494
51779
19618
33146
7063
32952
84428
63724
10004
56144
27396
94701
46666
89902
46368
62413
20928
70469
13102
25496
7599
75565
38466
32905
9470
21898
49320
32810
73834
16826
51335
66134
58806
12158
24014
52279
56003
49946
78555
29022
65911
8441
95837
99983
56157
15080
10079
42043
59625
65165
63717
96911
33936
17074
79370
73787
31371
31318
54350
24425
59133
50092
14464
14750
35077
91094
74570
10276
69104
15764
7807
82539
86447
60194
34834
65330
27420
52405
52700
62918
78611
17126
79534
29884
4625
59626
64571
69232
19176
42389
50674
98199
43470
59898
98513
4643
84102
18747
48601
91397
86911
57050
84397
36956
3403
22928
95113
34606
67464
58801
48626
70799
33160
86125
59819
269
81664
11844
50944
31348
32937
2557
12781
23495
34910
84921
76370
46936
68196
80807
24892
45620
73789
52664
53435
53629
86716
65253
17511
31560
9987
96453
94116
58721
65304
17580
11667
72514
1822
36920
23474
56657
1790
68915
19288
87859
70536
54632
36308
65152
19804
61713
10564
80023
19088
65608
54219
91574
16461
8418
78732
75246
52900
22206
65897
58939
37823
75162
99900
51704
67795
98980
43741
33908
3833
83535
31775
44647
2839
67218
28696
47618
36323
60940
80016
3492
62982
56797
97138
51414
56186
49732
37417
61753
98692
89013
16501
36514
33414
48056
7404
39175
41133
87902
54043
73126
27163
68030
19850
61112
6674
28737
36704
79354
94755
63501
76338
16214
80916
90767
52296
32395
38733
79594
23565
69550
85799
10267
83860
84694
96426
69369
23894
9893
92528
14753
46345
37641
6846
68841
86986
36322
21301
65380
66350
67634
98114
53712
17482
87161
70371
63221
17958
79577
45634
6731
21124
76300
5988
85718
92748
37264
18794
92319
99566
75705
46867
30682
92366
15048
14478
87476
26734
84430
59772
15981
74945
49270
88068
24425
27870
22459
17119
82186
51926
17793
23444
24248
699
80212
26586
61444
76376
80541
61594
18506
31474
19409
30670
72095
93240
43024
11368
18587
45018
90343
96771
48375
27134
70268
83830
22629
46988
38554
70641
7401
32813
53454
38634
61353
39693
88464
63968
88318
54705
15498
24767
76522
83043
3260
80555
8779
65197
72919
10944
19645
76072
96882
93908
62083
21161
25920
18768
48063
49405
56973
80635
60441
31024
85568
39981
2435
22856
79677
23824
80237
39695
80532
98713
31498
43779
64448
44451
41184
72965
51155
1577
32836
72671
96488
59537
23547
43456
73061
33782
91538
25392
43686
50941
42312
80621
2993
75514
17627
80858
19539
91166
78219
73356
84558
97307
95066
9231
85653
27582
16210
56333
54480
91745
47472
16467
31581
2389
24541
54280
15287
37955
122
61780
56760
40078
67051
81869
65593
56587
76261
84585
52901
55331
6241
95557
61479
88097
90416
18021
52690
29367
61716
38358
95733
2771
67617
77758
12564
77657
18029
46948
35568
93424
49854
11351
20999
13260
24043
56203
13131
90379
59797
80958
20216
46617
87276
77162
76441
96792
58577
97417
8747
26053
36036
21593
36913
23939
15663
31531
65813
87462
71142
98666
37606
77622
40449
52863
29416
32472
33180
42813
88672
27281
28082
36163
69367
53438
17487
67137
82536
12008
70815
57751
90110
42206
49327
2106
43941
59852
54559
87319
48958
69207
79135
60602
64610
99829
75571
30453
31338
96434
53945
23020
75537
9950
89253
95682
52385
64214
33963
58191
53925
49084
65324
63492
69865
62890
10997
20266
63867
26642
29690
29318
11091
59780
12091
59224
53674
18575
86708
95868
41574
85688
95323
11993
71834
41991
64464
217
86085
76227
50630
84168
15535
99529
19761
51688
41605
79432
60774
6869
77499
18931
60867
17351
89543
72401
91276
41747
88935
77693
47331
8876
28764
9215
96857
65093
15765
51170
7566
51427
72049
35215
61919
12467
88350
93689
86901
39065
4932
18890
26447
77571
36200
19780
66129
88582
407
12551
50616
30171
87264
52794
78726
1569
57423
44715
6537
54903
64929
34371
23964
99103
18713
84685
1402
61841
70019
67200
70900
33496
21698
82953
39202
9590
9044
89532
47188
69751
79674
4738
2802
62511
88101
67213
78899
21180
6610
65837
57759
41384
49113
82472
59383
85147
98822
39371
9190
97420
63434
41394
82510
16100
43657
4052
52051
23929
48625
61045
54493
20697
76800
30447
16157
15632
36707
67526
37053
51386
46167
74814
20656
6441
61475
52211
63879
52147
70887
85419
83687
32021
72755
54984
95544
72537
56053
67024
75965
66365
58047
74337
28025
20186
87756
54508
20326
1736
24933
81896
2241
55706
75114
42778
67827
41220
65354
53915
98789
29996
86829
43837
55278
72841
90809
7149
18515
29252
64836
93831
40019
21790
29844
99300
72357
59273
86709
96207
98802
35717
32295
1336
81453
37676
35400
69258
18435
65597
33839
98103
41503
11229
21626
47937
75547
51014
82339
20196
12595
6049
40765
63352
61745
53673
67378
79928
5692
13651
39729
90613
44151
93668
81862
71146
21504
92002
3332
47808
55288
47636
44371
6097
42221
94334
92197
70042
97183
46382
23150
42811
4945
92325
75576
50931
48068
45641
18363
83200
23899
40712
35073
64271
11939
41571
49837
10693
31542
28800
59307
73773
81313
84665
80912
50138
25869
2268
88814
10366
9533
98386
71099
28491
57947
89865
91018
13039
90833
60565
21576
29163
20225
80089
14968
31433
97664
68772
93588
35186
68231
74634
59252
32566
8044
17673
8658
24854
77962
58040
62736
32202
58511
47504
68195
81411
97242
28580
98207
49805
94602
50595
30582
98317
88599
17517
42360
8432
2612
67726
63286
12507
96614
19184
69582
36438
70042
94704
16788
87373
608
80087
65795
75262
33028
93520
66015
35109
99022
91765
72303
24154
76917
31683
22798
26296
10927
99814
50948
82529
58974
67059
59053
4016
94185
4989
73980
8294
77299
84530
40379
5315
81290
9663
29727
42624
6899
69422
62870
7305
11436
42235
98473
67883
6998
60123
62030
4975
82021
70701
84398
78940
63691
80263
33449
82078
70387
93133
87117
77842
7961
73930
70247
96403
31189
24004
753
53469
92854
33246
30117
69043
53162
4681
56805
2501
35079
16648
26771
79546
46122
23789
57602
67330
35401
34943
59192
98639
77163
57476
94153
43255
56624
32791
91230
81880
52314
4927
50118
40287
53399
62308
39998
12661
4192
11514
31045
93599
33723
53825
86389
70641
30959
21381
46169
30991
79024
34512
13822
4038
66612
4512
13130
26015
66394
80661
85721
82221
74058
39677
75477
76358
85519
94731
54697
49472
54720
73446
7969
65241
44396
73638
56067
34137
47817
61597
44091
19986
87474
39445
44669
46165
59771
33216
33241
82288
66933
92816
47819
345
3263
89276
71304
78955
15724
78523
23327
32051
4317
98249
36172
94873
55384
71810
62064
21749
25795
99336
40558
86249
47288
36954
81134
60948
88361
6036
15261
73042
29246
76034
48207
79167
22611
2664
53928
23769
39285
93483
7286
46780
73930
50025
63495
45498
95777
69601
91479
66495
91204
20750
10161
96509
51072
19665
66905
803
28126
58083
27266
48932
78076
24173
98504
43379
6134
43518
97062
18038
33620
63906
24620
38864
18844
31778
52432
36878
97794
75689
12809
31855
44999
70060
1011
69990
72685
28142
11952
26469
88087
63381
36989
34400
43093
72079
85841
32366
60189
89031
32391
57034
66739
57842
20162
47697
82335
32316
52467
85911
99827
91598
76563
54593
21189
1856
45632
60058
37397
58099
29723
24958
9136
18681
84635
92445
10851
3962
27992
34098
68542
2733
75006
70929
42628
66007
65680
92267
16137
65065
18783
2115
60782
44240
24212
23968
98627
33327
47824
88769
48006
85246
44140
98008
2063
64662
38762
88541
22640
33097
84226
25381
53160
43188
87752
45575
50830
38599
50940
92584
39292
20686
70655
29454
4198
65139
99972
27026
15672
86290
44783
27362
36697
86305
64806
5291
6585
27247
85379
84680
19497
75727
61079
1297
56181
54408
56824
5902
47434
6513
39629
79857
1840
60652
83210
21543
88168
41521
57328
66875
73129
13160
30469
88272
26923
83859
39336
11238
16308
88778
98409
22875
7456
93490
39523
52226
48250
22961
65946
74732
58053
48205
86581
72475
36086
61515
84233
32831
62437
68317
15325
2924
968
31690
52721
49150
49660
912
62849
62747
6090
27343
56102
16889
71589
87889
74292
72331
62172
27134
64544
69008
5729
38556
63889
95684
15345
39466
83759
48969
68188
17942
9048
32842
4095
1370
79387
11430
6605
37314
51669
16786
7320
61869
10352
6603
4033
38794
72236
61764
74080
65283
76145
31711
56588
4852
2006
24576
37844
90445
71925
88622
29168
78536
93546
15951
79622
9842
51360
66878
91264
59316
74179
20475
72712
56880
88761
78375
6349
60322
7142
23677
61082
29336
55897
22739
53575
37080
21206
1204
44819
58422
25717
41249
96041
22645
27482
86499
15242
10051
82904
31172
94308
31502
91282
41461
28828
26144
45044
71962
71391
95517
27183
64457
9501
36438
59988
80174
94189
89760
17771
72900
31590
31674
69147
2357
98593
43200
30810
70705
55244
55618
21540
86830
91547
19342
47234
3636
13264
78418
46725
79374
13420
62008
33934
15108
52691
44792
30395
78874
46317
63308
94492
25756
84772
83483
98677
75982
12997
71818
50837
63686
27064
86486
9618
67214
49868
79262
63399
63837
97231
78031
34617
24998
11832
66298
39773
958
99998
5795
95155
8853
9473
79226
98266
887
22409
32885
29192
512
47230
96436
36795
27696
90305
18521
49213
3395
72768
72645
73816
25278
31654
1235
71676
1434
39908
24094
69205
46146
35220
12533
16277
88755
89999
45827
8661
72549
44656
73632
24450
87426
44795
53259
55453
44622
85448
4214
80246
77341
80445
40424
68080
11207
68418
99540
81586
67478
5109
47265
76179
22784
3295
22798
93603
74755
91256
21489
34779
89996
97180
30246
34291
89679
67474
17073
47410
79733
74728
40330
74702
25587
95738
87403
85894
65801
99255
76989
45617
51104
78832
45052
63913
7305
68009
66100
88626
81343
33919
52971
55714
84482
17870
95486
6323
14512
38859
66309
34596
74269
16693
43638
20467
94348
44252
6791
46275
81508
34601
8157
19553
76964
61525
91644
29175
8635
58706
16638
92159
41238
50630
47740
49382
50987
86866
96847
29429
55579
94830
29669
21478
667
93934
71108
98632
85714
2136
76626
85338
18710
4526
84499
65786
2761
98109
19976
42356
81638
82108
93463
42680
78963
93905
30626
9730
21918
66674
95963
95338
20031
75695
44699
24495
93295
75680
13491
85235
45598
43554
47740
9122
67211
7970
67074
44926
63090
97359
95630
59276
8863
9404
40420
68746
20335
37208
31738
11374
93337
53784
38875
44274
87713
67601
15339
48648
29347
10295
99084
61727
66875
87594
11201
93282
70615
6036
82539
87171
23778
57455
47220
92375
24122
26486
45174
19943
4801
44032
82805
83378
36011
93356
40945
26648
9468
87717
81983
84453
5456
6435
39266
57402
70275
4137
55131
24181
44273
38487
55973
44519
95688
64268
79722
25347
82532
52709
72201
81013
3449
29365
67871
88605
53910
42662
59494
13543
16087
76333
36252
85535
18657
89630
73694
5730
52420
3846
19329
73872
99174
58488
80770
67744
64338
72902
88983
56964
25990
14239
53734
84037
86834
86587
1305
74128
35613
81455
10684
52560
25870
25723
80379
72093
86542
71948
8441
84556
32251
17508
81973
97482
56031
16907
69771
1595
20464
40439
47238
71475
13822
25844
31253
28483
23234
38755
41438
61561
97839
50794
62503
53619
44664
1001
30442
92891
92691
63766
85201
53693
46014
69663
37544
34117
64836
32454
70087
5310
21427
48903
95991
25901
81220
38253
7627
70246
65822
11822
63953
95589
63987
4375
90825
77587
68142
1353
85758
18456
92645
20945
22867
6703
74040
59562
23129
85312
18609
71960
40100
4246
15355
98328
81041
13648
64020
13912
39813
68204
70092
37169
17099
50306
89044
18544
72637
81971
88324
39447
60318
11438
44117
27708
5608
25574
55096
63371
680
32158
25880
70574
8695
15816
90494
15713
80709
365
98834
27045
23157
69351
37200
1081
12821
31072
76677
97453
87687
88602
60907
43037
39753
81598
41888
27340
72241
32062
78312
32830
16751
87889
86876
4124
43635
17117
54796
89121
19673
44890
81017
13909
69602
81604
21704
82767
50087
50052
91383
90885
17333
36545
61044
63713
55634
61659
22178
73611
90643
25764
37653
56964
594
16137
87132
69819
99558
91482
85540
50419
46030
43583
71726
8621
72185
14783
634
78124
75440
56182
91999
14568
26409
71852
49106
6693
62318
66258
87473
59342
93085
5352
14110
66
49434
23752
66843
37675
49945
44171
62191
4146
3464
52826
29677
89169
66668
29047
45930
11104
93932
10289
56370
96084
12405
36760
89735
81624
13239
52004
98675
39827
98448
15792
23032
44059
17048
38584
53036
25746
89582
19717
3988
88730
26027
84509
4752
82591
53131
47389
40508
26316
92636
17074
94645
9621
98873
782
31732
6279
98234
76375
31127
95550
34106
1427
77197
58604
12377
77814
56729
4027
6500
96281
11358
87120
1446
90937
46165
77882
84526
39856
83316
81744
78232
16101
62306
90819
59209
21265
93223
68554
767
38406
62054
88646
4122
17719
2550
86036
87489
475
12673
9577
97432
19112
11091
55530
34512
59499
77317
24756
9977
12545
36258
36095
74471
32407
37023
54664
34414
33470
90342
71195
62425
21681
14474
45963
18424
48298
19986
26220
34023
66466
9194
16276
84303
21443
64443
96591
710
59663
51808
99493
96757
71218
51682
99314
54751
69215
15256
30453
15353
95168
3221
65475
79889
87098
62958
43617
15250
5535
31699
23551
40664
97720
63546
96921
57245
38726
16767
9221
80745
27174
56476
50931
57331
55861
16955
47460
52341
18213
1942
21095
50495
75414
22028
83711
99238
26618
66465
45339
20776
59121
79563
36273
67591
504
82815
49586
79572
45838
60656
65930
17388
76668
98638
39967
98644
91223
95581
46582
66649
69075
28487
71763
22030
33188
8145
78681
64698
66905
82875
91907
15747
10426
93282
9902
28923
89717
3670
23398
53143
38487
38690
94922
13933
64157
17602
23931
7019
2382
9922
54011
82059
54654
57234
56373
21730
45941
5053
3486
48737
61621
10969
41127
73498
69801
86936
51022
32860
33385
95645
42423
50381
42095
77394
4484
40119
17691
7154
44256
27207
70656
79555
78804
6604
53345
28844
14569
6316
88143
54554
3969
44349
71895
69757
83601
55029
84119
66202
49337
10957
99941
4395
13481
50266
33137
47003
47315
39504
67722
67601
79762
71839
13103
89813
62098
33793
55506
7413
23973
68806
16469
58085
47387
62096
62891
62627
7952
85177
26247
7869
75006
66084
27060
75048
23145
99559
58459
14205
8715
29749
2126
82797
51100
16565
67198
90087
36574
77065
72157
89886
85115
37640
4299
73147
90253
76544
60645
90637
65113
63727
73237
51990
19794
94566
39291
36608
69160
5146
29463
11695
98900
9293
26591
31392
81676
63480
69052
30669
27352
83179
26350
69079
47418
80594
40171
13637
84775
3219
44980
69770
14313
56523
1372
83136
44435
92338
12228
79026
10671
87040
90882
13688
69444
84360
70808
20361
78106
70781
20282
35476
66133
13177
40585
50033
75115
55889
37196
75080
87639
42613
92584
43559
3896
7384
84137
11935
90639
90577
6361
63137
58542
35593
16040
31274
90481
73091
77734
38869
16741
71297
88429
14306
74539
41735
18124
27027
42501
83565
95600
28935
41881
25933
36048
52626
97109
46780
42594
36944
42403
96238
30161
67205
3429
48224
23400
56843
98854
32526
26506
86407
35791
91181
47089
61989
26567
87226
3679
80784
62791
35720
16326
4306
53930
52621
1326
64861
97681
58692
13541
71330
62675
15344
92518
76466
4697
26442
19627
50188
62184
29894
21412
57221
33886
66145
64013
7883
85524
33069
57563
17150
83401
90457
56947
82843
20665
13643
67857
34376
63766
61130
96410
76708
98798
18341
37681
26097
95271
97478
17183
45611
73060
1891
9147
99493
24763
339
93175
47894
90621
51641
78523
23703
22837
45306
84452
71279
83966
35505
46459
66112
6397
71161
67777
93855
54195
82336
80193
49990
39837
59074
322
48753
80733
79172
73297
45968
95386
21104
952
427
69269
87516
7189
39957
2115
37445
89525
57872
13775
59884
57222
68313
30949
38066
11077
81009
62204
97429
60640
48702
79176
39827
2937
73354
14012
88271
77592
99810
21208
1262
90806
48010
48302
91480
3532
66472
63907
18874
83172
26351
39243
14453
26915
19046
50401
97506
22671
53461
89336
41713
42159
90034
72628
62183
85967
36771
71343
12912
98950
50983
68777
1767
44656
83733
58583
84417
810
73339
68284
18957
76268
14022
64424
77831
98252
61115
48962
74815
77688
2460
10012
22766
72660
32175
98442
5718
51057
37679
25796
28321
94117
86450
18094
66573
20339
65661
69738
6278
50548
31345
95687
85898
3375
32207
38551
21482
62816
15736
7301
33979
96089
28609
14405
7785
77516
73109
64164
60718
31294
90413
46854
28358
10026
75770
54829
16057
51145
11418
82108
8471
64642
45070
46132
13067
62348
89278
9225
84140
23282
59367
92167
9480
30095
33665
71633
41248
59234
83745
80016
45927
8335
29298
806
19635
86284
43691
43575
31894
7283
92156
63221
75076
44365
2587
1297
60485
35225
52343
52900
94690
88366
78477
80863
30000
38951
81009
37327
1753
40326
75959
75359
3603
3886
5434
44830
89105
81676
66356
64779
80863
86354
77177
16847
51506
57704
48539
13866
77640
86329
27045
11016
9871
20106
75282
22939
66565
23518
90266
59217
28224
94500
18191
224
52684
90422
47162
73711
17536
50262
49398
72694
23818
39725
46251
81821
75565
34122
19584
67447
84325
71093
44358
13285
24702
72904
52084
1876
12119
16313
46157
1128
15101
56296
68450
87452
44925
49705
7366
94011
93893
76783
61348
63017
17908
69264
77378
69135
19177
11174
43603
65594
61204
21490
97725
47032
85144
89603
6924
47142
10098
48627
62917
6211
94903
83156
69881
55017
53357
42495
91288
53579
465
5894
55036
2098
26392
93609
18704
53448
55263
9945
56845
42244
84398
45489
6254
81488
64182
38315
63119
4881
58532
35054
98727
28690
67688
60282
84649
20371
10729
34798
77725
45973
58931
20812
39714
4362
22124
87536
14395
10777
50840
44092
88117
59253
50238
78293
98911
98045
68759
41241
16495
78145
36555
56281
68177
10543
69978
84906
43
28425
74428
57472
35321
49641
72270
94191
58953
83202
34083
88503
76079
58842
13837
4109
31998
92515
70264
59638
17523
47874
67450
78451
3187
2773
21486
58192
68592
71999
83790
92124
75365
24673
48446
89774
50043
49869
43456
63936
31611
60291
24792
92920
26679
44850
93659
33877
34672
86110
62234
87290
21865
23882
23480
57583
64503
85762
86435
86349
89478
83001
60264
72068
8630
84496
42598
5198
40469
29797
19870
67493
17171
37232
32975
89883
80892
98982
34706
32744
72622
79232
71132
14165
17831
16807
5150
84087
22337
39940
99737
4220
67746
85935
86368
46721
6592
54852
49919
44044
43119
44669
46449
47361
727
15806
90071
33496
13330
92358
78404
42619
65094
51013
57568
57170
58639
43098
61481
12600
70816
22325
94967
59878
74761
17449
24314
98916
85140
99237
40413
36995
19632
25556
51861
82436
89432
28233
47594
33585
76489
31379
87944
79245
48972
81592
16688
83495
61147
97150
74767
98201
48145
28650
25606
42511
10572
66341
67011
67225
54565
78562
91799
68147
24362
34118
70796
45044
23742
94035
4758
77513
92285
16024
88116
83355
46836
4978
80714
50759
38728
88342
25179
84551
86218
18208
74320
60494
70384
86875
23287
19944
88054
28295
66619
15878
8974
56424
7036
86251
16737
70701
97176
87017
95095
42785
90341
39437
67493
71770
54766
33763
92357
83156
73536
7330
56387
87080
18380
35515
655
13357
56978
44136
1734
34632
27457
75555
98033
7542
93459
9314
10617
3984
73035
37953
69522
55810
94065
33257
60248
28097
9436
50147
50911
47628
17129
89435
63672
16062
45284
45933
34170
61252
73152
51396
51496
33964
66981
71093
12822
30498
56793
26610
64978
95431
39858
8156
11584
19425
60109
11295
89806
95285
44403
81548
10364
43655
98677
63398
59532
30558
14555
98054
59606
42473
98315
89098
51406
50527
32833
19665
36135
25930
15953
11942
69212
70515
93013
58374
60517
90729
72555
96211
36589
88964
19072
99926
65996
50918
60117
21198
60171
45153
9213
85290
8794
33171
59108
9487
75552
51551
8218
49687
76926
20330
61506
22767
70427
97560
45592
70584
61528
16784
87061
19267
39216
53840
12235
65144
37935
7642
8197
7231
43379
13270
16273
69051
22581
49267
25055
50880
23919
591
82724
20474
5967
9326
63271
21537
41013
80530
8399
84778
50181
12133
54429
20076
3694
81395
26597
18460
83869
24679
94649
90775
25893
21256
92337
98689
64032
536
95849
17591
94318
77853
62000
9962
1206
94025
8403
46953
24785
43761
34796
86720
84340
30841
75069
90781
47300
48365
1995
77295
85636
31024
20809
27739
90959
52123
28913
58323
65382
53898
24296
70617
1876
28180
49698
48453
78553
49887
82127
23823
217
79556
93404
22943
19454
59336
38356
75103
24170
53409
42557
32783
4422
32846
15178
26815
87228
11731
2177
31618
59692
88643
65245
90494
69654
86174
24705
34819
54853
6354
76506
28918
73167
37211
59359
93005
54978
77087
50092
54793
70327
95237
97149
89018
14562
48148
78634
36718
50796
77307
78414
39593
18100
623
34034
39138
88926
93629
76388
62634
99969
23836
78493
42568
40452
32728
74405
48168
13736
88623
57850
74642
17573
70340
43612
11707
75760
79853
28588
28735
66678
30227
51108
3408
55644
6598
69054
66356
94070
78895
87521
87193
15309
70551
5311
98314
6625
21329
21856
88652
51122
19728
83002
93018
20663
43206
80699
95425
40914
56226
85310
57932
52450
4054
23769
98379
41490
12863
29077
93937
78762
10916
46591
83122
99698
58926
40255
12457
89844
20828
93486
33477
51039
75317
36944
36631
73237
66157
17297
4392
9496
66350
58782
96286
47552
91958
43955
47689
69499
784
8417
57427
4638
5399
8833
5408
97958
62774
39780
99920
48978
75964
26032
16301
8724
49603
9795
67083
72252
28140
88111
21053
84440
6000
29822
79283
46176
16864
17310
75382
56599
2197
34031
13465
66096
25580
45858
68304
24100
41970
71068
61663
30098
80422
12366
47164
67878
48207
82953
62843
65165
26933
77519
45235
27855
47056
92999
43145
76926
82212
26104
9451
39997
93732
63042
63064
46232
30410
58137
59842
66592
34169
73450
17266
70037
27193
65411
46542
24572
75070
55621
98312
32194
79119
47531
20550
81200
56880
35716
33075
88334
57203
17394
90605
24518
29151
23187
7002
23622
45685
13379
40294
27751
19372
89544
16774
67698
94690
85386
32073
5553
92
52289
782
71803
21352
57821
20858
68240
12758
89029
66003
75417
48822
55410
35166
1954
91441
95348
36544
75265
974
57617
34296
1171
29918
75505
40166
19477
30355
44972
60906
77408
89519
