49433
48912
49344
49529
51060
49106
51098
49397
48865
48931
51458
50263
49767
47972
48747
50221
48753
49084
47875
50649
49837
50594
50962
52395
50095
49815
49589
52128
50338
51768
51330
48435
50357
46838
49571
49298
50525
50171
50489
49099
50447
50982
50759
49649
51018
50396
51145
49996
50669
48408
50548
50432
49697
51901
51072
50591
51638
49866
51120
49781
51505
52145
51133
50276
49625
50135
51977
48217
49318
49603
50125
50620
50004
49846
48797
48027
48857
49929
49066
51644
49411
49555
50450
49703
49523
49461
50023
50244
50298
49804
50262
50300
50351
49972
50192
49931
51184
50288
49154
50454
49009
50778
50454
50170
50858
49953
49811
51639
50052
49738
48737
50569
49914
49326
49947
49731
50742
49312
49377
49434
50540
51050
50858
49207
51266
49938
49839
49852
51414
48553
50646
51038
48634
49391
51051
49371
49886
51156
49856
49273
48333
50381
50778
50549
49733
51151
48619
49580
49762
50652
49745
49804
51100
49297
48302
51706
52644
49226
48305
48323
49212
50784
49855
50161
49482
47779
50245
49656
48540
50482
49564
49285
48424
49964
48906
50187
51541
50507
49126
50765
50124
49298
49240
52127
50349
49890
50283
51302
49146
50150
49265
50319
48865
49249
49691
51150
50140
47705
50692
50238
50873
50878
48581
51292
49829
51182
50561
49964
51142
49263
49056
50397
50727
49559
50369
51419
50230
49572
49695
49409
50189
51099
49639
50413
49202
50299
48643
48800
49163
51907
48953
50777
51088
50387
50379
50011
48713
50887
49533
50123
49991
51651
48311
50038
49663
49580
50413
50615
48880
50801
51261
51675
50595
51341
50801
50527
51319
49185
48103
50948
49910
49589
50163
49202
49443
48533
49938
50265
49482
48005
49185
48355
50899
50650
49624
47981
50405
49591
50451
50458
50395
50429
50674
49509
49892
49073
50468
49780
50256
49574
49709
48381
49253
50512
49770
49279
50084
50098
50968
50048
52011
50096
49056
49476
51615
49813
50745
49655
49720
47548
50092
50079
50522
48186
49699
48530
49967
51004
50310
49548
49769
51957
48300
50493
49197
50446
49117
48759
48692
48296
49488
48391
49588
50056
49523
49774
49403
50388
50846
49556
50672
49698
49526
51376
50428
50856
49734
49635
50224
50388
49728
51471
49203
50300
50379
48508
48685
49556
48394
51105
50568
48613
48799
51578
49763
50218
50116
50515
48826
50841
49088
50959
50127
49057
50483
51536
48806
50728
48380
50240
49621
49398
50406
49827
50909
50960
49894
51399
48979
50140
50735
49657
50496
51405
49773
48116
50774
51665
53174
49330
51265
50041
50644
51133
50179
49054
51244
49309
49598
50216
51134
50307
48666
50436
51069
51128
51555
49387
49896
48779
50462
50356
49255
50861
50913
50269
52270
48100
48307
48967
50169
51513
50415
51529
49926
49091
51159
48381
50962
51629
49028
48108
50857
50138
49368
49606
50701
50696
48951
47783
51371
48216
49798
48893
50032
50364
50149
50963
50754
49942
50095
49189
50117
50757
51243
51565
48660
50317
49437
49370
50136
51906
50521
49553
51107
50293
49722
50937
48872
51781
50698
51013
49294
51883
51589
48802
49907
50938
50885
49616
49011
48899
49425
50000
49194
50697
50126
49703
49682
49454
48124
49622
47051
50848
49749
50586
50169
51663
49766
50463
49443
50522
49615
49102
51024
50761
50506
50187
48978
49842
50388
48728
50766
52203
49100
50314
48260
51768
51119
51588
50216
50583
50649
49074
48527
49611
50225
50690
49235
51775
48349
49362
51078
49283
48637
50797
51971
52441
48633
49282
49686
50063
48563
49666
51365
49269
49773
49048
50320
51096
50934
49623
48381
49074
49272
49740
47482
49330
49276
50753
49071
50858
50959
48642
50192
51262
48711
49962
50287
51872
50109
47283
49786
50064
47197
50832
51010
50894
51164
51680
48902
49892
49381
49709
51262
48846
51381
49925
49082
49372
49622
48858
50899
48882
50619
49832
48140
52150
48713
50148
49453
48567
49752
50293
49160
50232
49446
48814
49243
48170
49908
49123
49022
49381
50239
49770
49192
49619
49670
50215
49171
50219
49169
49567
49583
47798
50780
48728
49259
50104
48656
51354
50344
50529
50340
49893
51278
49123
48935
49065
50110
48488
50527
48917
49577
50699
49046
48957
50198
50085
49236
49433
50336
48811
51790
49993
51325
49008
50108
51527
50226
50306
48940
48978
48423
52642
47709
50105
49100
50065
48799
49751
51055
50501
49845
51089
49699
50320
52958
50336
50743
50813
51290
47689
52192
48640
48251
49613
49449
48752
49675
50124
49089
49942
48122
49122
51811
49653
49289
50563
49296
50468
51247
49701
49379
50675
50909
49583
49306
50142
48449
49923
50358
49753
51159
49788
50568
49755
48273
50889
50742
51919
51337
50974
48749
49297
51016
50697
50955
50043
50327
50361
48718
50511
50416
50788
53125
50693
49887
47825
49700
50064
49381
50305
49358
52219
51153
49488
48902
49069
51773
49294
49304
48870
48733
49992
51462
51460
50247
48543
50339
50700
49611
48052
48203
50098
51420
50295
49819
50316
51849
48646
50706
50395
49764
49310
50881
49600
50418
50089
50775
49980
49270
50114
50038
50099
50722
49446
51334
49425
49616
49924
50610
50516
49108
48991
49703
49455
49242
48951
49748
51316
50615
50654
50123
50481
48633
49054
51288
50030
48840
48978
50010
50687
49336
51636
47801
50859
49481
50391
48928
48004
50649
51503
50087
49999
51171
50085
49233
50589
51820
50873
50117
51179
49077
50935
50750
52233
48977
51579
49809
50692
49585
47775
48661
49563
50472
50162
50198
50226
50238
49529
51521
48925
50532
48742
50683
48993
49833
50124
49887
50316
50559
51059
49552
49556
49567
49163
50459
48859
47781
49721
49842
51384
52073
50025
49633
49333
50414
48706
49507
52068
49671
50468
51298
48283
50431
49731
51030
49294
49906
51729
49905
50497
48621
49328
50210
49306
51089
50856
50174
50568
51127
49779
51672
50009
52157
49495
49355
51160
49934
48767
52587
51323
50857
48447
50271
50604
49632
50418
48556
48923
50110
48273
49531
51134
48895
51216
50787
49791
50687
49392
49931
50430
49086
52021
49092
49337
49516
51304
48902
49326
49168
50528
49692
51175
49801
48982
50541
49747
51168
51227
50694
49728
51092
49631
48349
50702
51369
49327
49750
50379
49806
51777
48929
49940
51312
49302
51551
50281
49309
50693
47574
49400
49247
50063
50140
49769
50976
49366
47875
50250
50932
49961
50833
49171
49481
50885
50662
49510
49798
49755
49056
50564
52438
49144
51174
52133
50497
48900
50978
49782
48857
50900
48994
48456
48459
51406
50162
50721
48699
51030
50573
50423
49318
50160
50018
47308
49141
50645
50196
50980
50537
50169
48496
48742
50561
49438
48426
50000
50141
49539
48373
48015
50489
48284
49754
49973
48993
49936
49658
51288
51132
51573
49445
49716
48985
48762
47813
50523
50697
49775
48748
49540
50532
52508
50079
49872
49189
50158
48295
50294
51191
49024
49525
48510
49425
49931
48776
47031
50696
49781
50724
49700
49596
49502
48504
49641
49898
49532
48985
51398
49767
48793
49331
49893
49338
50707
51272
49590
49826
50723
49462
50447
50278
49733
50375
49424
51353
50425
50819
49726
51021
49119
49241
50849
50871
48017
49370
48558
48784
49807
49704
50502
51648
49935
49210
48555
50005
50900
49870
48648
49866
50504
50670
52166
51644
48980
52465
50627
49489
51157
49477
50093
48986
50514
50734
49791
49477
49797
51918
49417
50883
48719
48391
49916
49478
50552
50718
51970
49675
50695
50668
47773
53020
50085
48427
50225
49939
50353
50113
49183
49672
49130
49476
48745
49094
49295
51098
50355
50976
48351
48806
49427
49717
50052
51136
49019
52122
50889
49902
48406
50710
51253
49744
48009
49848
49621
49751
49717
47997
48643
50435
47805
48653
50086
52165
50108
49544
50540
49118
49028
48784
48893
49700
50695
47922
50138
49330
50117
48285
48743
51304
51216
51017
49521
50583
50829
50827
50733
50070
49513
50465
50599
48690
52185
50512
49969
50084
50386
51399
48413
48656
49125
50286
49240
49355
50620
50370
48916
50168
50834
49629
47576
50458
48991
48757
50117
51161
51499
50493
49907
51263
50186
51096
49417
49810
49912
50329
49097
48537
50679
50039
49125
49588
48222
50563
49503
50687
51421
51334
48253
49961
50711
51315
48557
49241
48992
51548
48148
49579
49507
48989
51258
49279
50262
51853
49133
50636
48251
50650
49655
51174
48984
50153
49321
49818
47113
49685
49416
50195
51022
50866
50888
50763
50417
49627
49616
49578
48607
48944
50188
51027
48471
49220
49787
50364
49321
50549
46018
49982
51131
49994
48996
49555
51379
49402
50346
50294
50720
49384
50738
49784
48391
49847
51970
49770
50381
49989
50076
49389
48286
50945
49907
50775
49735
49208
50884
49362
48774
49880
49554
49253
50419
49770
49994
49314
49046
52140
48541
51084
51556
49556
47097
48806
51144
49573
47959
51023
48948
48622
49888
50673
49447
50155
50709
50402
51212
50030
49919
49738
49784
51281
52854
52202
49702
51375
52741
48137
50935
50171
50456
51193
51232
50101
51116
48230
52155
49594
48745
49618
51082
49685
50211
51807
51447
51318
49002
50070
51799
49675
48986
50047
50605
50710
49881
49139
47948
52301
49480
49863
49812
49817
51106
50010
50216
48628
48677
51210
49111
49797
49881
47724
49235
51588
48764
49664
49399
48409
48972
47787
51896
51767
49418
50931
51171
48036
49000
49624
51058
50461
48234
49247
49108
51684
48470
49670
50665
49892
50470
49283
48763
50570
51696
50788
48270
51307
49347
49654
50019
50841
51479
51892
50275
48835
49810
50204
50657
50943
48991
48865
50286
49705
50713
49820
49566
50155
50572
49200
50159
49419
48881
48458
50766
52158
51258
49020
48600
50951
48963
50339
49908
48993
50309
48781
50518
49994
49407
50758
50354
48312
49698
50564
51887
49560
50543
48272
52301
50818
49334
50724
49456
50437
49367
50199
50368
49237
49857
49693
49781
49747
48744
49451
49361
52289
50093
48742
49850
49679
50621
51969
49362
50069
51000
47872
49390
51494
49938
48946
52410
51917
52064
47989
49485
49016
49680
48438
50735
46894
49743
49542
47729
50888
50346
48957
50421
49519
51091
49734
48860
49492
48637
48155
50011
48710
48697
50005
48945
47544
48606
49975
49079
49810
50027
51125
50455
48878
49892
50862
50980
52161
47987
50345
50340
48940
49638
47739
48056
49891
51775
49638
48581
50281
49043
51058
49794
50918
50304
50149
48806
50154
48643
49456
49142
51033
49875
47817
49573
50707
49200
49996
49009
50735
48581
48807
50835
51916
49972
51118
48649
48360
51763
51533
50571
49695
48169
51837
50716
50205
49946
48753
49363
50808
50911
49606
50513
52005
51043
50220
49507
49666
50052
50232
51377
50983
50621
47651
50283
51893
49749
49523
49538
50824
48544
51453
50624
50457
49262
48938
49909
50255
48779
50441
50275
49627
48101
49477
49697
50854
50655
49868
49902
51839
51137
49226
50720
49325
50315
49904
51355
49883
49490
52270
49197
49332
49646
50272
50495
50325
50888
50323
49132
50836
49561
51275
51279
50796
50731
50792
51126
49083
48572
50640
50841
48984
50073
48756
52379
50155
50852
49281
51656
50808
49726
51697
50506
50624
48440
49001
50802
50201
52284
50299
49468
50360
49998
49774
49962
50183
50287
48614
51676
48863
50124
50692
49348
50501
51151
50392
48722
48799
51497
47743
48588
49799
52126
51031
49229
49636
50426
49344
51237
47128
50564
48489
51058
50327
50436
49749
51678
47952
50226
50574
49168
49459
48432
49240
50094
51657
51715
53019
49937
49929
51051
51097
49334
49346
48109
49919
49506
50922
50658
49760
50749
50620
47780
50993
49572
49009
50948
51671
49819
50459
49281
49862
50036
50422
50320
50151
50942
49518
49440
50335
49570
50778
50754
51377
50101
49363
50388
51859
49638
51275
51643
49062
50665
49072
51730
50449
49221
50013
49980
48827
50588
51482
49463
50033
51510
50477
49523
48814
50395
48277
50876
52075
49918
50614
52569
51286
49863
51495
50071
50778
49164
51846
50789
48402
50701
49116
50988
49893
49968
51986
47898
51717
48740
51742
49332
49783
50895
50250
49521
49698
51408
48631
50852
51186
48601
50371
50825
51229
49036
48924
47572
50000
49775
48272
50270
49920
50147
51078
51419
50396
46531
50856
51243
50479
49324
50210
48858
51654
50982
50180
50686
50399
50141
50680
50741
49791
49350
50367
49179
49022
51769
51259
50658
47591
48742
50414
49273
49291
49392
50214
51635
49749
49918
50134
49044
50402
49712
51002
48326
49822
49584
49255
48643
49390
49955
50447
49922
49885
48135
50188
51610
51805
48930
50159
49520
51035
51719
49579
49631
52685
49780
49297
47514
51125
49936
52383
50143
50667
50163
51014
50596
51320
50376
50008
49608
50214
50905
51556
50032
50585
50177
50539
48365
49442
49677
50870
49262
52068
48889
51871
48824
51043
48476
49755
49209
50147
50363
49572
48368
50112
48313
49777
48998
47919
49504
51780
48999
49395
49933
47856
50885
50886
50231
51506
49988
50318
49835
52115
49629
52087
49285
50366
50061
51620
49883
50916
52148
49819
51402
48211
48682
50718
51007
51095
49711
50194
49823
51136
48111
50508
49467
51711
49034
50512
48237
49397
48901
49216
50013
49195
47961
50817
49206
50631
49661
50572
50147
48829
50111
48908
51358
51353
49461
51407
49933
49783
52416
48579
49488
52853
50786
47427
50757
49480
48608
49048
50128
52487
48972
49227
50168
51101
49562
49129
49946
51543
49234
47658
49332
49140
50909
49348
51269
51728
52014
50912
49971
49952
49389
50584
51156
51298
48603
48352
50096
52316
50647
49325
50100
48911
48890
51019
50126
49781
51061
49257
50505
50847
50410
51537
48938
48956
48782
51231
48500
48655
49842
49174
49023
50077
50789
49802
49320
48471
49657
49328
51222
50142
49138
49382
48471
49739
51017
50854
50059
50044
50947
51477
50242
49950
49460
51516
48651
51634
47320
49716
48540
50050
52885
49835
49448
49291
49392
48771
50166
51562
50779
49829
50797
48387
49507
49196
48632
50155
50336
51138
50452
51850
49237
50198
50206
49791
49986
50777
46839
49974
49914
48694
48381
49993
50624
50305
48695
52141
50231
50932
52036
50027
49569
50432
49805
50010
49540
48899
51250
51775
50462
51652
48953
51089
50213
51004
51052
52213
52181
49665
49312
51131
48698
49376
50423
50291
51663
49282
51379
48466
50868
52311
49980
50905
51078
50779
51098
48187
51201
50919
48400
50363
48752
50592
48341
49263
49658
51145
49697
50464
49795
48400
51213
50412
50996
50003
49933
51198
49024
49685
50740
50714
49079
51119
50255
49686
51903
51518
50765
49145
49915
51514
50124
50273
50069
50810
51472
51062
50142
50943
49056
51207
51925
49911
49903
48936
49691
51417
49010
48813
50116
49071
50113
50190
48617
50135
48914
50934
49193
48704
48645
50040
49504
49906
49562
49576
49927
50686
51453
50551
49640
50354
49376
48148
51199
50298
50102
51297
50141
49204
48767
52097
48935
49147
49506
50349
50281
48877
49256
48209
49126
50149
49927
49865
50170
51186
50195
50873
49893
51574
49803
50818
49216
50288
49396
50452
48750
51062
50543
49556
49744
49305
48727
50287
49823
49248
49839
50080
49958
50737
49553
49457
48864
49056
49470
51004
51530
51402
49922
49739
49594
50210
51915
48822
50404
50169
49748
50453
49149
50761
48403
49695
50283
48906
49482
51208
51980
51025
49801
48899
49810
48803
50469
49230
51725
50386
48725
51516
50383
49308
49368
49875
50830
46913
51246
50947
49827
50243
50050
50558
49981
50500
50464
49431
50247
49492
50649
50316
50407
50242
51731
51474
49272
49353
49415
48655
48680
51199
51880
48725
53489
49828
50989
48925
48228
50078
48815
50890
49858
49332
50475
51192
48955
48227
51756
50886
50034
50380
50503
50902
49805
49190
49558
49617
49747
49898
49636
51199
49420
48976
49253
48617
51533
49447
50015
48898
49882
51158
50363
48952
50257
50893
50544
50193
48762
49315
50677
50837
49923
51109
49868
49694
50667
50542
49457
49229
49840
52176
50473
49995
49790
49610
49003
48127
50348
49769
48631
49090
49927
49540
50074
50688
49747
50463
49655
50964
50964
50693
51764
49199
49979
50111
48616
50526
50918
48998
51097
51840
49396
49888
50363
48772
49979
49246
48498
50653
48539
48689
51100
48392
51498
51189
51506
50170
50169
50900
50659
49289
48772
50239
49222
50302
50476
48766
51128
50446
50447
49471
51777
50202
49723
51390
50059
50510
50534
49269
51413
49916
49227
49864
50774
50670
50919
50286
51873
48823
48548
49431
49970
49860
50553
49261
50502
48828
51343
50587
49202
49031
48869
51218
48982
50336
49827
49981
49303
50016
50218
51157
49332
51009
50406
48248
49610
49334
50635
49929
49458
51704
52395
50162
48463
50206
50873
51224
50527
49034
49594
51183
49834
48747
50529
49386
49224
49924
47981
49908
50651
51308
51518
48409
50383
48824
49654
51575
49296
49495
50366
49606
49893
49554
49465
50019
49542
49867
48847
50994
50253
51660
51551
50123
49785
50212
50617
50987
49989
50737
49415
50332
50415
52072
48995
51672
50088
50316
48657
49094
51447
49274
50103
50130
49971
50117
49309
47143
50584
49558
50323
49354
48342
48953
51202
51350
51150
49555
50167
49630
51005
49872
48020
48467
50506
51362
50892
49148
49985
48024
51008
50641
50524
48770
50343
52042
51607
49449
47807
48915
51138
50554
49579
50352
50007
48052
51179
49884
49498
48720
47606
47484
50017
47952
50660
48692
48644
50474
50011
50658
50110
50010
50594
48839
49274
50013
50779
51276
50510
49249
50546
50367
51103
51365
52364
49601
50762
49610
49804
50083
49686
49828
51093
49324
50836
49573
49449
51058
49320
50283
49686
50932
50324
48793
51694
49795
51986
50443
50986
49782
49594
49356
48411
50782
51033
49316
49862
51535
51727
50346
51431
50606
50836
51138
49380
49520
49588
50539
49842
49351
49815
49522
50895
50003
49238
48105
48727
50845
50110
51157
50125
49713
49258
51860
50965
50393
50359
50201
49960
50940
51469
47795
48754
50748
47726
51081
49794
49738
50623
51084
51366
50511
49963
49121
49641
50995
51199
50934
47312
50087
51580
50971
49680
49811
50825
48886
49957
49681
51262
49574
49492
50372
50947
50839
49861
49961
50813
49770
49573
50248
49950
51114
49142
49837
48721
48715
49560
49008
50083
51018
51814
50179
50110
51441
50307
50521
50404
50275
51017
50446
48810
51460
50596
49437
50510
49629
49435
49976
49662
49864
50246
51423
51015
48742
48870
49189
50160
50415
50446
50215
48459
48727
48312
50927
49822
49769
49654
49321
49519
48192
48544
48977
50742
49881
49947
48868
49250
50134
50631
50588
49639
50949
51242
48910
49308
50302
50882
50552
51116
51849
50926
51125
50831
47716
49079
49241
48950
49813
48905
50067
49140
49957
50257
49818
49596
50546
49160
49487
49980
49756
49950
48672
48064
48778
50783
50161
49721
50272
50883
49045
51149
50030
47934
49100
49779
49488
50361
49474
50118
51296
50776
50441
49459
51661
49609
49876
51889
49148
49320
48744
50126
49759
49499
51481
48602
49502
48429
49367
49332
48723
49583
49954
50468
49988
49092
50072
50041
50150
50549
49195
49485
50705
52397
51477
49880
50427
50118
50114
48354
50013
50741
51446
50107
49252
50237
51990
50915
51673
48742
51237
49492
50534
48577
48952
50536
49746
49389
51685
50250
50710
48706
51391
51430
50037
48130
51866
50044
50532
50712
52307
50930
50361
49228
50783
50855
49648
51236
49081
49565
50903
49111
49434
49589
49373
48986
49809
50931
50813
51015
50999
49028
48480
49019
51979
51491
51513
48283
51099
49011
50259
51189
51599
50843
52357
51854
50418
48047
51003
49190
46423
50035
50739
50580
50550
50409
50583
49880
48385
50248
50633
50410
50444
50378
49652
49845
50817
49823
50785
50083
49929
50389
50400
50091
49149
50345
49838
50817
49569
49122
50574
50024
51107
50470
50168
49332
49638
51474
48811
50575
50842
50149
50754
48575
48245
48917
50560
50181
50195
51250
49057
49051
49881
50537
48900
50226
50295
50237
50059
50136
50628
48680
50754
49163
50174
49306
50236
49134
50375
51147
50675
52114
51251
49715
49514
52158
49907
51689
49928
50684
49753
48141
50574
50564
50720
47580
48500
50054
48224
49717
51426
49889
48413
50029
48586
49952
49386
49093
50375
49500
50946
50584
49207
48659
50088
49456
49863
49621
50588
49092
51645
49496
50716
49166
50626
49869
50821
49531
50045
49418
50022
50508
49549
49911
50382
49589
49977
48913
50152
49045
49454
50981
51923
48878
48255
49219
51609
51046
48884
50953
48511
49815
50305
50082
51579
50814
49549
48983
50317
49424
50164
49833
50411
49362
49708
49222
52135
48594
49729
50674
50185
50048
48271
50936
50830
50026
51736
49020
49595
48333
51166
49073
51755
51614
49002
50088
48319
48856
50022
50068
49875
51367
49986
48868
50601
50643
50201
50184
48889
51146
50926
50328
49716
48779
50400
50450
50488
49578
49109
49198
49778
47799
50617
49245
48680
51520
48883
48842
50328
52135
50004
48582
48846
48745
49104
50888
48992
47516
49176
48926
50579
48722
49033
49277
49663
50014
49570
51200
51057
48700
49600
49397
50627
50273
49374
50007
50059
50462
48550
49957
49909
50738
50867
50454
51143
48965
49880
49377
50113
49387
49810
49740
48937
49511
48946
49553
51288
50865
48834
50421
50622
51035
49896
51166
48984
49584
49761
51000
50251
49622
51063
50122
50123
52261
50115
50084
48799
50158
50026
48117
49612
48514
50985
49982
48718
49653
50711
49253
50396
49656
50609
49331
50264
51158
49920
49913
49793
51268
50162
49935
52211
50113
49993
49156
49752
49767
49859
50151
51347
51176
50738
51557
50202
49758
48715
50217
50594
49763
49977
50874
50023
50228
50554
49385
51554
51531
51306
49798
50322
50233
50262
51381
50335
49265
51461
51506
49978
51349
50462
50296
49963
49137
48657
50140
50169
51016
47981
51509
47902
50184
48607
50180
50119
50810
51512
49515
50497
50642
50194
50962
49142
50139
49350
48116
51388
50617
48807
49520
49526
50298
49910
48599
50196
49361
51930
49872
51496
51186
50015
50646
50803
51711
51920
51903
49403
50729
50054
49853
51474
47375
49619
49161
50597
50887
50361
51179
50122
51192
48992
50370
52419
51477
49484
51500
50086
50081
51527
50833
49029
48530
49458
49076
49099
50852
51125
48963
49428
48641
51089
49656
49761
49941
51863
50326
49763
50512
51703
50002
50897
49216
51804
49527
51215
50351
50088
50179
49706
48436
49282
48522
50534
49945
49200
50168
48943
49442
50195
52394
52493
51163
48594
50379
51001
50028
48383
50149
51162
49953
47336
47695
50467
49557
50677
49532
50969
49068
49114
49187
51566
49904
49041
49877
50678
50405
51310
49010
49446
49225
48913
50246
50518
49961
50741
51323
51089
49922
50614
49681
48714
50968
49572
49025
50888
49758
48944
51401
48998
50456
49666
51530
51376
50500
51002
49413
49576
49760
48424
51316
52362
50119
49834
51112
49756
50672
50995
50328
49949
49558
49527
48497
50303
50368
49455
48192
51572
49932
49535
49484
49111
49978
51929
50111
49892
51039
51662
49451
48344
50530
49392
50027
50299
49007
49780
48606
50001
48980
52081
49640
49329
48824
50192
51429
49489
49912
51095
49183
51086
48932
49831
51213
51043
48062
48315
48295
50457
50028
49636
48311
48570
50518
49609
50176
49332
51858
50294
50834
49329
50487
49123
50332
50163
50594
48971
50529
50457
50544
51028
51288
49936
52111
50739
51263
48555
51234
50181
49301
49870
51163
50454
51184
50789
48561
50475
50877
51787
49571
51794
50871
49943
50999
50887
50351
50233
50173
50259
48343
50544
48873
49828
48995
50149
50946
48882
51136
51364
49795
49722
51339
50932
50334
50825
49166
51321
50099
49215
49830
50187
50252
50884
49687
51157
49155
52406
49785
50256
51215
49412
50394
50476
49456
48747
51476
51261
50057
49884
49307
50504
51249
49841
51287
48160
49983
49255
49887
49673
50572
49311
51375
50638
49499
49037
49856
50886
50355
48416
49306
49461
48733
48869
51075
51274
50495
50169
51034
50291
50472
50646
51489
49676
50868
48733
51518
50494
48538
50089
52682
49371
50871
50790
49717
48555
50554
51061
48441
49592
50261
49744
49604
48448
51828
49341
50515
52307
47984
49214
50320
48423
50352
48850
49330
48169
51287
50344
51334
50036
47402
49459
49661
49342
49818
49467
49354
51339
49843
48443
47860
49923
49698
49739
50129
48618
49676
50797
49600
51247
50034
50476
50537
50601
48879
49684
50577
50601
49983
49905
50724
50596
49537
50519
52074
48959
51102
49648
48245
50743
50993
49579
48901
50312
48642
49361
49717
49153
51168
49529
51461
50736
48677
50263
49561
50767
47984
49305
50860
50574
49128
51032
50448
48945
49576
50276
50583
49805
51117
50521
50039
50200
49797
48704
50033
49488
50343
52267
49361
49212
49755
51329
49361
51193
48879
51251
51822
49705
50610
48446
48749
50708
50090
49882
50253
50168
49928
50647
49311
49448
48648
48387
49008
50342
47506
51651
46681
50897
50596
49220
49898
47649
48987
50037
52407
49944
49556
48948
51878
50719
50285
50376
48859
51269
48039
49358
47740
50578
48690
50044
46829
49411
49565
49615
50074
50281
51170
48740
51106
51052
50877
50597
50781
49425
50275
50684
50539
50528
50326
51959
50006
50960
49820
49586
50640
49139
49703
48579
51939
50089
51600
50698
50158
49064
50285
50322
49882
50244
49634
51389
50236
51283
49992
50570
48349
50746
50165
49721
51034
50138
50034
50191
50880
47815
49756
49256
49843
49995
50482
51466
52525
50649
49448
49821
50188
49104
49309
48912
49542
50657
49291
49417
51498
50814
47633
50687
50118
50106
50071
49000
50993
48793
50142
49891
50851
48390
50800
49656
51316
49454
49066
50719
48664
49177
49675
50231
50508
50169
50192
51874
48776
52679
50806
50211
51896
50041
51265
50154
50155
50505
50619
49348
48354
51226
49238
50295
50731
49216
51181
49659
50441
50932
49688
50669
48116
48969
49186
48976
50300
49327
50502
49345
48843
50080
50222
48483
47925
48833
48953
49716
49793
50412
49136
49302
49392
50325
50363
50038
49185
49773
50448
48376
50966
50617
50434
51043
50687
50279
48776
48264
52446
48758
51120
49063
49439
50139
49675
49598
50547
52012
49874
48899
51094
49950
48635
50803
51115
50448
52258
50512
49975
49221
49751
51003
50313
47276
49145
49623
48246
48175
50140
50507
50788
50383
50134
48514
50484
49953
49351
50854
49856
51420
50029
50688
49531
49433
50872
50168
50698
49823
50248
49465
50754
50530
50768
48616
49710
50512
49058
48237
50144
50821
49646
50934
51481
48894
51625
47824
48848
51872
49289
47500
49617
50403
50233
49993
49903
51200
48562
47663
48259
50262
49342
49505
48858
49555
49097
49377
48629
51510
49120
50482
50065
49663
49595
51596
48996
51371
49854
49720
49885
49642
48576
50352
52167
48810
48101
49207
49609
48074
50204
49173
50204
49865
49655
50068
50083
50022
50748
50403
48980
49082
48613
49866
49496
47751
51611
50364
49596
50058
48816
51214
51309
49874
49968
50413
48179
49851
50732
48714
50135
49668
49532
49803
50338
49864
48932
48531
50145
52209
51138
48368
50018
49158
50106
49402
50314
50761
48957
52551
49604
48692
49633
50246
50027
47823
49025
52485
50145
51953
50354
51722
49460
50868
51150
47612
51066
51411
51124
49889
49851
50817
49444
49822
50112
48733
50224
49106
50141
50833
49141
50380
51176
48091
50039
50464
50486
50133
52020
50205
50049
50641
51524
48432
49320
50623
49937
49928
50600
49961
50171
48615
49022
50431
51105
49704
49185
49448
49693
48869
50856
50660
50405
49844
49790
50574
50481
51120
51063
52146
51006
50049
47655
49959
50181
50377
47921
48958
49681
50545
49079
50315
48844
50139
48489
49303
50366
49981
50288
48764
49561
50324
48689
50798
51790
51638
48555
49524
48631
49466
49084
51629
49992
50086
51385
49438
50435
49335
49642
51034
49143
50319
47963
50371
49472
51614
50825
49920
49554
48953
51012
49602
50194
50072
49493
50526
49355
51806
50878
50756
48074
49069
49986
49148
49912
50463
49050
49018
48279
49193
49397
51507
48685
50766
52106
48270
49007
49489
48315
50664
50038
48809
51378
47446
50040
50210
51856
49308
48373
51137
51122
50973
50239
50029
50081
50929
50373
49884
49735
48291
50265
49044
50458
50557
49252
49507
49535
50241
48678
51614
49112
50494
48938
49931
50817
50132
50388
51238
49144
49823
48889
51392
50858
50620
49209
51806
52127
50478
51198
51040
49447
50288
49442
49165
50227
50230
49725
49526
49334
51277
50150
51328
50136
49529
51135
48269
51046
49429
50080
51017
51410
49713
49698
51200
50275
51705
49707
50723
48089
50670
49138
49443
49451
49697
49334
50400
50202
50069
50563
52016
48625
50667
50434
50447
50616
51278
49380
49862
50092
49292
51748
50041
50357
49602
50631
49885
49805
48604
51846
48839
48867
49652
50869
50248
50822
50632
49978
51312
50050
49643
49196
49027
51425
50585
51408
48263
50765
50005
52350
49896
49315
49282
50860
50484
46893
49710
51481
49906
51096
50335
50575
50772
49371
51623
49679
52381
50058
50043
50524
49544
48514
50073
51147
49455
51632
49931
49675
50507
50330
49928
49677
49817
51356
49820
50393
50069
48202
50796
48184
52297
50793
51172
50342
50238
50625
49595
48552
48191
49962
49390
49840
49237
49571
50207
50316
50970
49223
49867
49429
47360
50087
50238
49286
50241
50528
50951
48473
49589
50749
49312
48704
48715
49296
49997
49198
50338
49319
47784
48024
48990
51236
50333
50055
50693
49249
49416
50670
50074
48489
49129
49749
48290
49537
48732
50225
51478
50692
50488
50800
51741
51800
49868
50070
49338
48918
48546
49920
49712
50746
49356
49233
50545
49410
49901
50835
49363
50430
50046
48854
50211
50087
51040
49159
50913
48745
49755
48513
50803
50117
50141
48947
48600
48648
49911
49466
50351
49570
50303
48886
47881
50810
51440
49089
51539
50672
49374
50722
51048
50426
51107
52234
51157
50147
50583
50968
50796
47714
49473
49083
52396
50910
50996
48811
50740
48883
48417
50153
52249
50693
51033
49760
49856
51166
50014
49273
50094
50810
50401
49656
50608
50059
51640
51530
50867
48251
50344
49963
50024
50210
48087
48837
49904
50712
51363
48804
50189
49021
51511
51036
49807
50483
50659
49904
50503
51573
50169
49707
49051
50333
49823
50380
50556
49940
51301
48781
50966
49145
50192
48995
51483
51415
50752
50088
51506
49854
49563
50709
49609
50842
49330
48598
50506
49947
50841
48866
50607
50318
50352
50950
50342
49514
48466
50207
49212
50857
49131
47996
49699
51325
49651
52058
50060
50111
49718
48757
50864
49917
49596
51172
50473
51773
48657
49690
50149
52263
48611
49041
51841
49225
50173
51100
50711
52257
51240
49745
49560
49267
49274
51226
49434
50874
49811
49542
49838
48691
49780
47762
50610
49344
48874
51250
50279
49013
52218
48012
49985
49682
51095
49451
48968
49863
50486
48568
48822
51172
50674
49751
49642
50690
50414
50310
49067
51825
49428
50222
49346
48994
49397
50731
50493
51262
50644
49575
50043
48950
49797
49284
49268
51465
49554
49980
50649
49693
50142
52151
50027
52109
49199
49194
48232
49024
49818
49446
48853
49738
49789
50707
49094
50245
48586
47119
51241
49727
50956
49730
48461
50927
50151
49694
47699
50897
49762
50628
50276
50878
50631
50919
48785
49481
50227
48267
50923
50459
49081
50853
48229
49427
50967
50286
49155
50680
50731
49266
50065
48489
51047
50200
51837
50063
50307
48708
50495
50572
48933
50108
49715
49326
50095
51215
49883
50742
48855
49930
50329
50580
50152
49133
48755
51678
49228
51778
47712
47053
49220
48970
50610
50340
49282
50199
49225
49645
49495
50832
49131
49049
49388
51020
49884
47842
49489
50804
51080
51042
50756
50053
48984
48702
48926
49368
50087
51209
48767
50875
50100
49994
50509
49358
50824
49942
50302
48411
50709
50552
51151
49741
50031
50206
49440
49482
48806
49762
51059
49578
48879
48677
49873
49250
50162
49497
48956
50425
48824
49805
48026
50992
49302
51439
49951
49551
50535
49011
49672
48499
50083
49576
50880
50044
49799
49945
49835
48831
50836
52077
50773
49835
51034
50840
50247
51184
50889
48323
50377
49703
49667
49660
49731
51431
49435
48848
50238
49288
48841
48968
51020
48645
49634
50444
49488
51293
50125
49659
48714
50380
49876
48896
47955
51421
48693
51862
51042
50596
50404
49823
49843
51001
49612
50118
49828
51154
48146
48798
50381
48683
50123
50766
51912
50384
48937
51471
50134
50896
50370
49211
50381
49627
48310
49326
51178
52239
50337
50536
47461
49413
50423
49755
51987
49134
51092
49646
49405
49551
49260
49367
51095
50065
51495
50332
51312
50345
49993
48837
49417
50608
50425
51123
48655
49373
52165
49839
50652
50682
50487
49929
49474
50596
50506
50415
50628
50334
51930
50578
50124
47488
49500
47132
50180
48650
50298
52184
49650
48321
50584
50830
51074
50698
53019
49039
48230
50066
50236
50249
50564
50051
51300
49797
50244
50434
48790
49714
50156
48240
49147
49406
49839
51107
50578
50190
50262
51268
50385
49692
49514
49447
48597
51844
48838
50520
49435
51129
50027
51237
49984
51001
49377
48227
50017
50491
51863
48650
50593
51085
51155
49518
48077
52305
49234
50393
49493
49352
51724
50612
49502
50728
50903
52499
50958
51120
47849
51136
49640
48477
49966
51065
49709
50738
50716
49916
50361
50274
48531
48526
50890
51630
49883
50211
49007
50235
49185
50625
49656
50080
50715
48346
50398
50932
48953
49022
50495
49636
51537
50550
48479
51299
49956
51703
51103
50978
49261
50707
50928
49781
50878
49424
50781
51014
49763
49339
48339
50888
50127
49535
52047
49127
52060
49954
49180
50156
49822
49203
49261
50229
49297
48566
49623
50010
51292
49653
48779
51117
51843
51411
48574
51942
49424
50415
49952
50669
49098
49280
50579
50133
51005
49459
49149
48952
50922
51931
49285
50812
50191
49248
51252
49097
51755
49603
50603
51221
50304
51418
50497
51236
48474
49814
48584
49803
49118
48007
49968
50525
48654
48347
49209
49847
50276
50099
50354
49129
50149
48481
50011
51808
50180
49420
50225
52304
50247
50394
51452
50188
50256
49367
49662
48314
49821
47900
49596
50340
50173
50137
51375
49681
48467
50462
49724
49716
50304
50140
50201
49992
49646
51566
48482
49450
50628
50722
50084
51261
50106
51700
49860
51035
50402
47566
49035
48441
48164
49879
49810
48680
50869
49686
50450
50538
50295
51262
49823
49753
48613
51143
49647
50228
49527
51057
50103
51016
50114
49191
50216
48782
50061
50340
48648
49422
49680
47583
50444
49325
50496
49722
48658
50843
48011
48952
49026
50663
49821
49642
49878
49733
48492
51994
49567
49587
49070
49743
50929
48477
48945
48980
48841
51038
50170
48210
51460
51460
51261
48949
49364
50744
50589
50660
50696
49051
48068
47057
49740
49279
50266
51007
49761
51010
49759
50864
50043
49974
50935
51144
51985
49980
50737
49467
48385
50357
51690
50632
48206
51727
51082
51063
50350
48395
52334
49377
51526
49156
52161
51379
48891
48202
49423
50577
48467
50436
50324
50022
50538
50243
49705
48936
49658
49885
50765
51309
50015
49816
50236
49679
50524
48480
49687
49069
49909
49803
50473
49590
49878
50427
48811
49544
51195
49929
49035
49226
47490
50637
48997
48816
50441
49126
51070
51291
51557
50849
49716
50928
51201
50975
51389
48052
50548
52438
51762
49017
49984
49579
50543
50714
51555
49805
50383
49944
51226
49718
48367
50391
49643
49271
51395
49907
49115
49224
50482
50220
49098
49938
51574
51387
47978
50755
50400
48685
49423
50298
52081
50029
50092
48783
48668
49813
51980
51076
50669
49112
49635
48844
51071
49599
48734
48704
50174
50410
50924
47810
49832
50980
49597
49241
51595
52187
49046
49593
50470
49559
49449
49740
50741
51220
49851
49535
50002
50107
49319
50370
50616
48767
50677
50771
50582
50418
50662
51111
49370
49563
50366
49854
49838
51544
48829
50740
49054
50840
50143
49153
48976
48286
50342
49798
50625
49937
48970
49418
49553
49916
50704
49648
49770
50627
49493
52104
49640
50041
48119
50562
50148
50004
49613
51348
48561
50431
48865
49473
52382
49048
51238
51406
49190
51637
50041
49755
50112
48958
49774
49266
50964
51585
49991
51067
47915
50914
49496
49487
48269
50003
49253
50792
49590
51346
50205
48313
48378
49761
48733
48028
48795
52385
50383
51636
50270
51555
49532
49552
49452
49978
50798
49854
51160
48648
48832
49889
50866
47314
51929
51891
51769
49692
52180
48278
49372
50741
49702
50405
50053
50792
50114
49383
49671
49775
49336
49800
48651
49463
50631
49360
50998
49192
48585
52178
50218
49864
50728
50519
48765
49714
49843
51122
50945
49202
49784
48285
50388
49990
49701
49862
49240
49221
50046
50258
50825
49806
48504
49861
49045
51649
50882
49763
52498
50032
50795
48407
48916
50573
50253
49045
50516
49688
50307
48522
49300
48967
50832
50017
51859
50703
49682
49705
51789
49006
52240
50080
49738
50002
51099
49893
49430
50333
50230
47044
50385
49896
48755
50156
49386
51648
48280
50618
50608
49144
48815
50367
49843
51096
49668
49285
49263
49035
50900
50584
50345
50713
49708
50479
49491
49485
50755
50140
49777
49347
51023
49789
51124
49270
50484
50754
49201
49838
51600
49854
50415
50271
50008
51099
48654
47488
48862
50060
48854
49090
47919
49817
49688
51273
49038
50057
48498
47667
50185
49063
48246
50141
50461
49832
50041
49642
49765
49712
49171
51094
49101
51004
50602
50073
49610
50571
50722
48890
49214
49883
50735
49169
50214
51155
49007
50910
49214
49400
50476
47994
51610
49477
50112
51229
46948
48803
48407
49967
50728
49403
49380
48775
49813
48736
50378
49310
50317
50350
50484
47901
52197
50318
49235
50372
50888
49533
51134
50372
49751
49628
52401
50081
49619
48773
49755
52914
48961
49851
48593
49060
49508
51228
47331
49887
49804
48759
49622
51242
50815
48915
49720
50884
48167
50033
50369
50206
50964
49176
51437
49718
50933
50102
48699
50137
51188
50027
47958
50995
50456
50925
49376
52272
49534
49542
50122
50689
49830
49875
51101
48651
49822
51012
50248
51623
49522
51889
50085
49347
49019
48561
47096
49509
49150
50956
50924
48408
49738
50411
50445
50672
48516
50209
50398
50262
48692
49246
49979
51393
51239
50486
48856
49895
49899
51298
50511
49735
49299
49749
49716
49071
50914
50527
49966
47925
49750
49374
50781
50542
48238
49631
49031
49499
49290
49782
51587
49917
50223
50758
51558
50659
50907
49630
48327
48605
50881
49966
50005
52357
47673
50402
49360
51333
49318
49662
51435
49309
50135
49443
47878
50005
50220
50910
49448
49789
49554
47819
49071
50644
51965
50091
49252
50759
48762
51382
48033
48689
48905
48373
50001
51135
49191
50753
48697
51494
49653
49645
50419
51342
49980
50685
51466
49213
49092
49784
49020
49248
50649
49730
48285
51178
50807
50041
49448
49652
51620
51090
50685
52020
50521
49369
51705
48937
49031
49965
51771
49253
51263
49439
50669
49927
50717
51022
50308
49638
50479
49214
51596
50428
48964
50744
50248
51680
50683
49908
50632
51024
48396
51253
49023
49108
51135
47992
49231
50151
51488
50483
50887
50902
51079
50839
50661
49887
50565
49510
51750
50333
50071
50918
50104
50103
49565
49442
50043
50441
51033
50546
49422
49103
49289
51862
47809
49655
49717
49985
49470
51261
51136
49675
50451
52193
49914
50666
49703
51272
52014
51327
48837
50028
48905
49112
51702
50200
50291
48277
49034
49567
50119
49124
47746
50200
48727
49528
49159
49951
49919
50055
49418
50774
51922
51491
52726
49574
51178
48665
48116
49765
50196
49492
51940
49828
50280
49275
49518
49454
51441
49805
50113
47974
52278
50297
49117
49024
49335
49767
49676
49880
51546
50861
52253
48311
50786
50328
50474
51415
48781
50438
51230
50422
49659
49387
49577
51086
49466
51304
51651
50499
49809
50029
49621
50169
50983
49136
50117
50369
48721
50430
50186
50158
49115
47918
50271
48389
50939
50325
49932
50312
48590
50866
52614
49706
50362
51626
51357
49344
50517
48137
48120
50431
49208
47869
50655
52166
50600
50634
51419
49344
49671
48913
50070
50449
52730
49480
50080
49054
49856
49622
51185
51158
51682
50424
48736
48871
48604
49218
49255
50229
49599
52242
50282
49053
50837
49563
50663
50879
51750
49880
51159
49591
51851
51347
49557
49532
50901
47015
49208
52266
50061
50302
50337
51318
49360
50758
48722
48261
49739
49922
49577
50371
49870
48383
50254
49388
49908
47182
52337
49856
51841
51411
51561
50099
50399
49747
51777
50462
49168
49771
48562
48690
49408
47372
50516
48859
50241
51943
49372
48436
49359
49205
50235
51821
50870
50656
48735
50394
49695
49788
50793
50163
49061
48087
51969
49339
49823
49507
49675
50857
50073
49526
50042
50081
50737
49944
49521
48393
49923
47446
49820
49092
50005
49866
49438
50596
50518
50700
49596
50462
50728
50295
50772
48323
50886
48507
50125
51007
49977
51245
50205
50825
49281
49250
50954
49208
49036
47798
50817
50286
49074
49923
49028
50999
49323
51229
49457
49766
50266
50178
49837
50257
48021
50371
50252
49160
51018
51096
51230
49800
50750
48011
50800
48753
50067
46616
49713
49665
50826
52432
48958
50890
51365
49152
50346
49305
50040
49621
50262
50382
50103
50516
50466
50619
50447
51181
50121
49721
48317
51246
50426
49130
49650
50762
47368
50082
50517
49163
51102
50888
48643
50747
48761
49876
50205
50533
51001
50253
50534
51646
49969
50200
51274
51461
50590
48993
51055
48886
48811
48883
50534
49837
49456
49682
49241
49145
50601
50371
48297
50659
49455
49478
49188
51534
49746
50633
49008
51415
50955
50246
49537
51222
50002
49249
49835
48681
49034
50803
49661
50778
48334
49806
49490
50554
48831
49388
48577
51487
49684
49685
50617
50589
50567
50971
50024
50759
50885
49495
49588
51620
50640
50582
50036
48462
49569
49974
49696
50574
51176
50413
51680
50290
48919
51164
50239
51116
47830
50492
48764
50637
50571
50586
51292
50101
50130
48951
49427
48336
50458
48416
50101
49186
49901
51209
49291
50725
50666
51295
52689
48738
49770
50845
51259
49645
49412
49338
52128
50057
49828
49450
48088
51898
50685
50565
49202
49170
49999
50366
49427
50328
50813
49194
49828
50630
49230
51407
49006
50152
50333
49530
50457
50127
49670
52122
50896
48989
53020
48618
48172
50826
49235
49302
48245
49732
50146
52140
50602
49020
51145
49431
48384
49941
49884
51691
50748
49249
49579
51092
49231
49220
49915
48135
51291
51089
51143
51557
50761
49221
49622
50578
49958
50466
52377
48584
50666
49828
48830
48464
48439
49335
48991
51068
50577
49621
48836
48441
50554
50280
48490
50483
49135
50743
48314
50113
50428
50172
50682
48989
49873
50355
49604
50765
51399
52062
50268
49447
49466
50405
49084
49948
51196
50169
51006
50480
50624
50996
51736
51342
52880
49359
50233
49441
49141
50935
49087
49803
50297
51158
51483
49362
51692
52831
49163
49965
51720
49602
50306
50125
51545
50315
51460
50378
51120
51282
49700
50614
50869
48988
49517
52286
51275
49521
50210
50023
50282
50967
49887
47122
49220
49968
48114
50308
49752
48745
49227
48167
50656
51098
49803
49108
49256
51162
48877
49043
49286
50141
50735
50436
50651
47915
50118
50678
48966
50596
50875
50548
50334
49534
50870
49015
50227
49430
49720
49381
51056
50016
49883
50339
50976
49897
48653
50358
48863
49011
48409
53431
48506
51901
50736
50271
51040
52090
50730
50208
49343
49691
51465
50120
49238
48395
48966
50186
49885
50195
52173
49733
50357
50863
49105
50148
50527
50507
49341
50939
50300
50616
48595
50628
50678
49379
50607
51064
51236
50300
50817
49087
49296
48672
48349
50798
50566
49759
50608
50764
50438
50431
51302
48735
49839
49726
50934
50602
50498
52375
49579
49857
49648
50726
50125
50263
50172
50785
49449
48380
49023
52270
51102
50224
50719
49533
49522
51043
49746
50515
51107
48391
48804
50827
50843
49424
50408
50073
48845
50424
50946
49790
50021
51763
48995
50395
50461
51502
51402
50220
51000
50007
50201
49869
49391
48777
50411
48867
51758
49591
51380
49952
49178
51502
50593
50594
49599
49116
49901
49786
47347
48433
50038
50166
49236
50428
48791
50153
50229
50241
50118
51522
49641
50699
48713
51469
51561
49925
52670
49688
50253
49092
50176
49105
50395
50634
48212
50189
50190
49956
50293
50614
50854
51705
51297
51330
49876
50245
52101
51690
49530
50735
50934
50443
53184
50057
50424
48216
50811
50327
49538
51248
50575
49066
50280
49113
48560
51228
50884
50465
49945
49873
49173
49024
49945
50225
48677
49754
50743
50740
49010
50754
49465
48946
50531
50140
49447
50005
51065
49723
49985
50600
50864
50897
51162
49829
49384
49661
50445
51551
51191
50722
52247
49787
50780
50907
50381
50411
49394
50756
52077
50065
50067
51231
49277
50273
50674
50982
50828
48889
51288
49650
51457
49029
50219
49980
49208
49843
50469
52104
50005
49878
50141
49955
51033
50169
49239
50937
49003
50593
50321
48987
52294
49789
48941
49773
49240
51069
50361
47891
51323
51537
49626
52183
49245
50632
48540
49779
48802
48553
49964
49845
48770
50484
48814
49172
50473
48879
48981
50420
49339
50432
49241
51437
51663
47969
51039
49373
49586
47538
50514
48335
51888
49457
51496
49062
50104
48347
50028
50522
50880
50190
52788
51669
49518
49437
51251
49682
48936
49751
49784
50529
51302
50678
48432
50973
46962
48842
50237
50505
50119
49151
49778
51730
49008
50447
50589
50209
50862
49314
50152
50796
46880
50567
50905
49899
49953
50447
50359
51856
48604
48577
48800
52073
48321
51286
48445
50775
51625
51861
49579
49107
51137
50207
50346
50541
51137
50747
50255
50233
49783
49497
48935
49129
49480
49647
50426
50162
50712
50062
49529
49046
49224
48284
49421
49134
48946
48908
50101
49274
51749
49367
49280
51150
50778
49283
50446
50569
50884
50035
50354
49572
49349
50888
48106
49487
48611
50009
50081
50573
50169
48769
51688
48954
51479
51292
49987
49702
49986
49898
51212
50492
49226
51063
49162
51322
49739
50618
50505
50987
49785
49841
50493
49773
50694
50554
48245
48924
51114
48988
49257
50634
50327
49877
50100
51290
49734
50007
49032
50061
50096
50480
48502
49660
48253
50150
48509
48833
50081
49271
49821
49347
50878
51726
49688
51180
49757
51424
49366
51929
50285
50962
49907
50527
49655
48583
50707
51345
51269
51877
50581
52773
48431
50612
50937
49768
49199
50529
51387
48418
50815
51228
50227
50537
51917
50184
50699
50460
50994
51161
51332
50731
48456
49238
50525
49220
49096
49773
49612
49483
50005
51376
49473
51424
49399
48904
50752
48833
51772
50475
49917
48555
49589
48383
49504
51288
49971
49587
51440
49083
51373
49272
50354
49731
50200
50882
48983
50579
50509
49541
49395
49004
49255
48215
49726
50611
49967
49829
51003
49805
48696
48883
48204
50134
48962
51645
51206
49271
48974
50049
50874
49063
50138
49596
50062
47133
50212
48526
50049
50611
51200
49134
49075
49893
51292
49952
51187
49053
49315
51366
49827
51217
50555
49527
49719
48618
49261
49377
51173
50198
51185
49845
50017
50352
49886
49815
50094
49063
48786
50031
49852
50011
49363
49106
50285
48999
50328
50115
50461
48197
48694
49807
48125
50006
52204
50582
50628
49366
48911
47086
47187
49832
51032
49704
51225
50946
51469
50054
50011
49389
52089
50492
49828
51247
50543
50106
50128
49559
48903
49225
50871
48805
48745
48719
50511
50485
48838
51161
48897
49952
49054
50688
49251
50382
49576
51374
51243
50975
49381
49895
51753
50113
50995
49788
49584
50300
50493
50358
50056
50514
50338
51880
49784
47814
49245
51681
51069
50306
51573
48314
50054
48652
50205
51930
49377
48816
49861
49281
51141
49054
48625
51143
49634
50903
50718
50240
50776
51121
50907
49002
50144
50909
49862
49000
50805
48389
49581
50476
49416
49482
50761
48331
49053
49249
49460
50176
50380
50886
51537
49582
50367
50719
49812
50192
50815
48737
50491
49069
50801
50768
49965
48080
50246
50545
49716
51030
49670
51328
51800
50896
50566
50719
51246
49272
49542
51858
48838
49030
50511
51996
51597
48586
50328
49659
49850
48717
51273
48491
49131
50400
48823
48893
50827
51080
50609
49391
49651
49348
47603
51684
50027
49837
49734
50008
49341
49710
50970
51281
51084
52781
48089
50384
51034
51795
50649
50142
49383
47906
49607
52099
49049
49379
49367
50201
50009
50690
50772
48457
51340
50048
51541
50026
49388
51940
49270
47848
48790
50667
49776
51858
51111
49546
49352
47625
50451
49183
49147
49656
48337
49589
49839
49316
48462
50660
51159
51000
50172
51388
50570
49972
50568
48442
49996
49290
51064
48760
49589
49342
52501
50747
50048
50636
48904
49809
51091
48164
50623
49999
50782
51023
49763
48425
50080
50072
50530
49065
50854
50096
47871
50024
48328
49608
49351
48569
51023
49254
51595
50467
48930
50224
49628
50259
50981
48086
50459
49484
51180
49694
50589
49909
50780
49830
49644
50477
50721
50580
48769
49295
49694
48381
49799
49009
48751
51200
49846
50821
50586
47864
49721
50719
49478
48315
50274
49554
50804
48452
49857
50540
49977
49359
49183
50006
51006
50030
49625
51061
49502
51441
52041
49908
49847
49966
50148
49767
49254
51106
50170
50092
50063
50948
48906
50486
50267
50240
51395
49342
52499
50259
49517
52278
49250
50958
48511
50173
49267
49944
49023
49831
48731
49966
49785
48984
50682
49566
49868
50410
50196
50154
50601
48702
48640
49944
51266
51365
50403
51523
51450
50503
51444
50238
50886
50988
50314
49712
48981
50902
48723
49923
49890
49055
52238
52065
49497
50395
51034
48992
51503
49926
49960
49204
50237
49189
50553
48740
50515
49705
50149
48363
50480
49126
50134
49588
49288
48960
48864
49027
51003
49139
48610
50133
49796
48905
49322
51668
49787
50415
49251
48938
49617
49687
50817
50727
49649
49807
49242
48922
49849
50137
51753
49841
48341
49886
50144
47974
50100
48497
49036
48909
51262
50605
52566
51251
50876
49855
49283
50371
50523
48371
51332
50013
50157
50670
51433
50044
50337
47812
48905
48780
50174
50139
50168
49759
50995
51900
49068
50102
50666
50199
50794
49489
51068
50841
50302
49172
49651
50792
49677
49698
50324
50274
48836
50617
50145
48451
50560
50098
50707
49034
50423
48998
50158
49688
49301
51127
47320
48308
49091
50535
49576
49541
50314
48847
49850
51022
49688
50936
49703
47894
50611
49734
50811
49389
48700
49938
50477
51968
49953
50037
48612
49828
50332
49556
48231
49902
50558
49420
50791
49997
52255
49716
49676
48833
50099
48722
51667
49301
50754
49065
47866
51717
48607
49200
50259
50246
50223
49883
50358
48172
51166
48726
51120
50323
49330
48197
51724
50960
51440
49272
51455
49458
51075
48348
49622
50956
49418
48810
50171
50350
48829
48299
51117
49357
50226
48449
52105
48907
50046
52131
48684
48653
46470
50229
50568
50722
49553
51051
50404
50970
48934
48933
49754
50686
48968
48776
50877
50825
50935
50460
50204
49941
48575
50370
48603
51686
49994
49981
51194
49705
49767
49599
47929
50388
51180
50841
48296
49824
51443
49739
49247
50404
49819
48447
50468
49872
50867
49737
50300
47960
50763
50749
49527
49952
50092
49411
49684
49895
49961
50005
50397
48730
49602
51345
49467
49662
52462
48090
50662
50747
48948
50975
50903
49937
48599
51033
50128
50001
48306
49309
49083
48900
49789
50366
51181
50978
49858
51404
50318
48645
50398
50598
49689
50563
49571
50239
48886
50679
49997
49458
50552
50089
49551
49746
49405
50651
50345
50584
48798
49980
49784
50863
49871
50483
48541
48524
50167
52006
48832
50472
49234
49139
49618
48734
47451
51232
50878
50151
49644
48624
51956
47331
47649
51057
49469
51863
51631
49990
49894
51150
50169
50188
48937
49770
50984
49749
49182
50808
50281
48430
48887
49972
47769
49455
49683
50429
50637
50550
51754
49525
50546
50161
50122
49429
49988
48917
49321
49283
51106
51438
49438
49665
48976
48754
49905
49960
49341
49057
49544
48475
49758
50025
48952
49940
50300
51169
49221
50176
50710
50745
49770
49720
49232
48424
49945
47923
50879
49883
50034
50149
50463
51506
50865
50373
51255
49563
48468
50064
50383
50401
49855
51436
49261
51309
48704
49792
48695
49756
49459
50874
48802
49797
50296
48788
51249
51015
51062
49571
49562
52108
48857
49296
52143
49634
51189
49191
50358
48421
49096
49830
50811
49165
48300
48422
49675
50306
50383
50841
49125
50416
50266
48819
49698
51506
50698
50448
49008
50332
48198
49035
50121
50520
49688
49770
48959
50189
49435
49418
50929
48357
49223
47432
50458
50574
50113
50810
50449
50911
49880
50250
49016
50451
50407
49641
49546
49015
49722
49103
51064
48790
50067
49396
49404
49601
50413
48254
48724
49411
49359
49362
49234
49506
50449
50924
51469
50504
49091
49564
49892
49829
50214
49285
49972
50414
48713
49059
49472
50437
49644
50824
49632
49836
50339
48377
50334
48225
49495
50917
50354
49738
50631
50226
48986
51348
50011
49872
49087
51154
48765
49307
50154
49959
49583
49530
49437
50292
51111
50013
48156
49583
50513
50203
51612
50266
50451
49060
50037
50857
50266
50865
50608
49924
50720
50216
50077
50953
49459
50045
51236
50477
51048
49512
47583
50839
49995
48868
50726
49324
49621
47677
48544
49555
50027
49409
49663
48498
49710
49025
50060
50013
49098
49887
51185
51067
50664
48689
49794
50354
49435
50160
49918
49874
49632
50152
50791
49532
49979
49722
47946
50716
50902
50144
50606
50640
50087
49973
50290
48403
51145
51464
51334
48979
51223
49773
49757
51062
48171
50705
50396
49867
49184
50368
50646
49626
49437
48667
50295
50929
50080
50167
51643
49899
53316
50638
48867
49877
48763
49963
50581
50045
49557
52275
50814
49488
49739
51823
51034
52214
49838
50404
49198
49679
50061
48858
50802
50120
49495
50302
49932
48012
49917
49957
48941
49781
49434
49404
49569
48246
50471
47981
48580
51699
51894
50855
50401
47877
50031
51936
50662
49399
47837
48465
49636
49729
50577
50761
49934
48804
47717
50202
48882
49177
48085
49827
50168
50839
48385
50214
49859
49849
50311
48695
49710
51045
51519
49999
51874
49381
49960
50556
50014
50850
52010
52232
49976
49914
51266
49347
50974
50660
50310
49344
49951
49192
50042
49850
49217
50243
51261
48710
50574
50392
50585
49119
50863
50988
50256
48518
48890
50976
49774
50312
49411
50526
49132
50783
49247
51553
49888
49230
49832
49094
49865
51242
48107
50530
48976
49828
50538
49463
50652
49409
48420
49739
49523
49501
49203
50506
50123
50261
48957
49880
49533
49341
51183
50150
50879
48785
50500
50013
49857
50875
51043
48339
50050
50219
49275
50871
51651
49133
49637
49532
50865
49953
50395
50820
51752
49343
50963
50087
48982
49155
50624
48352
49174
49379
50252
50324
50535
50671
50964
49753
49185
49295
49993
51626
50800
51256
50289
51244
50346
49342
50259
50231
51445
49595
49490
50220
50501
50083
50267
51276
50042
48988
47967
49703
49438
48788
51415
50316
48895
50109
49741
49725
49675
49097
51284
51260
49577
51405
50882
48587
50893
49373
48216
50366
50337
48373
50914
50522
50936
50175
51180
48531
49765
49771
50583
49749
49085
51027
51502
48830
51008
51798
49845
50135
50437
50891
49976
48475
49645
50635
49649
49838
50892
50049
51274
50255
49617
49796
49059
49344
49887
50687
50749
48222
50932
49490
49574
50094
50095
50152
51290
49399
48471
51736
50599
49696
49348
49363
49354
50900
50422
50684
50109
48122
48787
48633
48866
49152
50118
49259
49928
50866
50375
48357
50503
49397
51291
50399
50515
48935
51324
50158
49482
50889
49406
49535
50564
50417
48482
48632
49979
48211
50222
50874
49604
51249
48758
51189
50354
50675
48640
49763
49404
48867
47993
50239
50319
49723
49812
49744
48530
49362
48297
50786
49301
49800
49408
49415
50991
48343
49976
51608
49285
50405
51297
51144
51349
49582
49649
49772
50155
49798
49219
51275
49786
49069
47999
50905
52258
49785
50604
49782
49494
50081
49639
48870
49797
49263
50374
48820
49258
49409
50995
48922
50190
48449
49476
49906
50380
51678
49162
49386
50129
51673
50699
50636
51155
48589
49583
50237
49999
47818
49094
49691
49131
49328
50604
47546
49661
49066
48317
50760
50801
49263
49812
49433
49878
51644
49789
49409
48348
49818
48848
50022
50156
49231
50454
50208
49918
50219
50747
51880
50551
51397
51390
49329
50018
49298
49439
49808
49705
51200
49008
49887
50721
50919
51374
50017
49505
49669
49076
50600
49937
49337
50004
48764
48707
50704
50539
50351
49523
49647
48283
50136
49649
50083
51032
50697
50104
49563
49625
49968
50158
50071
51001
50850
49706
49081
48715
48752
49627
49287
50085
49767
48208
49432
49971
51046
50231
49473
49700
49826
49865
49179
51213
49980
50630
49267
51033
48899
49872
50536
50542
50553
50312
50875
51237
50400
50487
51382
49807
49495
48703
49199
51921
50883
51412
49421
50795
50505
51832
50492
50266
49307
50595
49537
50077
49957
49232
49300
48068
50340
51041
49620
50130
50050
48979
49139
48892
47785
50232
50748
50547
50052
49568
50175
49420
49684
49403
48556
50416
49854
50072
50342
50643
51764
49431
49379
50740
49563
50519
49216
49539
50077
50538
49546
51436
51505
50162
49577
50557
48719
49708
50601
49623
49182
49891
51443
48050
48021
49523
49901
50162
49291
51275
49070
51136
49767
50832
51409
49793
50027
49059
48571
48402
50504
49678
50116
48762
50975
51750
48924
50209
48685
49738
51255
49501
50134
51417
49903
50509
50774
49956
50084
50960
48484
51231
50847
47111
48433
50692
49986
49239
50723
50499
48881
50759
49293
49226
49082
52720
50553
49947
49318
51800
50148
50171
47898
49530
49250
51406
50332
49152
50450
50333
49370
50518
49209
51833
49081
49372
49153
49521
49581
50303
49811
50123
50481
51478
51461
51137
47207
49000
51959
51508
49363
49074
48917
50600
50170
51402
49428
49339
48953
49910
51537
48475
48973
50906
51743
49152
51146
49995
49607
50320
49562
48957
49830
52027
50591
50153
50009
49573
49529
49644
52737
49438
51533
49019
52684
51048
52035
49145
52241
48983
50287
49755
48048
49320
50132
49047
50684
50093
49199
50794
49831
47946
50429
51043
49639
48319
49278
49585
48323
49171
49524
50709
50238
51362
50836
52595
49093
49799
51178
51019
50086
51222
48544
49825
50676
50466
50004
48798
47869
50386
48255
49748
48611
50699
50715
49696
50237
50690
48180
49168
49972
48166
50484
49605
50422
51092
50753
50419
51939
49931
50529
47667
51184
49965
49677
51105
49322
49538
47911
50627
49630
50456
49864
50893
48745
49884
50362
51013
51135
50656
50750
50965
48462
49815
49313
49312
49021
49753
50018
50680
49904
50052
49561
49884
50341
50329
50985
48738
49591
51304
49162
49444
50929
48424
49572
51121
50148
50564
49771
49128
49655
49364
52077
49732
49745
51142
50725
50753
50506
50185
49277
50561
50781
51751
51122
49905
50509
48840
50909
52149
48779
51175
49231
50859
51884
49725
51879
50022
49194
48899
48411
50285
51031
49413
50397
47769
51081
50486
48503
50122
50276
48398
51039
49375
51139
50024
49875
50128
49864
47686
48776
51127
49457
49128
50152
50872
50603
49182
51166
49985
51341
49494
50451
48654
51006
49997
49998
50824
50617
50667
49567
50294
49544
50148
47824
49656
49565
49500
48988
49738
49250
51654
49024
51169
49919
49216
48931
50078
50103
50817
46828
49636
49618
48849
48614
50328
50164
49257
51645
51689
51824
49370
50056
50609
50072
49605
51067
48238
50740
49079
49678
50001
51154
50292
50881
51138
50726
48929
49923
48087
50186
48984
49447
50434
49299
50520
50165
50110
50207
50374
50548
48390
50552
50580
50592
48570
49319
49104
49921
50257
48406
48846
49610
49749
50345
49346
49224
48993
49052
48419
51666
51163
49383
49488
49195
49163
50541
51193
49326
49720
50562
51631
50603
51513
49867
50061
48995
50341
50166
50563
49552
48207
48442
50160
49029
50784
49942
48908
51099
50773
49734
48251
51338
48517
50611
51175
50432
48798
50016
48765
47513
50034
49998
48224
50749
50221
50460
50323
49201
51209
50345
49226
48940
51383
50217
49598
51245
49059
50004
49151
49546
49674
51001
50154
50895
49683
50675
50252
50355
51554
49465
50068
49686
50686
49821
49612
49768
50130
49713
49375
50178
50546
50256
52420
48054
51170
48911
49642
49758
51239
51105
50444
49629
50343
50377
49769
47673
48213
50129
51257
51360
49914
49835
49168
51092
50584
51480
48773
49683
51342
50999
51479
50008
50251
48549
50475
48781
51302
47825
50740
51354
48223
48686
48039
49482
49909
49197
50082
50926
48768
47808
52220
50475
49896
48320
48050
49806
51407
49138
49479
49126
48948
49643
49387
48626
51046
49466
50842
49034
49025
50468
50794
49721
50101
50760
49830
51514
49440
49340
49917
51106
50359
47906
51884
48930
49688
47898
49346
49722
50326
51113
51248
51176
51350
52264
48267
50940
50398
50871
48967
49599
50055
49526
50435
51041
50400
50526
51730
50702
50002
51189
49085
50225
50453
50469
49999
50192
50142
50906
49670
49387
50309
49645
49307
48966
50253
52037
50706
50611
48354
49521
50021
49832
48226
48514
50394
49388
50526
49418
49807
49983
48935
51929
50113
47115
50206
51216
50382
49294
50641
48551
49274
51130
50142
49027
50635
49958
50243
49569
49635
52655
50587
49944
49875
49984
51893
50340
48730
49832
51180
48070
51236
48166
50600
52395
51536
49406
47603
50300
50044
48190
51644
49338
50351
52226
49671
50127
52466
49044
50883
51629
49689
50727
50015
48166
48383
52431
50377
50281
52397
50880
50622
50338
50204
51362
50322
50105
52004
50599
49869
49763
50134
52843
50480
49118
50594
48897
49978
50072
50014
50415
50885
50899
50268
49276
49755
49698
50737
50144
50253
48344
50531
49845
49478
48248
49752
50873
50153
51810
51511
49668
50386
51409
49787
49968
50686
49691
50027
51993
49858
50186
51126
48120
50378
49285
50826
49917
48861
49178
50394
49591
50140
51479
49660
50433
48286
50757
49233
51067
50359
50244
50371
49612
49809
48111
49230
50528
50863
50780
50656
51448
48882
49184
52122
50077
51247
50105
48419
50672
51846
50611
52180
49859
51656
50117
50181
50944
51108
50179
49346
51042
50034
49213
50850
51715
51589
49440
49711
50472
48873
49299
50390
48119
49430
49414
49765
50505
50840
51694
49876
48593
50794
50795
48906
49783
50831
51017
49643
50031
49250
50295
50291
50879
49579
50731
50441
50555
48726
49409
49298
49351
51698
50725
49908
50858
50397
48635
50715
50922
49611
50169
51155
51014
50509
49875
50460
48758
49435
48892
50312
51353
49567
50268
50550
50302
50309
49707
51206
50310
49939
50202
50009
49846
51154
50191
48622
51149
50436
51118
48184
47294
51979
49346
49718
48480
50409
51181
51539
50592
49636
49247
48566
49821
50813
49272
49659
50754
50778
50084
52380
49544
51548
48229
50831
50813
50403
51462
49710
49188
47949
50064
49110
50663
48801
49800
51022
49780
50089
49320
49018
48952
49903
49305
47513
50638
50671
50105
49104
48419
50835
49868
51256
50247
50008
49220
52031
49605
51088
49700
50072
50945
50225
50121
50937
49511
50508
50929
50306
49826
49395
49375
49755
48904
48286
48756
49223
50464
50732
49479
49625
48826
49664
50509
50343
49710
50978
50462
49833
49311
51003
50148
50815
48275
49343
49584
49563
49130
50809
50078
50929
51167
48833
51495
50551
49751
50215
49938
50398
48586
49475
48663
49950
48386
49688
50600
49018
49324
49304
50189
49508
47851
51945
50490
48102
48571
48424
49704
49955
48884
50506
48851
50900
48769
51530
49404
49043
49690
51672
49623
49324
50837
48242
51477
49938
50477
49933
51189
49289
47591
50693
50398
51047
48332
48812
49688
49124
50645
49608
50035
50467
51103
50142
49681
49652
49582
50286
50816
50421
48121
50485
48519
49894
50538
49567
50052
50813
51159
49907
48923
48934
51550
49509
50224
50832
50007
48173
48805
48922
49447
50215
50918
49565
50163
49856
51543
49694
49699
51185
49661
52103
49371
49815
49153
50945
50188
49251
50388
48444
51060
