67221
30021
44786
40253
14765
31865
13894
23460
79369
24701
89628
59543
82058
39018
75495
20274
73196
11149
20479
20064
97697
98790
35196
54099
4595
4063
26281
22673
83283
69657
57820
42845
13640
20247
36200
2316
36879
79518
81780
12686
42945
31857
29759
7946
74367
82390
32164
53354
43601
82294
44729
74369
54313
90714
45829
56612
41166
31558
14620
86742
54998
49985
98056
10590
58373
54972
41351
63015
5941
13755
17155
55132
79795
11015
29389
46646
69944
32553
85374
96008
94035
83450
44425
17362
8147
84451
4645
42938
62516
68628
75450
65645
67064
69207
94924
52681
14193
24337
95213
5913
52324
73229
17852
91244
12187
50534
76194
39798
5665
10721
32880
26458
51457
8275
54567
38974
89856
22965
77217
24641
56155
36640
56397
99510
79276
24958
57831
32145
3276
68417
89284
37316
85262
79685
32151
65893
68979
31150
40935
43941
77661
13093
5803
76762
86080
78143
99580
21052
52621
45648
49665
88471
64040
35551
47565
48066
8223
22314
42828
5223
47512
53610
19999
82064
50344
50491
40215
3906
77029
416
37954
88208
84822
91322
60307
76347
83630
22962
35953
22243
98735
77373
31248
31297
60288
91037
23483
56800
7981
43100
70566
7839
5223
31931
37719
52801
31424
35409
2695
7800
46147
81241
45108
33860
89793
87481
85552
658
99381
81532
32784
26885
86354
36912
6762
80808
35247
75626
34005
33117
10262
62385
69742
88032
53344
79563
4140
50400
55758
57947
71488
7162
44638
56862
98349
77535
72696
17886
96445
5193
53244
99480
76148
28223
4242
28526
21456
48956
37264
25197
32298
94833
67187
39268
12675
86637
29482
29956
96728
38391
79309
13547
91860
45372
87633
88951
74662
87387
37425
21464
62259
66705
67146
68920
10483
54702
94804
79864
51740
89424
75601
24743
21322
73097
30097
7087
74199
98137
81750
80940
45272
15573
42216
33444
29175
90255
21019
46917
24483
13714
43019
79371
83022
9463
37640
22461
5714
36848
28338
72767
78109
12512
95804
66995
67790
33148
34002
36147
9054
43240
49237
58184
78663
20030
98857
14529
41811
57802
43632
32852
18016
20157
82777
28647
19794
3927
68584
19789
56263
20308
26141
44603
66404
34857
34696
99442
2599
81254
16359
47215
31098
45990
98302
72715
73944
47437
81850
21975
66896
87372
91191
98080
58941
15643
52769
77183
40766
19083
95973
4787
76105
37933
45769
72274
45257
10644
93298
97078
65816
93472
43740
72311
72397
31896
29159
99382
82007
27673
76541
67995
87445
17495
47955
60534
72856
6449
25986
71568
76731
51773
12107
28361
59284
21953
32771
12758
67914
11495
53491
42416
33102
74221
96519
31811
79360
38683
73946
61241
86959
64841
73747
28341
82350
69291
71621
79939
36066
11239
81050
9974
52039
29949
38804
75947
66408
38569
8124
58100
91734
51537
27303
20346
15001
52851
29072
37070
81756
29985
47417
38034
53823
99851
81889
8776
28424
91300
15653
52568
5327
60775
58674
50243
31889
43582
69670
25342
37859
67016
28571
7200
88259
12
52815
62360
55506
27379
65069
20658
18300
49962
49745
85957
37836
46952
16838
64989
52925
84479
51853
56888
7307
37124
46857
95191
49016
65196
57327
90042
14442
16913
81739
4298
69283
9466
45143
96361
97554
79391
17018
60087
16424
65120
68800
81565
62712
17019
7054
81803
12465
30514
48032
84001
62205
3694
91063
96764
43012
81174
1030
79832
87667
46689
40114
49223
47045
54525
39911
27685
3614
47718
40506
65739
88828
53734
15434
72740
69834
53591
14280
33918
63459
57102
4269
72244
15281
1491
18011
53721
37365
90061
76539
93847
20334
370
28989
72166
96777
19748
26866
61940
31166
22232
19440
5135
39717
38917
35257
39836
6026
89605
81197
91032
22912
21132
34016
5098
33684
60053
33517
18960
79469
53117
6387
63864
82723
22441
66951
67731
74347
33679
31481
69847
60470
38610
40592
46189
7530
2304
16999
81570
48976
17484
16690
9841
68170
9746
5737
3881
45546
74698
16351
82901
71447
31966
28763
35910
96891
61269
43140
12730
46415
93928
21306
46015
97961
2750
23624
75296
96795
10284
4633
48440
46553
26191
54774
24649
33624
37884
13407
9999
78289
32010
6594
57733
49184
52090
44062
86023
96285
92220
2159
68632
98508
94303
46278
92483
102
43989
39228
18352
57564
63792
37616
2177
55313
58773
48376
24419
8993
42982
7784
43813
57740
77039
38068
36179
40485
90203
30696
46652
12574
420
92884
81352
4810
95382
15859
22485
28631
81080
2215
7139
99098
10439
52562
67885
38334
54959
96413
41111
44030
83594
59884
9130
59281
29517
21693
37665
36547
87434
19561
22395
89240
29847
38826
35456
34844
43623
54798
47053
28288
95426
26250
89731
17421
648
85165
9185
66507
75547
62192
74298
78695
56966
56873
89458
48003
13237
173
71485
32736
42972
9477
45038
88732
13850
61379
56332
3919
33330
88577
77277
30737
42194
84193
34573
72932
65352
47987
21632
75986
94742
65419
34925
23280
45206
26565
11433
21933
91546
18675
62711
48154
2864
27519
28711
97576
80083
6278
53569
15455
31122
87621
73606
26479
85347
80455
42544
67198
25997
88416
12271
94879
23341
91796
67397
18471
41031
73313
66853
78304
52284
84310
61294
94353
60029
41599
80225
53815
41300
6849
97153
27254
99529
44046
43085
82404
54793
33654
26106
40666
55225
28686
14035
16539
90044
28994
6956
29485
82672
2881
2184
45319
64472
23356
57130
85378
81937
27769
53973
5558
63828
44380
69097
1431
81413
83657
17272
80452
87838
70059
77898
65172
97276
65577
95423
92792
78764
75623
23732
75948
41500
20089
9762
23945
21128
56549
43859
56679
7642
30775
23073
37854
28498
58381
84661
73183
38451
12036
15115
58545
96261
66889
81779
42669
40918
47480
27078
38123
33534
83218
95160
66399
62496
60895
44008
56018
39908
39134
46870
86284
892
14030
58147
18996
39685
7736
24432
49355
84817
65926
24753
91507
32214
95256
18213
36266
71003
81364
74315
25211
3247
22582
20062
41431
64096
31520
64222
64123
30104
81014
95544
26816
90132
35974
14549
22388
99827
87956
48077
83943
31341
81334
90297
82565
89049
64246
90156
40616
38091
72103
63321
81395
66717
54108
30975
6596
38053
29325
76072
48378
32353
47241
81500
37174
70364
27724
91616
87644
22433
2052
64821
40862
14535
90275
71487
75241
86769
11627
79479
76662
18846
74082
77127
73303
71129
80997
22904
27354
12246
