48332
50655
48347
49086
50171
49622
50305
49332
50454
49936
48848
49641
50236
51180
49990
50034
49862
50542
49311
50858
47670
51055
48624
48323
51436
47597
51448
49453
50103
48581
48752
48570
51234
50127
48369
51470
49159
50577
49539
49498
51410
52029
48315
50635
50372
49449
49605
50056
49927
47990
49690
51144
50676
49016
52163
50864
50169
48863
49958
50403
50891
49006
49204
50720
49593
50542
49208
48549
50769
50110
49995
49799
48725
50269
50374
50038
49001
49533
49850
50372
49139
50216
50825
50559
48805
49661
50154
50019
49065
50440
48618
50299
49442
50892
50755
50323
50040
50098
49956
50774
48703
50055
50997
49333
48072
49254
49913
48165
49134
50436
51006
50061
50233
49817
49563
50208
48763
49491
50517
49308
50459
48115
49019
50192
52318
49544
49693
49722
48130
50533
51655
49433
49117
50089
48694
50684
50234
50664
49717
50510
49909
51562
50238
50107
49979
49286
49890
48439
48408
49896
50943
49477
49664
50812
48502
49128
49499
51093
51039
48741
49793
48113
49368
48126
48079
49662
49018
49347
51134
48804
50408
49838
51624
50162
50129
49120
48998
51945
50047
50657
49650
51147
49215
49740
50747
49911
51219
50859
50617
50330
51666
50791
50916
49803
50287
49442
51394
50167
49804
49482
50739
49711
49860
50347
48023
48620
49780
51082
48938
49543
49989
50154
50175
52463
50236
50839
50779
49153
50399
49969
50637
49142
48788
48358
50493
49341
50054
49198
49739
51150
49740
48662
49453
51508
51019
52111
50105
50082
48181
50855
49242
50209
50420
50695
48475
50558
48661
49320
48153
50427
51358
50124
51326
49774
50052
50352
50270
50264
48371
51664
51053
48154
50650
51303
50016
50084
50346
52329
50327
50544
51292
48484
50034
49020
50260
51370
50380
48700
48962
49883
49477
50443
51299
51072
50751
48617
49859
50182
50197
50438
50154
49549
48492
50395
49149
50064
49789
50067
50487
50882
50459
49801
50327
49079
49882
50397
48764
49718
49563
49728
49089
50034
49054
49513
50143
47957
49624
50254
49146
50905
49538
50484
50314
50561
49270
51656
49509
51183
51818
51108
49445
49911
49428
49331
49381
50879
49449
49520
48903
50337
49958
48221
51480
50210
48259
49148
50569
49202
50326
50436
50068
48641
49158
50643
51456
52320
49454
51720
52356
50626
49346
49772
50286
51431
49470
49996
50455
50138
50920
50310
48496
49688
49825
49671
49742
51571
49089
50091
49913
50389
51072
49508
51388
50354
48969
49716
49789
50167
50087
49279
49891
49191
51319
50657
51102
49212
49271
49450
49862
48871
50659
49318
51173
49070
51357
51766
50557
50136
50447
50208
51169
48832
49632
47660
49797
49811
49740
50378
51721
50798
50427
49021
48871
48686
49448
50891
51310
51570
48121
50382
48175
49062
49179
49547
52205
49920
50504
51192
48730
50077
49744
50387
48912
50718
50553
51549
50026
52441
50755
51338
50509
52243
48682
49942
49775
50821
51110
50782
50836
50747
53054
50199
49425
49535
51082
49392
49157
50298
49302
49632
50066
48869
48270
48513
51425
49673
50035
50533
49748
49569
48914
49513
49120
50506
49288
49385
49588
49648
49621
50138
49540
49012
51425
48792
49662
49897
50695
49556
49233
49910
50776
48371
51247
49759
51145
48676
50659
51421
49991
50545
50262
50727
51595
49827
49748
50067
48381
51459
49640
51311
51039
49255
51301
48384
50965
49743
49727
49605
49900
52074
51215
49897
51210
51444
48304
50473
51465
50530
50487
48302
50495
50042
50373
49068
49056
50668
51511
49605
50579
50631
50693
49177
51200
50321
49631
50233
49479
50240
49519
49895
50993
51053
48060
51075
48776
49361
51253
51466
47618
51143
47987
49253
49422
48376
49257
50723
48779
49874
50328
50538
49777
50993
50319
51120
50259
49681
51447
49646
49060
50652
48380
49601
49557
51691
50089
49661
47774
48658
49031
49815
49206
49539
49325
50336
50327
50884
49240
48974
51227
51112
50027
51469
51393
50403
48876
49377
50632
49414
50701
50998
49048
49754
50276
50691
50106
50329
51775
51698
48997
48941
48983
49863
52584
51364
50208
49115
51085
49534
51132
48514
48669
50185
50576
48265
50822
49874
49522
50207
49852
49324
48484
50144
48086
49227
48667
49975
48167
47426
51050
51247
50743
51029
49634
51994
50692
50243
50092
49951
48350
50105
49706
49894
50972
49573
49274
49447
48869
49336
49883
48229
48749
49455
50465
51100
48903
49200
51002
50266
51267
48554
51328
49648
49866
49064
51671
50363
50081
49175
50581
48235
48447
48605
49774
49880
50086
49916
50823
49604
49394
48914
51265
48864
49276
49002
49488
50342
49114
49404
50033
48704
50126
49931
50681
49762
50008
49536
50497
49883
50915
48581
49486
49891
48359
50467
49271
49512
50503
50464
50226
48677
48892
48744
52070
51105
48753
50223
50245
49440
48295
49984
51154
50348
49401
49653
51841
49397
51486
52288
51084
50844
49319
50748
49803
50844
50159
48478
51375
50203
50065
48747
49968
49593
50721
48573
49530
51600
49039
49597
49186
47081
49199
49387
49511
48739
50939
50819
49410
50334
50685
49994
51417
49622
50373
49072
49495
50989
51333
49085
49303
49752
51844
49858
48534
48804
49586
49555
48134
49032
49749
50028
50518
49494
50634
49995
49212
48617
50554
50401
50342
50992
50848
51655
49259
48851
50746
48280
50891
49037
49511
51982
49909
50709
50328
51042
48574
50478
48644
49191
50052
49557
50489
50354
49708
50793
49573
49761
49268
50683
51032
50871
50032
48944
50067
48278
49290
49175
48814
49908
50231
51978
50009
49998
48829
48695
50978
52127
49028
50447
49084
50738
51871
49487
50420
50333
49634
50630
49533
49695
51741
50593
51395
50146
49366
50317
48787
49667
48806
48025
50356
50120
49848
50350
47726
51072
51996
50406
49449
49133
49727
49003
51596
48563
49495
51168
49573
50016
50357
50111
49183
51232
49500
47768
48630
50203
50412
50348
48016
50595
50608
49694
49931
48321
49346
49041
49320
50014
51835
50408
52272
50473
51030
49394
49772
49950
49990
48486
50542
49586
50410
50644
49422
51481
51017
51499
50394
49152
52343
48736
49279
51552
50192
50915
49189
48756
48477
49532
51247
49560
49816
51981
49324
48016
50523
49179
50852
49878
52026
49926
50427
50982
48632
49227
50155
49482
49239
50721
50558
50548
48769
50940
49991
49602
49835
51248
50517
51116
49631
51847
50541
50284
50009
50152
50310
49417
48061
51714
50520
50865
51575
50324
50883
50011
50369
51266
51792
50953
50015
49341
48832
49981
49399
49454
50411
48882
49986
50202
50530
49919
48991
50219
49454
49253
48988
50749
51835
48708
49815
49296
49770
50304
47088
50296
50032
50305
51109
49752
50915
50993
47619
49021
48569
49209
50974
47867
48901
50469
50000
50985
49605
49427
49989
49466
49789
49502
50739
49611
51472
50218
50424
48633
50811
50820
51418
51016
49747
51355
50483
49717
49906
50121
49531
48771
50225
49506
47249
49597
51551
50122
50016
52522
50186
51307
50911
48930
51365
49664
47791
49391
50651
50664
49347
50102
50806
49900
50043
48857
49929
50997
50642
51539
50294
50266
51759
49119
50617
48968
49811
49299
49209
50043
50831
50154
50091
48721
49091
49655
49594
50248
48926
49838
51515
49669
50700
49478
49990
50606
51656
49868
49067
51321
47994
51128
50801
49871
50787
52189
49978
52275
49436
50511
50904
50646
49360
50692
50267
49112
50805
51787
48579
51191
49018
49097
51075
48247
49662
49439
49575
50373
50276
50003
50622
49125
51824
49449
50716
50779
50297
52227
49598
51614
49757
50214
49063
50446
49799
49761
50650
50141
52511
50348
48094
48698
50767
49880
49153
50484
49490
50516
50171
49818
49751
49826
49708
49004
50074
49698
50603
52297
48612
50590
49645
49659
51157
50808
50727
49808
50012
51369
51073
49744
48638
50232
49570
50698
48979
50802
48583
50322
50605
50236
51281
50864
48627
49005
50502
49548
49327
50705
50966
50118
50102
50109
50070
50049
49435
50165
50399
48591
50294
51216
50997
49198
48701
50231
49197
49516
49325
49871
49320
49925
51518
47989
48050
49113
50058
49623
50178
50292
48757
49781
48409
50920
50812
49245
50471
49949
49879
49683
50436
49837
50391
50337
49268
51272
49179
49709
48089
50234
49305
51159
51555
47362
48978
49926
49943
50848
51175
49903
49333
49389
49694
50684
51368
49725
49066
50802
52215
49150
49004
49364
50637
48946
50706
51226
50164
50036
49423
49052
49657
49476
50895
49103
49778
49575
50911
47910
49927
50812
49529
49085
50082
51062
49886
51610
49079
48823
49555
50776
49508
51848
49012
50692
49855
49609
48870
50185
50095
48685
49704
48825
50624
50548
49554
50710
51733
49417
50669
49086
49645
49383
50380
49745
50252
50197
50439
49509
50425
51451
48579
49492
50652
50050
51070
50747
47670
50974
52852
49194
49528
50019
47610
48572
51931
48499
50425
49521
50326
50895
47714
49648
49875
50859
49158
49111
50960
50713
50649
49957
49542
50573
50726
49904
48917
48576
50217
51390
47996
51442
50662
52628
50116
48774
49244
49872
48780
50341
48969
51384
49820
49130
49997
50377
50952
50854
50548
50166
50771
51963
50607
51434
51192
51513
51134
49536
50778
50607
51225
50223
49210
49539
50997
49755
51548
49426
51459
51159
48120
48848
50188
50567
49005
49168
51251
49537
50708
51046
50933
48758
49130
50227
50532
49185
50968
50503
48672
50189
51121
49491
49873
50662
49725
49064
50393
51380
50567
52537
48743
48267
51164
50508
50324
49377
48644
50343
49902
49904
50928
48010
50544
49222
49405
50404
48382
48709
49140
52029
51294
50603
50789
48797
50403
47849
48213
51279
50668
49197
47718
50460
50041
50806
50114
51128
49010
50104
49668
48564
48948
49448
49045
49917
49182
49666
50357
47302
51054
49972
49817
49394
49371
49561
50204
49699
49368
49082
51298
50809
50134
48550
48290
50564
51300
50723
49452
49427
51297
48988
48118
49443
49543
49761
51117
50369
51287
49005
50947
50737
48670
49941
49516
49157
50176
48534
50211
48012
48807
49757
50424
49830
48682
50990
48650
49290
50615
49905
50788
49012
51251
49608
51479
49477
50384
50999
49190
50509
50485
49023
50305
49501
51574
49703
48938
50962
50996
49253
51130
50819
48895
49952
50321
49192
48453
50597
49398
50296
49820
50365
50637
49877
51098
50672
52007
51300
50461
50643
50710
51473
48907
48208
48019
47500
50375
51234
47951
49717
49071
49771
49513
49629
48872
50545
51941
49342
51197
51291
50103
49448
49710
50425
50027
52615
50843
49856
50181
50301
48626
49237
50614
51967
52002
50225
49124
50448
50564
50700
50323
49689
51011
47297
50884
50581
49016
48992
48679
49645
50173
49400
49999
49826
50302
49276
48948
48605
50607
51545
50052
49308
49726
50824
49772
50928
51506
47833
48580
50285
48848
51267
49897
52515
48306
49865
49499
51165
50762
50790
49818
50152
50691
49971
50996
50152
49579
49089
50187
48387
49287
49689
49044
50580
48516
49827
50185
51156
50274
51183
49129
50110
51593
50550
48545
49809
49118
48864
50411
48893
50991
50669
48367
50469
50421
49431
48295
50649
50746
48358
50454
50489
48017
49069
48184
49214
51121
49687
51257
49868
50464
50658
51393
48870
49877
51218
48169
50389
51500
50134
49585
49972
51085
48469
48762
50407
50478
50789
50412
49989
51574
51227
51198
50570
50155
49399
49152
50404
49882
49586
48996
50746
50098
51107
49492
50880
49031
48781
51102
49563
48874
51669
50617
49695
50612
49185
50393
49480
48593
50297
50536
48947
51203
49777
49647
51399
51057
48546
51666
49288
49475
49493
50070
48874
50431
48546
49557
49040
49968
49144
51936
48795
51370
51617
49625
48998
48152
50021
51108
49883
49018
50598
50373
50924
49964
50789
50510
50179
50327
51361
51761
51434
49256
49509
49442
52002
49117
50441
48572
49076
50979
50879
50110
48243
49808
50867
48848
50395
50196
50722
50644
50472
50390
50861
50735
48838
50448
50721
50308
48987
51816
49317
48388
51678
49758
49517
49515
51419
50401
49780
50016
50283
49576
48865
50901
49418
49775
49906
48415
49462
50804
50084
51881
50198
49925
48481
51260
50493
50865
51789
49914
49491
49675
49554
49506
50092
49214
49893
51785
48593
50291
48212
49846
50252
51156
50821
50512
49499
49352
48236
49691
51043
51323
51110
48597
49510
50437
49312
50673
50085
51100
49979
49921
49968
49997
49210
49152
48235
50918
49564
49495
49995
50395
49797
50220
49870
50337
51869
51339
50363
49799
50138
49574
49201
49916
49395
50323
49693
50680
50536
50855
49806
48829
50569
49657
50757
49228
49726
50268
50016
48873
49917
50662
50312
50180
49983
49643
49479
49882
50180
50584
50214
51004
49429
51376
49898
49058
49978
50485
50970
47418
51969
49386
51125
50936
50314
50088
50459
50401
49510
52220
51183
51933
50139
51238
50172
48144
51330
48548
50176
49561
47934
46794
49271
49697
50005
48199
50313
51050
50261
49339
50451
50025
49878
50666
49473
50884
49718
51738
50079
49990
50618
48694
48780
50444
48554
50417
50106
49959
50731
48835
50628
49060
49735
49982
50700
49153
49062
50476
50322
49504
49907
52508
51183
51243
48756
50517
51037
48374
49983
46746
49731
49242
49678
49414
51423
50962
50156
50549
50134
50863
49045
49512
50274
51472
50880
47979
50825
49525
48969
49211
49051
48863
49536
49111
48805
48784
50358
49584
51284
50102
49811
49587
51150
49319
49124
49680
48455
49880
50439
49659
49148
49878
50133
51640
48700
49544
48812
49010
48202
48721
48079
52394
50669
51089
49794
51871
49965
49445
49499
49009
50552
50750
50659
50720
49454
50200
49578
49686
51712
48803
50917
47064
49384
50929
49639
50877
50107
47980
49271
48908
50621
49085
49894
50081
49515
49807
50879
51002
49231
49521
49156
50840
49251
51169
49161
48484
49366
48778
48975
50304
49306
49739
50657
50464
50550
50084
50416
49066
50224
49100
51287
50395
49622
48934
50129
49726
50196
49597
50027
50971
49925
48638
48828
48469
51305
49096
50924
50701
51915
50021
48806
52071
49219
49698
49757
49435
49845
51846
49700
50220
49544
47974
49846
49217
49844
52331
50690
50673
51135
50163
50514
51097
51115
50137
49158
48723
48655
50722
50879
50205
51825
50552
50874
49105
51307
47191
51415
50881
51345
51160
49143
49754
50256
50637
48009
49440
50386
48473
50240
49066
50328
49533
51786
50295
51119
50907
49706
49919
50015
49318
50300
50697
48534
50491
50834
49152
50945
51293
49964
51022
49870
49229
50176
51175
50745
50968
49554
49937
51796
49594
52339
49433
49267
49938
50292
51064
49699
47955
50003
52778
50053
50753
50708
50889
49437
50621
52077
50418
50859
49064
50198
51106
50411
50590
51749
50126
49651
50539
49829
50445
50204
50117
51373
49373
47995
50689
51684
49673
51506
47814
50436
50153
48679
51581
50069
49636
47819
49273
49854
49722
50568
50176
50074
48607
50524
49840
49524
49649
49888
48367
49619
52869
50036
49189
51094
50079
51121
49743
50391
52526
48211
49572
50468
51345
50562
50175
51290
49770
50686
48998
51541
50829
51214
49345
51069
49651
50080
49452
49840
48710
49949
49082
49494
50672
52100
50345
51540
49957
49413
50148
49037
50222
49750
52133
52019
49773
50223
48875
50220
50597
50465
50346
51861
50397
50562
50702
48558
50317
50803
48733
50281
48953
51176
51023
49374
48528
51289
50109
50732
51226
49819
51215
49368
50478
49098
50485
49691
49346
49370
47718
49332
49569
50284
50796
49557
50994
50039
50369
48714
50088
50080
50951
47833
49631
48334
50630
50868
49528
49622
48578
49592
50045
49135
49646
48865
50734
50388
50008
48518
50722
49100
50804
50362
49417
52132
50825
49132
49810
50211
50274
49613
51049
49266
50528
50902
49214
48838
50554
50307
51429
51318
51676
51436
50387
50259
50033
48885
49061
50192
50777
48731
48733
51036
51378
50899
48774
48269
49641
49605
49993
49217
50512
50161
51475
49915
48491
49801
50037
48561
50824
50176
49953
48806
50190
50694
51341
49458
50675
50823
48869
49104
50260
49803
48532
49815
49842
49701
49009
51949
50120
50903
50714
51244
50905
49838
48770
51428
51130
50071
50393
50862
48656
50048
50385
49362
49805
50364
51193
51960
49865
49824
48647
49205
49889
51958
48912
49567
50748
50892
49351
49865
51012
49940
51278
49983
50711
49231
50489
49953
49637
49340
49928
46301
49176
48196
49387
50016
51497
48978
49741
48886
48836
50155
49572
48711
50832
50618
49124
51519
49650
47628
48945
49503
51829
50930
50452
50927
49803
50020
51051
51307
50792
50910
51269
49024
50236
49718
51576
48719
49661
50891
50400
50003
50484
50830
50293
49215
49647
51102
48955
48659
50276
50165
48113
49250
46771
50204
49354
51948
48679
50788
49683
49739
51988
48034
50955
48189
49332
50545
46966
49944
49885
48472
51129
50827
51455
48737
52298
50392
50902
50783
49732
47833
49433
52019
49568
49442
49254
50526
50102
47889
50790
50394
49970
51500
49189
50724
50680
50882
50148
50697
49243
50989
49278
49917
48306
49764
48953
48708
49313
49783
50461
48682
51083
50658
49804
49076
51579
50584
49343
49607
47853
49079
49065
48115
49162
49761
50334
51027
49499
48837
48896
52109
51297
51056
50841
50901
49718
50795
49575
50911
50317
49517
50760
49943
47735
48768
49729
51296
50428
49673
49614
52008
50180
49117
50298
50391
50478
48214
49237
49715
50249
49341
50447
49933
50750
47712
50873
50741
49933
50567
49548
49372
48864
50657
50430
49846
50689
52063
51727
49599
48472
48453
50495
51750
49432
51656
49396
51848
50659
49763
50206
50752
50913
51401
49207
52466
50633
50870
49059
48108
50617
49718
50430
49509
50424
50974
51012
49914
49396
49024
50165
49252
49378
49137
48671
50242
48131
48652
51328
50178
50040
49998
50033
50281
50191
50120
50541
50414
49342
49642
48416
50460
50445
48789
49057
49664
50328
50559
50552
49121
50524
50112
50127
48562
48022
50419
48772
49758
50016
51008
51325
49844
49914
49439
48816
50227
49338
50899
49110
50659
49172
49846
48463
51132
49746
50244
47187
49366
49511
50920
51464
49404
49267
49430
51146
50746
50106
51449
51167
49318
51064
50645
49140
49111
48910
51337
50731
49244
49222
48085
49814
49792
49774
48875
49626
47848
50607
48416
51308
49545
50036
51348
51186
50291
48557
49629
50777
47765
49617
48224
48516
47884
47930
48337
49626
49202
51508
50838
48530
49198
50503
49830
49048
50275
50481
49685
49873
49681
49575
48944
50701
48633
50645
49600
48852
49813
50866
47687
50353
49858
50197
48476
50899
50549
50676
49650
50776
49545
49284
49549
50470
49282
50373
48886
51830
49363
51312
51483
48915
49376
51284
49476
49389
48997
49082
52749
50285
49438
49867
49675
50532
50439
50396
49657
49811
48423
49347
49955
49435
49219
50088
49151
50577
49128
48689
48494
51739
49613
48968
49730
52297
50267
50273
49941
49098
49375
49810
49508
50782
47953
50127
49821
51059
50101
50512
51448
50570
49699
49191
52114
50999
50513
50072
49867
48674
50484
50478
51221
48776
51763
50520
48747
49396
50310
51387
50756
50894
47437
49692
50990
48245
50036
51312
49860
50346
49731
50920
50356
51673
49549
51511
48844
49728
50482
49663
51644
50060
51154
49931
49803
49227
49840
52100
48905
49122
49094
50076
50266
49552
50508
49875
47987
50546
49661
49088
51460
48584
48631
51417
51281
50787
48371
51332
51095
51053
51579
50714
49258
49916
50111
50166
50392
48769
49048
50270
50251
50402
50860
50219
51033
49844
48168
52042
49878
51318
47070
50116
48174
50770
51222
50686
50847
49391
49240
51205
50866
50553
48278
50289
50259
50066
49486
48802
50687
51528
50215
50351
51248
52078
49506
46583
48396
49123
50836
48763
50234
50550
49506
50815
50175
48578
49655
48307
48347
49800
51213
49347
49664
48022
48972
49972
50156
51343
50248
50524
50417
49659
48754
48984
48889
49513
48363
48899
49244
49805
51534
49983
51113
50356
51757
48534
51817
50182
48536
50524
49378
48811
50367
48469
49547
53129
50393
48613
50132
50468
49323
52204
51109
52076
50359
49552
50443
48859
50913
50508
51034
51627
51165
48720
50765
50965
48891
50659
49584
49606
52029
51919
49466
50200
50572
49795
48767
51174
50428
49119
50393
48181
48431
52056
50818
50350
50115
49252
51115
48197
49593
49184
49617
50347
49520
49272
49718
50353
48435
49780
49584
50481
50211
49796
50702
51941
48590
49108
49795
49895
51380
49316
49177
49896
50273
50170
50333
48877
50771
49984
51189
49631
47907
49342
50617
52425
50745
50714
49673
49258
49999
49286
49744
49478
51463
50387
49415
49331
49925
50536
49930
48940
50135
50790
49546
49666
51056
50855
50003
50233
50148
50513
51349
50486
49251
50189
51008
49636
50202
50807
49853
49864
47416
50815
49796
49281
49426
49898
49694
50713
50938
51359
49902
49731
51034
50383
50157
50380
49493
49636
49156
49907
51461
49388
49823
49956
51256
50598
48382
50086
50458
49247
49749
49380
51964
49410
47673
50365
50357
51058
51067
51240
48799
49327
50198
50743
49714
50035
47989
50274
49209
49138
48984
49846
51092
52198
49360
48596
50236
50281
50654
50082
49949
50687
49544
49672
50992
50672
49374
49888
51381
48512
50054
49796
50028
50184
48988
51538
50433
50079
49419
49270
50566
50241
49826
50609
49960
51085
49914
48106
50189
49889
48670
49604
50575
49219
48508
50191
49859
49905
50583
49895
49605
48648
48090
50323
50630
49591
51669
50023
48079
49991
50422
49527
49831
50654
49892
48961
50877
51218
50955
50693
49560
51572
50526
50513
50248
51998
49638
52068
49091
49714
48965
49449
49718
51218
50411
49650
50851
50089
50034
51440
49559
49219
49477
49364
49352
50330
49442
50045
49976
50131
51541
50911
50558
49108
50957
50814
49299
51316
49523
50121
49911
51395
48740
51186
49360
48923
49466
49967
50610
51631
49955
50050
50144
49411
52205
48860
49060
49958
49060
48971
50428
50618
49312
49793
48388
52053
48882
48422
50405
50447
50134
49369
48685
50588
49877
50495
49306
49508
50039
50426
50760
51945
50120
49386
49886
50823
49743
50359
50568
49576
49899
49913
50996
49526
51311
49553
51128
49803
48784
49416
52826
49067
50805
49429
51953
50473
50205
50443
51150
49251
48004
48787
50102
51284
48808
49238
49733
50169
50990
47928
49155
49899
50425
50979
50111
50388
48827
48151
49702
50519
51161
51856
50572
52799
49654
49844
50243
49438
48522
52189
49770
50063
50346
49883
50067
48377
51166
48116
49218
49536
48716
49687
49782
49634
50521
51480
49727
49409
50104
50625
50572
50385
51171
50844
50657
50531
51900
48733
49797
49280
50105
50798
50591
49046
50880
49521
52493
51223
49945
50635
51247
49285
50427
49378
50531
49519
50592
48838
48746
51275
48527
50660
49652
48193
49167
50445
52176
48702
50386
52040
50913
50302
48699
49641
50387
51173
50286
51196
49092
49765
51923
49798
50333
49268
48126
50472
48804
49690
50888
49998
49870
50448
49526
48789
50036
50245
50627
49502
50357
47917
50011
48723
49680
50733
48551
49469
49382
50262
50654
49788
47960
49656
50726
50872
50318
50303
49542
50244
49969
48803
50189
50316
51996
50798
48659
49898
48516
48923
49050
49571
49202
49931
51305
49273
50710
52096
50844
49546
49505
50401
48267
51043
50903
50266
49323
48932
50016
50275
50096
49570
51493
50429
51032
49671
50244
51932
49517
50223
50641
49543
49907
51748
50502
50013
48527
48877
49847
50092
49364
48752
49907
49527
51267
51514
49557
48856
50670
49601
49864
47973
50035
52245
49709
50559
51497
52103
51781
49405
50638
50344
51152
49514
50084
49401
49231
49632
49763
50463
49587
47867
50731
50313
50071
50105
49504
50236
50703
49728
50858
50736
49171
48845
52511
51146
49207
51244
49468
49447
50252
50520
51767
48206
48069
49477
49575
50185
50276
50409
48556
51076
48984
49648
49723
50548
48252
51648
49972
50063
49949
49585
49071
49578
50087
50237
51257
51027
49205
50977
51476
50927
49570
48932
49575
50126
50241
50311
50898
49238
50021
50898
50476
50392
50799
51150
51050
51414
49542
48534
51101
50251
51102
49766
49716
49679
50397
50162
49127
50167
48144
49430
50526
50456
49189
48508
49504
50484
49012
50792
51628
50107
51251
51368
50027
50672
48103
47979
49445
49882
49883
48403
49493
48196
52404
50412
49984
49384
51237
51066
48172
48845
50115
50268
48390
49457
51929
50672
50195
50716
49836
50312
51254
50613
49912
49170
49692
50712
48526
50092
47519
49657
49428
48454
49312
49104
49400
49830
49667
50308
50378
50528
49443
49554
50800
48687
49223
48626
50416
47315
49278
50847
50054
49677
50018
48656
50602
50685
50243
49734
49255
50207
50149
50120
50884
49906
49063
50120
49333
51284
50530
49072
49853
51152
50441
51316
49316
47498
49137
49678
50600
48482
50054
48964
48683
50263
47867
49817
50647
50294
50264
50798
49397
49791
49871
48324
50268
49841
50700
50085
51101
50762
50242
48451
49348
50811
51189
48128
49381
50583
49947
50732
49536
50861
49719
49589
50608
48042
49285
49186
49590
51383
48986
50324
49567
51144
51276
49346
50401
50137
49035
48095
50229
50744
48865
51061
50191
49384
48167
49807
51325
50900
48606
49074
49850
50821
51069
49195
49001
48152
50100
47218
50671
49071
50785
48869
50944
50882
49881
49374
50269
49843
48990
49554
48614
50187
50343
50892
50949
50672
50672
49571
49284
48192
50555
50524
48977
49004
49909
48953
51232
47423
50434
49704
50699
50686
51742
50026
50626
50105
50003
49646
52300
49812
48915
49311
49381
50669
51771
49115
50823
50165
50334
50389
49657
49955
49831
48321
50846
51234
50672
52490
51688
50070
50645
49381
50813
50270
49515
49918
51069
48917
50072
49695
49224
49542
49647
50662
50346
49112
49780
51983
51719
49575
49122
48926
51784
48700
50258
49082
50399
50715
50170
50336
49130
50804
47948
50321
51492
50899
50732
50698
50810
49492
50440
51096
50784
50946
48381
48909
51171
48275
49048
50548
51365
50290
49335
50099
49712
50156
49252
52996
49307
49971
49094
50297
49931
50339
50396
48512
49646
50779
49577
51850
48227
50607
49007
48810
49129
50767
50222
47980
50172
47742
50723
49885
50724
49655
50849
50446
47810
50068
50232
49613
50729
49482
51727
50736
51646
51113
48415
49771
48973
49829
50562
49047
51130
50137
51469
50712
50297
50871
50052
50875
49908
49990
50817
49852
48407
50984
50698
49652
49207
51222
49191
51254
50400
49663
49872
49712
51183
49298
50419
49336
49989
49291
50547
50688
49099
50365
50004
49966
51225
49983
51782
49662
51082
50425
50295
50585
51972
51009
50222
50622
49436
50421
49688
50172
51228
49800
49930
50095
50890
51855
51101
50114
48666
52339
50958
51342
49669
49990
49641
50126
51319
49453
50831
47968
49656
49610
49764
51237
49240
51226
50190
51337
48154
49564
51336
49185
48136
49480
50280
49987
48199
49878
50788
49959
51743
50187
50783
49140
51620
50987
49669
49138
48918
49612
50997
49713
50375
49305
49562
49647
51479
50932
50442
49573
50932
49973
49832
48287
50963
49370
50551
49675
50293
48649
50854
50916
50088
49223
48827
49692
49093
49090
49198
49711
49849
50784
48864
49368
50101
49460
49678
48496
50102
49740
50474
51183
48501
50150
52145
50330
49108
49148
48373
51020
50642
49435
49997
51128
49931
50202
49682
49844
49775
49560
49641
49509
50101
50534
49487
48298
50159
50292
50688
49939
50262
49849
50823
50813
49273
49117
50039
50615
51425
49676
51941
47473
51365
50029
50892
49388
50508
50159
51123
51959
50181
50511
49977
49842
51329
49372
48600
49941
49148
50904
49046
49947
51203
50705
50034
49438
49588
50066
47564
50178
51692
49979
48939
51431
48029
48648
49664
48784
49670
49044
49050
49297
50994
50071
49590
49834
51286
50643
49650
50936
50674
49585
51923
50344
51833
49647
49426
48873
49206
49420
50015
49388
49159
50966
51057
50679
50198
48161
51323
49976
50779
50984
49561
49904
50069
47754
50718
49140
50349
50736
49093
49825
49184
50062
50631
48354
49766
51048
48848
50981
49244
50489
51434
51169
50948
48813
51324
51585
49602
51942
49512
51441
49794
49336
48934
49649
49443
50979
50221
50881
48923
49198
48137
50859
50801
51188
49320
51317
49491
49421
49574
50199
52006
49995
49717
50744
50792
51522
49472
49530
47240
51518
50901
51288
50365
49905
50046
49379
50345
51590
49895
49338
52265
48680
50604
48730
50283
50192
49372
48723
51323
50773
50692
50272
49890
50598
49801
48767
47330
50736
50920
50522
50641
49830
48259
48889
49932
50970
52659
48807
49397
50509
48858
48627
50065
48883
49189
50486
49798
49711
50357
49100
51226
49206
49292
50675
51205
49523
50245
50234
47976
49691
49470
49959
49662
48397
48354
50306
50155
49553
51411
51150
50090
51800
48243
49914
50264
50266
51315
48717
49067
50896
51307
51690
51599
47881
49974
50951
48235
49965
50301
50266
52179
48430
49083
51452
49897
50058
50010
50164
51103
50450
49711
50927
49710
50512
50863
49877
48345
49741
49416
50498
50910
49477
49722
48031
50341
50003
50810
50035
49605
49247
48856
51952
49020
51287
49731
48815
49958
51749
49242
50274
49678
48182
50065
50951
47949
50970
50097
49193
48738
48246
50833
50093
49491
49701
50261
49621
48871
51825
51560
51215
50360
49387
52120
49974
50287
49370
51668
47593
50781
49087
50189
52339
48722
50681
50676
50192
48678
50269
49608
48427
46691
50637
49761
49685
48722
49311
49781
49440
50174
51855
49350
49448
51641
49833
49189
50189
50353
51453
48471
50680
50871
49482
49943
50818
50027
49062
48508
49480
50797
49590
50343
50325
51107
49892
50993
50502
50148
50529
50606
49445
52257
47525
50418
47830
50279
48866
49901
51007
50265
50401
48783
50285
50021
52368
51523
48708
49035
49202
48861
49645
48358
48691
48451
49834
49658
50750
50054
48528
50272
51982
48176
49501
48263
49880
50648
49488
49120
50914
50695
49722
51710
50414
49787
50163
49859
49139
50811
48908
49776
48977
50322
48539
48841
50201
50374
49943
49456
48117
49149
49769
49436
48489
49040
48340
51628
49868
49288
51174
48105
49323
50021
50002
50218
48540
50522
50588
50988
50119
50411
50706
49722
51519
49695
49370
51200
51748
50310
50652
48988
50178
49928
50161
49527
49375
49086
50046
50248
49265
48822
50171
50578
48686
49777
52818
49072
48375
50682
50521
50373
51375
51174
50606
49638
50296
50130
49221
48345
48365
49683
49634
49824
51253
49937
49696
49117
49954
51112
48211
48024
48878
51065
51139
47493
50376
50174
48906
50224
51301
49192
50695
49711
49983
49219
48330
50074
48691
50726
49987
49193
49998
50354
50213
49691
49387
49934
49583
49012
50913
51139
49599
48229
48606
49245
50890
50159
50830
51638
51221
51100
50024
49954
50426
47790
51085
47591
50191
50820
51023
50483
50804
49347
47097
50609
50860
50385
50086
48804
50861
49021
48845
49338
50088
49823
51741
49723
49268
50676
50196
49035
50452
50176
50179
49959
47830
48094
51493
50482
50091
48820
48989
50225
50625
50152
49959
50716
50918
48923
49036
51687
50010
50004
51318
50394
49932
51326
49667
49787
50443
50248
49517
50140
50066
50813
49304
50698
50820
49564
49257
47791
51051
50898
49619
50094
51184
50974
49002
49276
49370
49581
52197
50581
51305
49354
51544
49740
49923
49927
51144
49196
49367
50073
49127
50913
51140
50620
50582
49842
49370
50942
48960
49915
50261
50166
49818
50482
48113
50552
52252
49623
50399
48284
49889
49988
51106
49616
50020
49409
49024
49734
51161
49426
50137
50228
51034
50765
50734
51360
51405
50195
49193
50774
50511
48731
49724
49734
48833
50364
52045
51110
50531
50030
47803
50042
49774
49499
49918
49737
49915
51659
50022
50951
49688
51393
50232
50612
49536
50775
48825
48465
48511
50327
50576
49507
50453
50460
48268
51089
49536
51168
50466
49621
49461
49418
49433
49822
49885
49760
50120
49984
49411
51330
49580
49872
51304
49523
49070
53145
50988
51071
50665
48357
49235
50422
50536
51547
51176
48942
51132
49989
49524
50480
50726
48909
49338
49468
49560
50085
52219
48731
50660
48969
48601
50662
50128
49870
48999
50393
50390
48862
47175
50874
51697
50263
49603
51530
49819
50593
50288
50143
50000
51065
51767
50257
50239
49903
49786
51026
51154
50578
49281
51286
51327
48616
50370
50837
52944
49743
51121
50976
50809
48860
52574
48433
49327
50413
48737
48451
48814
50271
50260
49424
51273
50284
49480
48362
51436
48850
50054
49529
48714
50198
49754
48670
50651
49561
51596
50996
48552
49181
49405
50293
48935
52903
48976
49013
49421
51616
49762
50531
50046
48776
50213
51084
49088
50896
52406
49601
50944
49736
50665
49224
50823
50163
50485
49636
48306
49230
49221
49351
51508
48666
48644
50862
49061
50494
52527
49170
50232
52048
50796
50425
50413
49202
50070
50293
51257
50802
49624
50282
50698
49354
52273
48802
49556
49721
48419
49085
48069
48908
51098
50383
49522
49318
49707
51077
48453
51797
50071
50356
50936
50153
50290
48875
50042
50634
50432
50583
49592
49334
50015
50081
49508
50167
50047
48064
49596
50736
51101
52087
49598
49693
51903
48675
50140
49832
50497
48738
50631
51123
48744
50696
50379
51157
48493
48754
50718
50829
50068
51537
49899
50014
51255
49731
49248
50470
50137
48733
49646
49981
49724
48146
49038
50281
50150
50646
49639
50393
49897
48658
48829
50798
49488
49304
49341
49161
50574
49211
49462
49233
48791
51624
48469
50136
50108
50498
50353
50987
51366
49269
49297
51933
49596
51109
49115
49698
48881
49568
49760
48958
49829
50009
51148
49646
49380
51637
50732
49951
49603
51270
48991
51122
50500
50665
49556
48779
49037
48637
47822
50400
49767
49503
48913
49487
52126
51398
48353
50359
49215
51785
49856
50486
47842
50816
49960
48555
51467
51792
49471
48997
51478
51152
51790
51285
51789
50059
48244
51018
50920
51213
49247
49236
49147
51148
51553
50330
49752
51285
50594
50750
49880
49188
50310
49553
49976
51132
50260
51726
50052
49953
48863
48724
50816
49514
51437
50479
47754
50180
50139
49239
52185
52836
48751
50062
49402
48730
50362
48599
50669
50024
47801
50412
49854
49415
50304
49176
50521
48574
49199
49122
48703
49520
49272
48968
50314
49401
50400
48971
50757
48540
48905
49958
50580
48561
49918
50321
50412
47285
52071
50835
49271
50305
51929
48954
48594
50449
49350
50439
51516
48760
48320
50170
49774
49974
49788
49378
50139
49303
51452
49657
51543
50376
47042
50874
50075
50196
51239
49566
50413
48784
49463
49198
49009
50601
48941
50622
50497
49006
47301
50065
49603
49456
51540
50024
50056
50071
50087
49696
51818
48460
51509
49901
49176
50027
49543
49739
48881
49200
50209
48836
51313
50871
51149
50371
52032
50778
49572
51305
49104
50531
48789
48565
50084
49065
50730
51866
49176
50724
49866
50915
49243
51589
48748
48078
49723
49780
49968
49258
50829
50198
52552
50100
50615
50025
50218
49271
49050
52054
51807
48449
49036
50818
49894
51382
49581
49719
49980
51115
50660
50135
50098
49581
50118
50886
50175
48910
50121
49565
49906
51438
48436
50724
49883
49818
48850
51696
51281
51395
50230
50719
49801
51165
48986
50570
50716
49114
47926
50710
49550
48577
49475
50470
49464
49716
49837
50174
49274
49890
50733
51403
50996
48972
50516
50851
49370
49114
50245
51318
50109
48541
50409
49652
50624
48935
50053
48579
50255
49533
49959
49710
48760
51196
51599
50674
49745
51137
51433
51028
50270
51203
48363
48420
50464
52001
49534
49305
49234
48996
49493
50956
50066
50558
49250
49907
49767
49792
49199
50625
49956
51556
50441
48948
49783
50261
50182
50330
49039
49266
49983
49407
49202
49473
50047
50554
49369
49935
48511
49587
48210
48221
49578
47832
51096
50024
51363
49527
49376
49751
50232
49929
51294
48605
51098
49113
49894
51079
49378
50125
50612
50281
47865
50111
51187
50741
49185
50349
49261
50390
50688
50429
50599
49910
49102
51753
51881
49777
49630
49735
50871
48873
51157
48957
51546
49619
51406
50292
50571
50431
49382
49965
50057
49462
50212
48679
51075
49099
49987
49359
51010
48186
50483
48516
49835
50816
51731
49949
50953
50597
50845
50375
49750
49412
51301
51243
50901
51176
51281
51509
50682
49228
49451
49017
49156
50586
52029
50549
50475
50965
49564
50839
52283
49553
50224
49244
49062
48966
50309
48739
49983
50515
49684
49063
51687
49512
49950
49712
50171
50215
49361
48764
49358
50293
48836
50054
50040
49657
50672
51478
51313
49657
49328
47992
49384
48850
49498
48413
50748
48685
50989
51204
49144
51655
50003
48973
50845
49606
51075
49818
48109
49220
49692
49257
50795
49382
50314
50220
50611
51734
49055
50912
50503
48237
50813
51784
50208
49163
48224
49448
49162
50490
51248
49524
50861
50122
49386
48693
48762
50080
48599
51383
50567
50373
51279
50657
49930
49412
50152
50506
49391
48745
50098
48318
50341
50257
49889
50640
50414
49332
48747
49958
50515
49333
47144
50725
50356
48771
51280
49453
52659
50066
49213
50468
48420
51214
49355
50481
49689
51193
50647
51721
49818
52277
50675
51853
47774
49268
50512
50565
49889
51575
49660
48562
50711
53092
50775
50043
48749
50671
51289
50092
50127
48867
49566
50484
50229
50216
50608
51535
49585
48317
49914
49704
50073
51067
49348
50195
49284
50173
50719
50488
51813
50249
51551
49156
49900
49864
49481
49548
51558
48660
50489
50880
48708
51210
49874
49392
50163
49812
50522
49991
49233
50423
48798
50261
50236
50182
51534
48995
49608
51305
50470
49535
51260
50586
48902
50057
49164
49889
49880
49726
48786
50508
49954
49563
51407
50133
49521
49552
51696
49002
51874
49823
50695
49530
50120
50137
49391
50561
48164
48702
49603
49342
47982
50125
49738
49090
50479
48887
50156
49747
49468
50032
48744
51950
48315
50542
50165
49020
48316
49796
48701
51153
49568
51048
50112
50610
50411
49214
50325
50167
50377
50274
49948
51384
50157
50478
50847
50791
50138
51594
49789
50551
51048
49812
49720
50249
48801
50348
49561
51570
48571
50099
48922
52040
49486
50700
49335
49080
50294
48330
49216
50344
49678
48866
50745
50341
50075
49187
51522
48697
50524
50161
50312
49568
49976
51049
49563
48543
49565
52179
48953
51032
47859
51198
51582
50337
49824
47839
51858
49870
50128
49128
49871
51078
50354
50749
51461
51876
50198
49535
49256
51069
52559
49848
50097
49825
50115
50359
50091
50212
50664
50776
50701
49730
50352
50021
50545
50225
48885
49526
51490
48014
49351
49849
48551
49990
50776
50928
50713
49315
49483
50666
51184
51938
49867
51100
49580
50617
50450
50406
50069
49783
49241
49309
49036
49056
50993
50747
50179
49429
50451
51024
51628
49463
50287
49612
50184
49771
49129
49169
50780
50204
49416
51957
50238
50119
49815
50142
50546
51335
48450
52389
49136
48085
52466
49210
51217
48906
49260
49361
49708
51991
50920
51775
51723
50618
49723
49634
48080
50553
50497
49441
51240
50262
49624
48540
49399
50075
49166
48796
47979
50193
50603
50137
49131
49198
47781
48771
51161
49157
48447
52211
51061
49449
48936
50944
50276
49160
49750
50267
51342
49128
49931
51026
50122
50226
52180
49219
51882
49884
48108
51047
51418
49430
51750
50564
50759
50932
49450
49832
49331
49995
49708
48212
50891
51151
49770
53191
49035
50409
50758
49325
50516
50008
48586
51456
51162
50886
49379
50672
49099
49124
47689
50530
49634
49696
51073
49915
49426
50564
50211
49740
49760
47658
50652
49992
49191
49689
52236
51102
50493
49818
49901
51238
48985
49291
50578
49544
50006
51346
51194
50475
48806
49088
49057
48965
49373
49117
49241
51615
48399
50763
51390
50790
49516
49663
50073
49600
50117
49529
50042
48613
48738
52347
50901
49649
50720
49602
48405
49783
48096
48452
49516
52476
50423
50216
50740
51227
49081
50149
50910
50901
49733
50551
50659
51403
48826
47438
50621
48237
52072
50314
48094
49820
50085
47587
50443
49148
50535
49993
50624
50229
51159
51509
50939
50763
49197
48594
51182
48839
49175
50459
49379
49518
50137
49913
49826
51088
49266
50970
50407
50686
49576
50034
50219
49196
49881
48667
49908
47954
50174
50117
49477
48855
49261
50527
50417
50728
50708
48458
51505
49973
48185
50036
49553
49418
50194
51087
50628
49628
49384
49872
51023
50528
51124
48624
50448
49391
48555
48555
51368
47784
49763
49033
50431
48346
48759
50795
52013
50737
49489
49435
48399
50417
50279
51281
52407
49151
48707
50830
50337
49570
51064
50169
51401
49335
50372
51104
49177
50745
49099
51363
50320
49860
48358
48287
50265
50115
50388
49087
48379
50354
49453
51139
49089
49992
48940
49662
49336
49882
48756
49162
49046
51624
48669
50698
48968
51006
49573
51168
51254
48740
48208
50522
48014
49585
49034
49188
50392
50891
50727
50309
48131
48608
49933
49677
49362
48957
49943
49492
49848
51071
48900
51881
50779
51583
50080
49988
48817
47363
49583
49282
49862
51590
50152
49987
50852
50533
50978
49059
49503
49784
49241
49950
48869
49368
50662
48644
51252
50206
49146
50990
51247
49258
51447
48985
49627
49175
49481
50158
48424
49024
50039
48961
49195
50507
49950
50011
49869
50381
50172
48232
50923
48990
50176
50363
51475
51652
49521
48571
50666
49088
50349
50418
53155
48922
50492
49534
51479
49290
48943
50147
49408
49945
48814
50485
49714
51006
47893
50711
50006
49977
49441
51039
50546
49499
49847
50518
49687
51116
47907
49311
50517
49884
48939
49197
50291
51744
50674
49922
50291
49562
49144
49342
50356
49775
50088
50963
48321
49486
48545
49324
50668
50490
49336
49128
49580
48418
50104
50547
48744
50158
50055
49695
51343
49602
50061
50823
50182
51018
49096
49083
50369
49508
49675
50210
51085
49419
50120
48621
50373
50315
49587
49242
48648
51996
50340
51456
48551
50885
47606
48839
48769
48490
48845
49260
50623
50269
49024
48442
50708
48876
50187
51135
50383
51877
49883
51598
49997
51158
48200
49315
49285
51053
49966
51660
50567
50148
51711
50569
51024
48867
49975
48437
52004
49525
49568
49402
48688
50360
50432
48497
49265
48720
48554
48687
50012
49387
49768
51036
49461
49529
50267
50865
50045
49567
47489
50678
50129
50049
50573
49899
50593
49150
49807
51853
49392
51210
50739
49103
50574
49344
49336
49242
50884
50141
50496
49843
48340
49012
48908
50037
49722
50021
48829
49001
49526
49114
50294
50981
49611
49897
51431
51034
49795
49378
49159
49508
51138
49353
50312
50085
50542
50039
49341
50435
49938
51004
49637
48180
48557
50143
50083
49695
50040
49565
49069
51020
50011
50761
49794
50421
48759
49733
50220
51112
50988
52429
51027
50714
49876
48974
49394
50075
49271
49803
49186
49794
51561
51408
50210
49275
49178
49696
51021
50270
49810
50501
51381
50673
50541
50448
50343
48870
50326
49141
50273
49674
50800
50893
48472
49839
49789
50975
51437
50669
49553
50253
50571
50550
50584
50280
49615
47777
49887
48503
51815
47309
50480
48589
49715
49268
50729
49372
50549
50903
50186
49096
51405
50379
51765
48009
50374
51512
50229
47777
51039
49906
49830
49870
51424
51032
50190
49984
49810
50770
50265
48646
50837
51006
50898
49362
49093
50169
49719
50110
49535
50818
48260
50741
50927
49415
51034
48308
51643
48312
50049
50606
51119
49922
50017
50681
50369
49887
50918
49238
48742
49642
49210
52076
49712
49824
51344
50386
51213
50439
49823
50343
49137
50302
51740
51447
51041
50010
49079
49818
49679
50972
50014
49789
51754
51292
50145
49004
50501
50300
49166
50476
51195
50027
52058
50589
49410
50104
51022
50579
52341
48970
50229
48278
50549
48444
50742
49640
52500
50097
50109
51446
50241
49015
49720
49160
50603
51131
50892
49921
50130
48959
49064
49840
49261
50749
50059
53327
48471
49168
50710
49766
49446
49841
50099
50236
48157
49885
50163
49842
49517
48912
48960
50262
51427
52061
49489
48398
50523
48711
48951
51328
49932
47947
49230
51015
51832
49493
49740
48798
50463
50217
51016
49636
51528
49195
49931
50111
52295
49098
48523
51029
49408
51423
50885
49830
49376
49780
49998
51360
50497
49284
50598
48034
48516
49763
49386
49267
49516
48540
50427
51356
51466
49510
51289
48763
49519
50343
51278
48871
51222
50566
51626
49406
51283
49203
49897
50534
50012
48202
49775
49354
48980
49109
49549
50521
49147
49767
49742
49218
48636
50305
51199
49999
50549
51397
48364
50155
48911
50626
52589
51452
50800
49676
52407
49661
48342
49836
49468
51478
50354
48607
48878
51067
48856
48883
50915
48774
49210
49810
49547
50030
50515
49664
50668
50514
48567
48771
51098
50655
49251
49649
49302
50470
48978
50977
50411
50338
48830
50057
49570
49962
50980
49254
49900
50306
52176
50303
50585
50755
49456
49897
47432
49982
50463
50181
49433
51450
51999
50302
49989
51300
49521
50177
51932
48982
51117
50984
48165
49240
48742
48497
50383
49904
51475
49452
48989
49955
50666
48828
48289
48539
48845
49652
52321
49941
49890
50043
50429
49872
48265
48281
49562
49465
52406
48396
49644
50159
50484
49124
47697
50946
49400
50279
51437
50123
48691
49563
50457
50473
49462
51607
49905
49142
50359
51919
49457
47998
48660
50649
51446
48973
50887
49820
51608
50547
50724
51785
49069
50282
47646
50864
50660
50261
48561
48939
49496
49278
50030
49351
49002
51023
50429
50093
50732
50109
49650
50616
51027
49371
50558
48846
49265
48082
48795
49859
48783
49592
49072
50755
50610
50655
48880
50087
50911
49793
49683
49531
51157
49420
47363
49800
50633
50828
48971
49449
50459
50354
49594
49889
51581
49902
50613
49022
51528
50106
49461
47399
50971
51113
50391
48803
50747
50805
48389
49776
50853
49163
51478
50126
49878
50429
51125
48926
48534
49401
49923
48590
49901
50188
48645
48940
50787
49126
50285
49893
50654
50748
50663
51322
49936
48239
49986
51040
50012
49112
49660
48871
50301
51211
50009
47716
50416
50247
50549
48623
49816
49245
49284
50538
48178
51517
49055
49806
49259
49684
50333
48439
49655
47980
49669
49912
50536
48556
49883
50340
50527
48212
50463
50132
49560
49068
51208
51631
50455
50202
50692
50875
50905
50368
50130
48564
49688
49655
50618
49259
50477
49308
51055
50521
50909
49860
50126
50781
47092
50850
48840
49329
50862
49581
50097
49314
51046
49772
50762
49710
49607
49656
48853
51393
50332
50664
51018
49094
49339
50472
51315
50680
51278
48594
49921
50428
47927
49158
48440
48063
48756
48137
50031
49388
50890
50028
51310
50912
49887
51436
49413
50212
50558
48953
51406
49921
52597
50439
48946
50748
50283
50448
49807
48920
51178
50958
49930
50274
52032
51501
50298
51107
49366
51295
48732
48553
50132
49537
50291
49681
48825
49231
50544
51592
51583
51131
48743
51613
50083
50300
49179
50414
49871
50604
48614
49332
48703
49835
50746
50424
49906
50370
49713
49449
50144
51028
49963
51992
50538
48857
51104
48048
50131
50535
50668
50609
50566
48828
51566
49199
49726
50571
48161
50335
48574
48925
49751
50142
48767
50636
49401
49796
49067
50868
50957
50226
48339
51299
50764
50835
49801
50337
49153
48439
50132
48409
49443
49241
48580
49253
51722
50257
50441
50223
49495
48964
47727
49396
49012
49322
49869
49477
51223
48557
49846
48385
47484
50221
50765
50456
49775
49498
50158
52146
49979
50690
50213
50087
49443
49670
51531
51347
49074
48447
50187
47899
50425
47892
50526
49909
51185
48319
51884
49501
50553
50180
50593
48634
49476
51244
48938
51342
50683
51249
47955
52651
51935
47927
49032
50134
50606
50102
49327
50821
48723
50083
49812
49082
49093
49278
50110
49839
50387
50711
49442
49298
50154
48910
50865
48315
50382
50207
50893
48725
50380
50623
51249
51221
49555
49504
50906
48751
50156
50204
48671
49357
50696
49204
49198
50609
51082
50124
50493
49735
48760
51646
48037
48661
50024
49563
50371
50305
49812
48557
49015
50141
51851
49680
50562
50108
49065
50662
50746
52228
48388
50151
50317
48228
50137
50986
50064
47138
49966
50568
49851
49973
49105
49880
49357
50393
49701
50838
50675
49168
50902
49573
49705
49556
50043
49696
50140
50798
48955
49641
50815
50062
50148
49954
48815
48774
49284
49624
50030
49193
48991
49696
50586
49259
49666
49026
48186
50342
49294
50064
49233
49957
51606
49078
50532
50287
49495
48105
49793
49626
50569
49912
49469
48556
49049
49693
49455
50343
49247
51115
49852
48323
49176
50254
51727
49649
49612
50268
49501
49101
50858
49013
49715
49307
49234
49851
48044
50699
49631
50196
49272
50480
50288
50994
48874
48264
48917
48945
50249
49353
48992
50034
49043
49768
49953
49819
48970
49260
47175
49917
50207
49792
49445
49189
49118
51379
48146
49597
51347
49441
50937
50284
48972
51464
51567
50489
49951
49541
48696
50140
50636
49961
51298
50430
49496
49555
49774
48416
50632
51172
50948
50705
49575
51331
51041
48323
51201
49573
48464
48398
50127
50598
49001
48803
52121
49896
50531
48598
50814
50185
50049
51234
51507
49232
49681
50312
50564
50246
48302
50446
49882
50084
49305
50529
50546
50674
50547
50642
48628
49276
50153
49913
51130
50871
51772
50149
48261
48274
51158
49091
50949
51842
49976
50490
51064
51006
49447
49245
49290
50229
50930
51862
50208
50200
48915
49364
51234
50519
52500
50016
49382
49652
48634
50499
50646
51558
50696
51142
47831
50769
50899
49977
50219
50568
49495
49224
51123
48086
50484
49099
52131
49684
48671
48613
48525
50153
49215
49491
49505
48681
50684
49682
49883
48945
49776
50746
49770
49124
49906
48955
50411
50604
51050
49142
50085
50194
50851
49268
50584
50406
49669
49414
49997
51440
50715
49673
50475
49709
48983
50418
50563
52169
48205
49948
49778
50779
51961
52037
50853
50617
50347
50137
50038
51238
51930
50254
49591
50471
50062
47757
48471
49558
47408
49987
49044
47637
49619
50518
49204
49678
48796
49940
50606
51442
49473
49808
48993
49532
50979
50826
49656
49365
49923
48323
50555
50032
51603
50815
51401
49136
49321
48563
48013
50565
49828
49673
50132
48889
49190
48832
48506
48929
51107
49300
50084
49595
49850
49785
49315
51400
48704
50012
50349
49415
50504
50592
49753
49504
49054
47674
50914
49476
49102
50681
48380
48281
49381
50922
50708
50189
50820
50817
48781
49915
49205
49740
50087
48922
47767
52347
48481
49046
49985
48611
49660
48097
50174
51260
49882
48792
50424
51181
48827
50207
49803
48431
52073
49456
49252
49334
49940
49632
50193
51503
50346
47489
49533
48320
50578
50887
49747
49097
49405
48524
49377
48189
51586
48708
48836
49942
49812
49678
51374
49698
51117
50784
50414
48888
50330
48711
50656
51014
49953
51458
50435
49142
50766
49984
49017
49995
52118
49112
50331
51656
48822
51217
49092
51049
49724
50525
49157
50936
50985
49370
50157
50516
48077
50656
49401
51468
49866
48698
50502
50324
49436
47967
49503
48178
49379
48951
50267
49493
50979
49527
50952
49075
50313
49633
50189
50260
48807
49514
48742
49780
50363
51102
50000
51531
48982
51809
50025
49363
51512
50677
50095
49045
49569
49746
50844
51727
51552
50425
49691
49530
49914
50374
50773
51747
49772
48876
49874
49963
49992
51601
49999
50646
50786
50689
49489
50220
49583
50456
49717
50871
49278
49560
48271
49510
49778
49958
50272
49329
49981
49227
47644
49318
50742
52832
50555
49132
50284
48995
47989
50079
50988
49896
48925
51005
49155
49607
51250
50169
50658
48941
52019
50315
50213
50071
50582
51523
50241
50661
48820
52074
48380
49493
49647
50228
51409
50034
52352
48728
51083
48237
51626
50768
50240
48663
48791
51650
49973
50732
49341
49788
50039
50059
50619
49952
49359
49590
51414
51010
50274
49922
50321
51238
49275
49433
50033
50404
48759
51765
49802
51607
49453
49548
49674
50376
48745
49877
48439
50081
51187
48621
48251
51123
50971
49444
51229
51154
47809
48495
49774
49758
48181
49710
48269
51072
49713
51052
49962
49481
50000
50605
51868
49162
48738
48638
50102
50678
48691
51860
52921
50248
50983
51475
49916
50997
50595
49204
50022
48562
50513
49110
51188
50643
49586
50158
50219
50015
50973
49982
49970
48215
49351
49929
50671
50502
50759
51086
49933
49034
51230
49214
50934
50751
50043
51125
51268
49017
49627
50921
48714
49306
50559
49599
50705
50986
50883
47274
50345
50261
50446
49289
50181
49619
49180
49545
49312
50679
49017
50399
48743
50320
49035
49090
50396
50795
49779
51244
49308
50666
50969
49632
52126
51125
48926
50368
49413
49712
49581
49408
49677
51290
50989
50535
49008
49766
50165
50770
48612
50215
49176
50857
49977
49722
49400
49267
49881
51210
50059
49915
51068
49912
50674
49424
50945
50294
50241
50180
50663
51033
49133
50372
50089
50801
49526
50336
50936
48631
50364
49314
51377
50619
50359
48988
48636
50994
49344
50507
49511
49630
50658
48596
48617
49718
49615
51163
50502
52221
48036
48976
49015
49323
51462
50806
49940
51462
48792
51937
49052
49198
50682
50294
49336
50122
50915
48828
49258
49425
50139
49259
49513
53028
49823
51803
48834
50686
48126
50622
50462
50479
50596
49908
50822
50762
49647
50657
50065
48580
48766
49930
51552
51308
51280
48523
50481
49345
48502
48770
48995
48870
50080
48304
50797
50982
49975
50750
49920
49573
48868
51269
49795
50677
49199
48901
49485
50005
48321
50435
50587
50824
49374
51425
51497
50762
50622
49379
49797
50917
50500
51836
50022
50564
49141
50968
49458
47647
48382
49798
49699
50759
51075
51427
52120
51768
49943
50697
49426
49920
49655
49670
50046
49391
50682
50083
49662
48806
48902
50015
51781
49740
49409
49845
51069
49701
50461
49772
51088
49070
52422
50248
49382
50123
50597
49291
49742
50747
51467
47630
52158
50817
50483
49664
51121
48815
50451
50658
48449
51063
51250
52374
49421
49707
49244
49771
50003
50486
50120
48667
49993
51920
48888
50462
51009
49472
50254
49795
48318
47662
49000
51346
49970
50258
49460
49660
48769
50947
50842
50411
49083
49961
48777
49398
49830
50492
49711
49322
50545
48160
49536
52369
48954
51883
49685
49576
50378
49829
50970
51355
50411
49073
50088
48827
52165
49026
50109
49224
49454
51279
49889
50056
50545
47647
49004
51307
50089
50552
49743
51469
49067
49559
50614
49133
51316
49533
51048
50846
49342
52208
51426
49730
50428
49741
50450
50110
49980
50736
49986
46991
50681
50896
48944
50640
50317
49931
50325
49025
49471
51454
49584
51028
50591
47586
49080
50524
50333
49450
50206
50261
49577
49657
50410
49598
51857
48243
50895
51738
50040
52327
49224
49992
50810
52012
49828
49091
50771
50316
48857
50314
50260
50234
50777
49675
48115
49401
51703
51437
50396
50014
50042
51130
49656
50878
49872
50900
49955
49810
49113
51408
47587
49525
50056
50628
50532
51272
49387
51359
51388
49984
49004
48898
49572
50432
50391
51456
48857
49729
49925
49661
50403
49521
48960
49948
50672
51106
49126
49379
50531
51347
49527
50650
50324
48497
48071
50009
49526
49289
50297
51551
50769
45903
51365
51779
50559
49034
49215
49827
48309
51286
51932
50386
49183
49612
48785
49510
50872
48588
50197
50018
51743
49799
49931
48945
49721
49935
49428
48636
50750
49740
50276
50359
48615
49851
46925
49413
48756
48392
50720
50280
50381
49697
48977
49804
50166
49547
49483
49865
50602
48866
50652
50804
49559
49226
49564
49765
49118
49710
50632
49932
49762
50171
49949
49484
50116
51435
49689
50855
48701
51178
48657
50845
50244
52280
51195
51056
50482
50235
51262
50486
50667
49625
49550
48834
50380
49861
51596
48812
50294
49538
50137
50375
51061
49688
49507
49779
50590
51594
49697
50972
51597
50469
48466
50414
50985
50979
50514
50498
48968
50667
50177
49966
48937
51238
50783
51248
50253
48920
48355
48117
50792
48189
50250
48555
51024
50575
49030
49517
49871
50113
49485
49929
49350
49000
49871
49413
49368
50122
50205
52607
49019
48213
49093
48562
49777
50433
50767
51079
48536
48847
49297
48971
49341
51405
50556
51008
50394
49728
48016
49602
50749
49366
50785
51802
49068
50211
49582
50126
49564
51474
50185
51716
49648
51836
48870
47921
49259
50699
49178
49381
50621
48984
49288
51367
49720
49648
49886
49250
49438
50158
48375
48937
49905
50499
49777
48623
48565
48814
47749
50859
50238
49880
50436
50727
50684
48302
49970
49121
49163
50935
50560
48177
50109
47386
49777
50665
50293
48684
51071
51159
49977
49523
49812
50124
49336
50083
51016
50812
52299
49365
48894
48848
51819
48873
48607
50424
51308
51838
49008
51867
52586
50679
49000
50850
47630
50399
50987
49074
50231
50129
50676
51470
50286
50210
48618
51001
51646
50117
50698
49374
49754
50916
49779
49333
50510
49368
49157
48995
49238
50231
50864
48483
49953
50028
48810
49005
48984
50240
50481
49700
48297
48736
49743
50858
49948
51627
51068
51938
50209
51100
49923
50099
50170
49750
51085
49541
49320
50449
50726
49910
51514
50427
51254
48952
50919
50251
50633
49622
50660
50001
50928
49405
51043
50873
48004
49664
50880
49728
51111
50065
49505
50013
49893
49813
49591
49717
49286
52201
50358
49554
50254
47979
49093
49942
49240
48606
50622
50675
48673
51930
50713
50919
49816
50545
49222
49983
52091
50887
51312
51326
51076
49963
50396
49285
48700
49043
50085
50892
49717
50677
51394
49510
49106
49630
49519
48501
49872
50060
48704
51444
51107
49664
50535
50349
49779
48927
49442
47871
47911
50235
49082
50506
49153
49647
49261
48680
48842
50375
49480
49845
50004
48195
51321
48648
52064
51522
48362
50225
51039
50464
49302
48959
50213
50637
49163
49574
50080
51394
51708
50453
50533
50677
49553
48608
50370
48774
49847
50615
50921
49542
47535
49489
51143
50541
49812
47281
49130
50168
50219
50231
49914
49213
48194
48912
48423
50783
50238
49521
47765
50331
50652
49024
49035
49995
50202
51741
48879
52327
51387
49992
50628
48792
48976
50594
51824
49537
47559
48978
50881
48894
51042
50391
48997
48976
49683
47910
49764
51343
48714
49848
48787
49545
48545
48943
50434
48600
49916
49342
50454
49819
49416
49976
50134
51332
49425
48361
49432
51641
50461
50189
51481
48179
48399
49308
50251
50214
50974
51031
50219
50121
49991
50084
50969
49942
50781
49863
49362
50984
51067
50862
50101
49804
49447
50829
48423
50114
49975
50041
50602
50674
50992
49792
50659
50001
50044
51277
51076
50515
49645
50596
49292
48911
49704
48850
50525
51168
52321
49682
50816
48484
49397
50130
51417
49093
50615
48976
49418
49616
50846
49098
49607
50067
49816
49889
48594
49542
50236
49640
50669
49063
50298
50018
51632
50109
51204
49572
49379
49353
50131
49097
48725
49527
52481
51258
50684
50588
50675
51800
50504
50344
49603
48950
50910
49653
49611
51190
50402
50703
51040
50525
50467
48674
50165
49940
50280
50119
51175
50013
47943
48036
49245
49532
50097
49560
49559
49387
50809
50906
51008
49480
49640
50836
50010
49794
48277
49595
50137
50406
49663
48430
49196
50224
49426
50856
50267
50980
50916
48631
50705
50141
49064
49677
50612
51870
47512
48292
48613
49762
51102
49718
49908
48520
48947
50545
50255
48662
50131
50044
50301
50261
50622
49063
49035
49140
51038
49728
50345
52484
50033
48846
50764
49377
50961
49689
50884
49111
49986
49607
49992
49981
50295
50669
49072
48441
48199
49826
49184
51357
48547
49346
50393
50930
47958
50618
51394
50507
50810
51040
51290
49120
52050
50122
52485
47370
51176
50119
49220
50591
48520
49493
48725
49862
50047
49765
49685
50654
50983
47814
49428
49107
48977
49355
49536
47954
51037
49433
50033
51090
48640
50148
50321
50669
52650
49003
50638
52858
47793
47596
48102
51471
49887
49562
49216
49507
49508
51524
49847
48740
50931
50388
51380
48714
50756
50222
50059
51967
49728
51620
49955
50729
51755
48672
51552
49156
49221
51184
49501
48928
49247
48171
50092
49296
49480
51517
48938
47815
50615
49954
50929
49075
50867
49147
51878
50683
49422
49980
52219
48803
49529
48941
50611
50597
47634
48429
50174
50435
50092
51053
48332
49513
51581
49283
48332
50965
50005
50246
50604
50472
49749
50068
51746
50077
48895
50289
50523
49006
48872
47918
49217
50292
50009
49924
49072
50206
53945
49377
50247
49935
51184
49659
51107
48480
48817
50040
49293
51310
50436
48988
50172
50778
50494
51489
48075
49729
48861
50603
51652
49482
51247
49471
50108
50497
50366
46872
48676
49156
50751
50494
51488
49020
50349
50323
50991
50291
50915
49504
50850
49423
48975
49111
50065
50071
52750
50357
51091
49813
50120
49701
50044
49717
50897
50339
50327
48888
50681
49909
49762
48411
49686
49970
49713
50314
49658
50865
50018
52438
50562
50736
48780
51080
50016
51790
49305
50757
50257
50346
48925
49836
50801
51031
49485
51134
49089
49778
51934
50614
50209
50454
50280
50537
50209
49922
50392
49458
48633
49824
51911
49864
50313
49705
50109
50555
50854
49094
50015
48622
50991
47731
49107
51687
48774
51019
50433
50062
51003
49757
48916
51103
50875
49647
47688
49841
48653
48549
49950
50840
47824
48767
49918
49501
48738
50172
50361
50857
48319
51150
50598
48951
51293
50992
48727
50013
49207
48151
49826
50809
50145
50811
49966
48858
49451
49746
48361
49735
49679
49832
49296
50591
48157
49691
48914
49229
49426
50165
48584
49648
48946
52029
50587
50366
50721
49152
49016
51728
49993
51111
51392
49706
48872
48852
50362
50174
49973
50114
51401
50703
49077
49572
49344
51541
49344
49966
50765
50669
50366
50604
49023
49322
49975
49351
50209
49408
50150
49373
51125
50132
50256
48783
49274
49276
49733
50874
48377
48379
51252
50178
50913
49984
48546
50631
48720
48498
51811
50841
51904
48127
49900
48096
50963
49164
50040
49140
50610
50423
50094
49186
49927
49601
48856
50579
50522
51413
49818
51383
49794
50585
48242
49369
50850
50335
49960
49470
52078
50579
49147
50998
49685
50182
48708
49902
50005
50221
49450
50378
48749
51758
50680
48879
52367
51902
51739
51447
52198
49747
48620
50578
47833
50526
47654
49863
49110
51126
49523
49553
52355
48920
50394
51893
51942
50550
49717
48760
49505
49430
51223
52445
50666
51319
48249
50364
48575
50209
49760
48362
50913
49603
51564
50521
50316
51241
49090
49497
47757
50630
50928
50124
49321
49492
49830
50421
49505
50104
48424
47582
49780
50994
49853
49654
48889
49700
50211
50359
51452
49021
48574
50070
51460
49422
49331
49501
48166
50057
50502
50111
50063
50390
49864
50859
50806
51336
51558
51025
50468
49688
49328
48004
49046
49743
49011
50313
49694
51211
50283
49915
49401
50118
50054
51415
48804
48977
49430
50814
52847
50651
51538
50299
49618
50908
48950
50470
50918
50532
51172
50665
50448
50269
50651
48318
51304
48412
48857
49474
51339
49883
51039
50005
49922
50019
49073
48822
50025
50314
50672
49629
50873
50217
51222
51287
49725
48580
49807
48905
49958
50791
49334
50047
50058
49932
49628
48304
49617
49085
50129
50708
48804
50360
49530
51226
48359
51297
48334
50841
50628
50497
48476
49437
49276
50623
50029
50022
49545
49975
51342
49940
50558
50520
49680
48968
51228
50214
49999
49435
49764
49596
50692
48978
50722
50864
51739
50730
50059
51225
50607
50055
48768
49467
50051
48186
50252
48705
49946
51032
48296
50322
50791
51104
50713
48445
48550
48848
50938
48961
51056
49364
48967
49426
49502
49923
48869
50796
50955
49244
50724
50767
50085
50354
52620
48646
49200
50359
50613
51012
50607
50437
49256
49499
48904
48115
49420
50590
53048
50908
49433
50154
51113
49185
49393
50088
50697
50091
50085
50475
50494
48831
51184
49863
49333
48891
50631
50242
49845
49322
50023
49856
50166
49094
48766
51653
50511
50103
49748
50693
49116
49363
49017
50393
51327
48627
51622
51928
50932
50457
49975
48652
50865
49705
51197
50278
48203
49747
50053
49244
50300
49264
50903
50852
49711
50042
51685
49343
49926
49137
49974
48230
50991
49553
48585
49499
49248
49688
50425
49936
49273
49610
50151
52309
51091
49420
48829
49447
50449
50921
51143
48006
48587
49211
50708
48875
49600
50750
50113
50301
50929
48869
49952
50566
50696
49226
51042
48965
50087
49775
50889
49865
