51603
49497
48551
51067
49725
51250
50008
49441
49716
48270
48078
51850
49769
48329
51018
48219
50561
50291
49556
49474
50178
50151
49973
50050
51059
50142
49887
49918
49520
51368
49883
51089
49766
49093
48755
48573
49218
48959
49675
50586
50857
50123
50378
48314
48581
50229
49636
49619
49221
50879
48285
48894
50270
48554
51068
49719
49493
50232
49692
50457
48475
49598
49086
49285
51188
49961
49707
49635
50993
50701
49924
47866
49559
48794
49716
49784
49812
49318
51218
50439
48078
51069
51739
51012
49801
49662
51081
50556
51589
48349
50108
48066
52774
49467
49751
49177
49629
48468
49019
51216
48494
51169
50513
50397
48111
50921
49400
49202
50174
49844
50038
49860
50898
50423
50511
49545
50111
49773
48559
48738
48611
50938
49888
49385
50769
49255
50482
51018
50001
50957
48504
49941
49938
50346
50734
50586
49861
49966
48880
50412
49898
52056
49150
51216
49913
49643
49391
50990
48922
50552
50097
49732
50523
51563
49345
50363
50279
48019
49961
48450
49685
48611
50793
51477
50549
49873
51656
50961
51372
49054
50115
49816
49753
51971
50775
49940
51253
50314
50289
50175
50424
48806
50764
48294
50863
48886
51128
51625
50474
49930
47919
49420
50657
49699
50199
49307
49861
49034
49923
50191
50503
50062
49659
50757
51405
50281
52831
50825
50478
50480
49176
49223
50581
50610
47984
51010
51487
48772
49914
50494
50349
50456
49605
48194
49369
50519
49803
50200
48850
49166
51299
49377
50218
49988
48992
51189
50084
50735
50121
50680
49803
50392
50995
50405
49991
49663
49733
49283
48627
49974
49379
50523
51229
49332
48991
50368
50680
49671
46646
50889
48946
49735
50928
51133
49193
50336
50446
50386
49652
50052
49124
50130
49385
48601
48916
51721
52870
48505
52100
51953
49771
51207
49576
49289
51037
50528
50915
51468
49754
48194
49329
51713
49001
50070
51187
50453
50842
50902
50014
48818
48766
48845
50313
50030
50578
50525
49460
50295
50172
49711
49401
51571
49217
47693
51606
49344
50891
49991
50661
49415
49426
50751
48263
49521
51768
49367
48606
51101
50241
50074
50852
49681
50086
50332
50673
48725
50057
49468
49816
51189
51311
47810
49332
47709
50819
50165
49587
49269
51365
50034
50437
48239
50740
51969
49827
50931
49837
51009
50663
50859
50176
51799
50260
50114
50308
50952
50599
49337
49660
49940
50565
51262
51167
49981
50765
51328
49830
49616
49806
49672
50284
48816
51069
47751
52349
49867
49373
51549
49692
48497
49482
49053
50760
50025
49515
48257
48881
48982
49768
51161
49396
49157
50790
50129
50133
48463
49113
50459
49773
48436
49588
49705
49362
50246
52093
48766
51174
50239
49949
49218
49702
50965
50663
48682
49141
50998
48837
49337
49189
48189
49628
50682
50461
49597
50189
48853
52584
51341
50431
49964
49664
48523
48735
51747
51530
49800
51649
50805
49971
49061
50702
50178
50915
49694
50071
49790
49822
50101
49457
51455
49385
50624
50381
52276
49731
50098
50907
50659
48868
51953
49623
49125
48918
49701
49894
50516
49337
50818
49771
49856
52122
48211
49634
51239
49407
48604
48874
49170
51274
50122
49298
51254
50928
51141
49758
51320
50142
50791
50943
50322
51574
51232
50345
50831
49146
50598
49093
51270
51719
51214
50668
50237
51348
50546
49270
49486
50323
49532
49661
49874
50113
49292
50913
49952
48281
50180
49820
51465
50012
49912
49624
50545
48717
51712
51205
48928
51094
50725
49266
49930
51534
47617
51400
50080
50973
50347
49980
51235
50113
49089
47803
49329
48073
50637
51406
49951
50466
50417
50354
51112
48429
51276
50393
49953
49367
51016
49755
50466
50121
49472
49400
52047
50799
49881
49794
50526
50634
51633
49505
49596
49867
50155
50955
50126
49803
50608
49461
49355
50829
49742
49867
50758
50355
50122
49977
50559
50292
49470
49715
50494
51140
49159
49959
50538
48927
50067
50749
48369
50777
50043
49103
51521
47693
49615
50386
48664
49525
49518
49771
50697
50533
49668
51099
49774
50055
49259
49148
50473
50366
49526
50658
51612
50488
49195
50647
50483
50666
51442
49275
50379
49667
49422
49127
47836
50015
48977
51377
49526
50583
50144
50587
49632
50770
50610
50532
51250
49592
51461
51587
49373
50595
49251
49924
49953
50750
49419
50539
48995
50432
49955
50840
51420
50053
50623
48501
50533
50030
50933
49946
51444
50529
51719
47624
49039
49618
50260
50408
51169
51561
51864
49216
49594
49655
49254
49325
49973
49228
50226
50843
48314
50938
49376
49363
51446
50411
52164
48926
49249
50458
48582
49770
48531
49498
50473
47766
49439
49692
51628
49766
49099
50528
50597
50701
50948
51356
49656
50758
50679
49577
49950
48724
50658
51327
49777
50646
50622
49262
50071
49183
50920
50447
48397
49562
48001
48473
48797
49418
49744
50970
50375
50818
48950
51427
50710
50261
50266
50004
49582
49728
50189
48828
50134
51413
50920
48779
50551
47969
48073
48048
48142
50267
49126
49027
49322
49639
49108
50242
50668
50653
50167
51494
49799
49701
52376
49931
49644
51607
50355
50679
49177
49309
50538
50451
49546
48124
51924
49281
51135
50479
51342
50655
50279
48982
52085
49497
50510
49197
49216
49554
50737
51103
50610
50050
49473
50451
49226
49555
50443
48271
49058
48933
49877
51109
51083
49602
49729
50312
50521
50020
48282
51509
52444
50611
50499
49109
49336
49429
50498
48689
50469
49579
50555
49118
50228
51208
50534
50405
50840
50038
50112
48428
48947
52294
50704
50519
48554
50567
50874
49086
51101
49829
48696
49057
50883
50433
48746
48359
49843
50234
51459
49654
52041
51180
49555
52237
49809
48907
47800
49714
48511
50758
49611
50312
50339
52733
50183
50579
49464
50426
49541
50794
49493
50658
51238
48801
50984
50369
49720
51461
48205
50470
49301
50638
49186
50931
48881
49614
48944
49275
50281
48833
49501
50212
50398
50255
48990
50310
50016
50551
51602
49418
50389
47239
49921
49904
51026
49655
50567
50786
50764
50192
49521
49082
50586
49895
52562
50114
49700
49266
50684
48991
50793
49306
51178
49900
51027
51443
49548
50619
48847
49754
48795
49427
48779
49108
49622
49638
49742
49382
51056
50742
51866
51619
49174
46928
51419
49183
51124
49963
49199
49606
50101
49737
49410
49419
50782
49223
50870
48918
49537
50044
49582
49373
49936
50024
48294
50451
50846
50269
49240
47508
49897
51417
49420
52268
51739
49340
48642
50198
49393
