94840
707
24803
69533
16489
22276
79201
32735
5162
35190
49372
59798
24856
30851
30067
14858
74876
87083
15621
27083
72924
88318
20524
13040
91560
67136
28097
20514
33894
72046
49054
59892
43310
51378
80954
89938
59359
52088
23064
80024
55574
9559
98829
5529
24252
86051
9329
41730
87043
85691
32189
93380
2611
55082
69138
48758
53884
65922
72017
53427
2170
10430
8477
54842
84194
99727
96224
78010
48126
50247
5709
84547
11808
56213
22075
41753
51138
5493
80476
83070
32262
6050
11554
67177
26333
46793
30536
949
69688
96561
74590
32363
95451
46668
78002
84336
41964
34672
20194
63452
48163
22575
83601
69174
28022
65670
25646
49563
43047
41856
49842
2601
98213
24522
64681
63910
30679
79767
89915
75072
69577
59140
77144
63579
58185
13744
96849
922
99801
50445
2666
78554
71323
61950
2316
96447
61036
24844
43663
47287
26364
23159
51566
48048
66320
20767
9822
37627
91303
9393
78173
57013
55473
72352
4845
37119
28065
49300
76012
24359
56463
11036
56128
86403
26986
42366
74503
60882
77989
15470
73216
74953
33576
95454
97559
65596
35508
96860
20361
69294
76359
11927
58206
68439
68313
79576
48986
40250
73307
49332
99870
68037
47392
49468
25544
16133
8727
48158
70086
46967
35316
8991
78910
97944
61343
58748
22646
39848
93386
70911
21926
79168
25149
37038
52536
83599
10038
89738
16349
82980
2382
84492
60979
41143
94008
23732
36738
98370
88639
70796
76246
84232
69497
84822
53455
92942
2721
58441
6836
57224
8282
15078
81824
89185
7464
63915
37160
30158
22109
48425
11345
75542
87363
12356
74633
87625
31069
62702
42180
9784
18085
536
2617
37690
53138
28448
81050
31459
96378
72794
14961
86400
82260
39397
91435
88310
73750
21668
29711
84319
70308
75021
61046
57469
15126
31276
45436
24972
52728
6332
57277
99457
40331
50
21555
89926
42375
81117
12452
63518
72266
85677
25975
25256
22485
66909
8155
91428
72858
39534
6831
19377
97535
18184
87123
67502
91883
75869
12287
35789
13941
7659
59160
77267
87325
41434
9076
62660
85636
89142
32733
46720
12781
7687
42858
9694
35313
23722
33429
61150
47848
71228
36959
33225
6524
48502
98173
87754
3422
86769
56028
95153
9636
57021
8974
59867
70278
95809
92953
91477
37120
40033
11479
3603
73666
41622
8635
25480
38226
5072
92138
87496
32644
75927
41858
5866
66016
24939
97876
78188
57949
64855
34112
29953
83655
66379
55457
98951
17041
66680
98628
82952
38155
3459
68784
43422
96
49255
83773
3777
98609
88994
99915
59832
8507
39337
99326
82019
84059
27703
12291
64800
91277
14426
4255
54324
96900
66935
14988
65063
26453
51280
88384
58023
19167
52999
7336
79492
25219
18697
88977
80318
93554
71830
14005
19883
62054
73920
41533
62471
63162
27497
17511
5010
99578
5145
86223
90239
95906
91482
39112
34867
85028
81257
9941
45938
43618
8043
61530
32701
37392
13607
90461
27623
95644
18282
3872
91338
14619
56675
81512
44810
9456
42642
2040
82196
69021
84443
33081
64471
11259
4366
10625
45328
38024
98405
46047
14949
37118
10022
37606
37713
79965
23839
60098
47452
66209
15564
49104
21422
49959
62485
39305
96411
54937
77772
15522
13135
69954
67419
97861
49381
71536
66591
18527
62734
96128
54971
69128
18657
98238
72014
28727
77016
47197
42938
60827
14041
85110
7188
45021
38654
61659
65493
784
87432
78883
32119
34801
72964
65698
67523
54983
28847
93716
50195
78055
92896
27597
98321
19912
41536
82724
28673
87448
24786
51524
24866
98209
90476
87165
65031
51571
57579
85765
76388
15474
87186
25375
4533
81432
2846
8832
3971
24075
69409
69603
13086
50952
74220
65676
6992
57521
51557
670
74669
42807
31647
60713
64033
95254
97501
35167
80910
76314
6806
51965
52782
59122
48481
51603
12750
26998
58192
52166
23412
69647
12689
9309
86673
85292
26276
82581
88148
71354
60468
25272
66635
52771
82432
19517
11938
37969
17179
84217
90824
4113
98594
29251
2821
96620
29193
68122
32659
10427
90291
40153
20105
7882
50621
10326
59524
12713
53323
15001
79544
84972
64440
41721
29026
92337
20924
11271
31078
20314
37644
18749
4192
82558
6644
62685
87754
92193
14671
89976
93247
4464
60690
21221
26620
24258
86136
45646
72885
47204
79973
58926
92578
96017
56281
65371
82176
40368
54326
94212
45420
68505
10689
97296
37327
95928
59202
94802
28065
14661
44495
14854
71978
94616
28801
37566
10493
38299
24083
93633
94610
30046
15043
19492
66163
39518
12500
81903
41146
43982
8179
75574
45745
49071
7233
43961
6830
7615
89985
95363
63605
83909
94887
11566
73675
84135
10403
86553
43374
56489
82877
33052
17205
99242
83473
98449
61093
37685
41839
43255
55302
77677
66859
11884
10124
72429
93285
45077
4106
43322
31185
31286
4071
81248
89551
90846
85383
86533
47373
81318
22002
19259
82911
7942
38361
43024
2345
11806
53995
12558
41
85823
36697
7027
47449
80466
24781
15048
63652
47708
93653
20425
18159
59176
19852
76596
12264
65318
85067
74584
62086
59381
81826
92161
65436
20770
59233
2012
1940
57605
48163
70885
1008
80401
97853
11877
62540
44983
8512
72484
51743
47210
90252
38030
16319
96661
96503
89005
41269
90895
90273
81447
21496
98484
94219
41643
79387
83774
11276
27885
61193
65991
9020
38793
53934
90714
13268
41030
34260
5553
2003
5380
5502
28990
36459
43411
45959
90273
86495
58914
80313
97257
55478
90986
5424
36049
86717
26694
64880
4051
30274
80201
64073
88580
66945
41886
39432
56625
42711
47165
26598
33561
31339
27171
85501
49440
4709
52955
43502
84851
18583
84447
91629
11259
20808
7896
4527
96850
13912
36130
12614
76858
22315
53450
7905
80587
78350
71221
66147
6016
27948
85753
49762
16835
52815
75063
51488
19773
24298
49508
85834
21672
50958
68340
77713
3412
7422
21564
82331
61335
21278
38966
92399
58693
58146
69434
46420
73758
80210
94792
61800
41053
20424
85471
51404
35108
93431
84406
18245
93903
23074
89781
98723
52955
27244
50564
62135
5970
82049
17237
12313
8461
52932
20225
35818
38112
94820
35476
32709
35447
47200
48600
44580
54012
59303
3671
87740
7754
3877
18899
39106
74799
65865
24455
98777
78321
56030
17844
44025
84407
27483
70370
18963
84704
44861
5101
50376
87981
78457
64223
82550
7455
14972
53496
11103
25848
77145
38205
86990
15018
33162
17833
66564
86753
61002
89791
64320
47266
66858
27820
78778
28896
44401
48036
74753
64406
98958
83664
85376
68092
28397
2790
79782
96263
58361
15196
66616
46516
65294
12434
52406
618
72739
30513
5581
79737
31097
53129
15374
89486
2851
31537
39895
36619
89002
12785
19546
14861
38627
96494
46791
47723
36743
30981
70704
47407
69151
44310
14502
59677
79206
44651
91163
32114
60958
95795
11690
96103
22644
92811
80889
74756
91425
94108
57284
80395
56783
98362
7213
10437
15231
74283
92132
66304
5912
89699
58655
82461
20789
36778
82386
50372
61275
26818
6478
91407
51317
83415
26763
82734
88704
21305
21520
90054
58827
49405
9301
18302
42337
12435
4773
89003
23031
80443
30370
16089
75847
59832
61358
25376
72973
49366
15731
58373
23078
66032
79623
30125
83120
79335
28136
97083
86545
81521
57821
26010
9241
76254
26630
32920
28629
58527
54969
54720
12730
73486
29991
64232
18284
86939
58081
11664
5467
72723
94508
70714
9710
1416
10551
62234
37449
76266
60812
80073
50257
14927
44812
93715
77654
10535
97024
59978
26938
60630
37578
32300
21834
23011
60004
85687
34373
82956
79979
85100
49791
53943
70787
88463
96485
60244
81603
60647
17196
42025
47689
90702
12487
36011
39860
1388
17457
34315
9332
16831
23679
76086
25335
70477
2471
43368
78449
85219
42562
86283
53827
45694
93041
72253
79495
47484
55509
90850
40458
78471
64919
39081
6608
91664
34873
99398
68112
87510
27014
67852
15259
97946
43373
8236
7165
21597
65766
12508
6326
2777
49469
97631
29121
38578
3134
99676
76647
18941
4128
59049
68261
32237
22971
91014
73778
99557
32863
5243
14938
31244
6318
33857
71763
37538
5056
81968
20644
93417
86760
26835
24421
57480
40592
26015
4816
19218
66473
15494
3227
71042
97957
60352
64926
66117
99098
66322
78017
98700
22359
34000
78303
1262
13062
63103
2574
94490
44468
55105
9918
23410
97473
89418
33578
10066
52612
18472
63358
89128
59019
51668
26033
93471
43978
34294
51187
32211
55478
96776
29126
29436
5039
94859
85578
69206
55633
89850
18918
31545
48483
33029
56454
10278
47161
33182
30042
37690
83533
20702
42266
55008
95608
53649
19889
79718
81237
98192
84968
44408
50007
97150
89257
97945
32527
83005
24521
72228
51762
4304
60899
7154
80377
43185
68069
88001
99827
76921
19891
78131
25236
58273
80953
51613
85327
35740
48049
35621
48274
72613
95344
68333
46416
630
64563
95067
2368
85963
69691
93623
44991
79718
7007
50031
71319
99764
86451
6538
54402
26891
3610
70493
40636
23206
95796
67687
21672
13100
25839
94792
22504
38181
28939
89196
46874
61466
64788
11411
66192
36018
25086
89217
75385
37194
97789
61703
52258
95190
33027
65440
90459
82260
47583
52434
49162
22644
362
61035
57698
52128
11462
62577
23186
4738
53026
17647
16901
62390
17868
26615
29594
33414
93478
98755
7545
7410
60558
46213
3580
33149
52239
88045
93969
93364
1182
88449
3916
54569
72592
50412
16315
56291
99162
37291
72742
91608
13163
32980
64147
59457
91799
62053
23102
85563
28713
67106
60475
92353
36565
38178
35572
65184
78655
21907
60225
32850
36441
87359
13728
64233
20353
62739
14588
55198
71639
87721
26004
77882
30571
78280
21968
56507
34529
50759
39241
63588
1425
40221
69871
47583
19737
99099
92995
82763
43926
75649
72667
32897
9946
61868
17463
70756
48352
16212
38594
99521
91920
19198
44088
79465
31899
24964
43373
65856
84799
30680
9257
47669
76723
61269
29539
86449
11555
23573
44579
17926
44963
65108
17963
51794
12859
55670
10712
78989
15145
83044
96101
85782
55678
40672
13793
89315
96903
19854
63434
11916
80782
75091
91908
25930
88316
15823
98905
98533
6394
86257
91217
53748
81064
37997
1623
69235
55180
95392
64522
45185
97002
58490
56893
2798
33935
35702
52626
14549
45544
44928
95174
81552
70237
72228
80409
46778
41690
8442
12579
27938
29822
98117
65585
39568
91403
78337
37460
91573
36039
67631
95601
68217
55449
40595
16038
78959
75809
54071
68991
16419
27882
30357
59918
92439
84428
59568
2495
96480
19467
60950
95655
61987
36768
43422
150
49164
96154
7055
66730
87450
3061
49574
88563
72205
94741
22066
59368
78873
58960
50555
76346
34593
84294
60056
85390
3151
78833
16171
34833
70014
87455
75664
90704
16498
62619
88439
28470
95926
96156
14213
9813
13305
59321
67911
59480
69413
12944
24631
64694
81360
33285
41921
60022
30167
10645
90493
42138
73710
47161
92061
11766
17404
69896
1945
88284
20207
70799
368
86674
18476
57910
77963
24558
30965
29550
13304
96825
70368
26912
64032
19851
67074
62114
37577
39342
64717
64247
70769
64012
29782
61837
57381
13818
40720
59289
14178
60556
12277
80009
44907
20691
83334
55074
39950
97555
20571
94654
61509
53375
6636
54159
20828
4271
88188
29276
54287
93041
34205
17634
4159
92063
34918
53028
98398
93731
62187
86787
41064
6816
43991
31800
19472
62104
37288
64171
11277
80151
85200
74888
35535
78483
19134
1231
9358
67534
56432
562
67300
10077
30742
2123
20450
71472
66197
53869
68433
98759
25138
4403
29179
77419
80449
27477
12933
75770
98472
15668
34917
71395
79473
2339
36078
93383
83368
17974
35022
34141
84455
22725
98907
52099
94318
84032
79461
97493
88503
39515
71511
23737
47125
13655
362
22876
41739
32709
28322
6924
45529
74231
83574
44082
30028
451
80865
49008
1731
25236
55549
92363
16850
7138
6540
35376
93963
76105
8507
84477
49636
34742
68804
33065
42834
67422
33457
41066
46222
77773
36943
95447
6118
23979
22201
27992
78447
70368
28797
13954
34146
86354
32113
48134
21093
3154
20700
51594
77465
5655
48797
80103
38220
80836
95207
25116
86787
36007
75776
3855
20382
24462
88196
58607
83361
26196
54669
18481
33809
16508
68420
82641
89848
95687
67526
50607
53121
53025
59265
57214
70501
73426
36196
76174
29313
42265
70524
5600
38866
70745
41411
43789
81638
79835
37399
14800
79213
72921
92334
94561
9434
27689
99332
96472
49833
53755
37288
39467
48093
20893
64310
81798
16972
25091
36273
32699
25968
5746
97656
25324
39277
35979
26353
66558
40591
576
61479
32003
14135
34800
81245
59433
55296
40000
5339
76641
28109
13467
41760
20839
88143
83033
66178
56648
29921
48435
40961
53247
27535
38316
98727
56953
56481
36434
57595
42496
98330
2139
50860
83730
2595
24176
92233
26398
79173
23512
27150
5509
38190
31839
82296
92587
9838
39127
73760
86503
74108
82328
15998
53392
61682
14165
82242
567
32477
38125
75256
11731
69077
52219
8580
47351
53650
10431
42174
29685
9123
11140
18330
77535
308
13608
82698
99569
53698
38363
1552
70008
81841
37816
19653
27068
94670
44667
93265
73883
48262
20706
82642
54774
17303
64090
70380
4488
17439
88435
80527
16848
14422
72902
77513
6017
36224
39495
51870
90612
88916
57700
93773
95850
45627
37493
33472
6113
72976
61535
6541
95304
96427
71616
84820
79582
25095
13412
30079
43151
10676
65496
30718
12999
58410
45123
59766
33950
88691
47515
10957
27415
64958
46185
54691
82573
55661
70213
49861
53106
82553
54893
97902
43799
7496
1610
57982
50695
83367
57086
60040
71668
79280
18989
9735
82527
52312
12952
45169
99406
15345
37073
75860
60865
23406
26071
37548
53282
81837
91487
88110
12031
71938
13801
21995
12996
29290
24205
90803
13515
92084
19037
13061
92409
95858
27139
5284
95042
8564
26637
27969
74162
55919
98109
56511
56377
9185
37813
31409
32684
49925
7241
84530
47139
89511
66825
52710
89236
51368
42072
17515
57535
19209
79501
57134
62720
70266
29821
56371
22148
10828
48010
29687
68780
56889
23201
92673
24378
14393
72743
95533
76244
33923
10455
47955
54009
31636
90696
39556
34458
9862
60331
7592
31360
62199
96973
22272
65419
79740
95037
30511
19761
27454
30271
52942
2621
60468
21433
87974
94602
1610
28221
19401
97913
94310
48455
14542
1886
80183
98937
87814
40604
5123
92579
318
60799
4098
21496
69623
59500
59937
97782
42007
27636
20159
23654
41408
82768
33954
23599
78356
90421
34624
31334
68506
20010
52939
23447
14984
5605
56619
30857
396
64201
81357
68717
86098
64766
91682
50293
52746
46111
69797
87520
60221
36815
94694
89710
32442
71770
69798
67803
85044
51573
81339
72856
9432
69828
86412
4527
68706
99808
61716
95645
41447
40187
84580
92949
38315
54884
24809
61528
23619
16843
48968
10548
94551
72382
21468
27793
97661
73508
37852
42028
5098
37366
32982
33555
42196
41621
66210
76758
85292
95994
99060
41899
32899
680
31113
16792
30181
98105
36073
24868
730
44991
85102
99785
10853
48925
48063
23226
5110
13180
34542
82126
76189
44533
62572
3730
48437
91312
26993
17359
7170
56472
77275
65827
71352
34740
82293
79091
8218
47544
27181
2340
17156
1840
62438
25188
14681
65444
80100
75786
1826
41841
23904
55149
97695
26485
96191
13744
73182
71831
17614
96167
36565
61512
38604
71975
45535
3717
83869
69864
62834
91653
70540
80740
59473
67451
31293
33650
5954
2510
28126
28533
74701
60532
99088
28396
25266
95754
88594
97496
68492
66314
86076
93497
98965
20027
32185
95654
23703
25087
44317
62544
86914
62963
91137
62510
5723
92627
77335
99178
16363
21218
15508
673
77147
38088
4803
96464
33373
3831
4519
87241
14972
63712
94714
92861
39492
48444
49175
53110
25748
51127
69398
26558
87696
25961
16078
17107
64138
76988
56349
3247
40886
21184
59836
10420
67081
85808
31465
40940
47401
46068
33677
69301
89785
11938
25594
27757
77564
10193
18470
38573
354
51776
54158
41687
78154
24124
57133
66762
4160
98811
61136
74093
93216
77683
79095
89373
72680
86089
63847
75837
62397
92110
12930
80878
60325
63853
7147
55798
23101
33064
62782
97553
9743
52325
72018
88953
28477
84690
58378
95391
52823
62319
70690
55335
99029
93348
23001
63720
94219
31997
89694
47175
85388
93980
55197
69527
79049
50029
10726
42253
39774
42200
16702
69729
31624
3802
72618
89997
97629
80355
71573
98
41981
46719
62936
10816
82964
67679
98469
85165
92578
37867
18277
17146
44188
21769
27332
19737
33796
1394
95190
7614
44371
87527
44804
82618
46165
69857
42516
41424
59085
75801
17473
16228
16700
66732
36178
36232
73372
33491
26505
17895
18909
17812
55797
36398
35787
29441
21522
1862
37025
27981
98815
10603
76748
85514
2613
81348
43743
8460
55784
34759
8921
76933
14381
85655
16039
84064
15846
57843
90968
48975
54752
10722
67393
66484
58922
8656
82335
17265
12713
75616
86704
34824
40615
99932
14849
14178
70946
98918
36582
74329
77872
35213
70731
33378
88505
92224
12485
61836
30724
50103
23509
79210
81558
34727
42272
41960
6888
14089
89592
16404
22618
83566
95759
45708
75856
96438
39395
50391
47834
14909
31900
34140
92715
53052
81657
20678
2398
82326
8950
49623
337
30880
95242
52721
79915
30678
52577
21655
25017
74451
52075
25479
31338
70738
80260
16515
94372
86770
99599
15125
88573
28097
27552
82925
51615
12548
72881
31460
53596
75850
32315
90758
50225
96405
41245
72676
67480
7597
68306
11887
26444
33493
66368
98969
72662
60520
6724
23024
30761
21794
43994
15007
72233
85776
26173
19793
81818
40288
18636
11050
23229
82596
50988
95297
94376
15491
1330
20067
99867
55512
19650
33136
15880
97054
2061
52887
16630
61109
77910
21947
46563
2444
55917
41485
11065
87882
45832
86338
43344
96760
74288
65014
45423
834
42892
87270
29233
18833
85076
79413
62738
17041
56042
42143
26526
26845
37884
50156
43256
34473
35731
2491
17298
14981
6480
97188
383
41172
99730
16054
6084
68762
35413
17814
55972
83087
47594
66152
78156
91377
79573
82541
58391
84469
81014
95080
55865
40833
63757
81453
6091
32967
9220
65715
84663
91517
74664
64262
11107
62198
80272
30765
76331
74858
25552
4698
7591
88853
20058
71575
59201
46577
66083
83732
91242
85884
76789
39476
44138
30579
19112
18305
38562
98649
43265
82506
43210
255
66439
67711
9898
68886
55488
60808
14861
87887
5492
57471
7976
31921
48466
78076
93330
40812
79595
98269
97785
20981
91076
33637
25513
98991
7149
93162
73319
68638
89847
9999
24334
92627
41741
99986
96883
77160
21027
6426
74218
14859
7073
51625
18723
91383
17789
99217
69600
23588
16072
24338
29035
36841
63020
30302
80618
86207
44157
41571
40674
10588
26356
42348
7984
96654
89209
2892
20482
37390
86118
50277
54893
63863
36507
13666
61588
77566
95005
68826
39542
42845
20877
31268
5127
49364
15672
49243
56672
54819
33661
59138
58512
83159
23830
29885
70639
49238
67141
30986
11873
49546
95322
71587
90635
91524
97195
71200
15514
69391
20221
78063
32577
60631
72476
78331
86958
78595
2072
24039
51445
99317
91028
81076
76110
29520
36923
63166
84002
89747
27436
98155
70726
16429
57758
21550
70939
5570
25711
45542
81188
54350
29451
84504
86016
80600
78282
32089
56995
94227
68250
40807
21325
75647
535
87260
69237
57190
17866
22455
59065
83751
58179
86924
70881
31404
99426
26865
66409
74060
50743
34137
94890
93464
52496
43172
60375
46766
92131
57344
86233
59635
64493
64230
52997
70793
55521
91394
3958
43137
16529
23694
95747
42173
45159
9547
5354
40194
24031
97579
69952
18448
82078
1914
53850
775
37021
15974
63139
70235
10659
85622
46759
83727
69111
416
89087
18331
80464
98937
31472
28534
50841
77295
89213
55315
74496
81695
73965
26549
92975
57951
57357
30095
21215
31554
99056
89760
34694
64109
86212
21409
97977
13558
84014
23954
56896
88320
23933
25238
19610
22850
30222
3980
86086
10137
1967
82766
77126
12294
38546
83552
63309
34488
34796
58018
55287
70640
97178
92866
49261
59741
95247
56915
78737
72764
52533
62140
32649
94792
59619
61704
49799
75412
44814
86096
8024
23355
28123
28040
53715
43857
42195
73408
69852
54349
94913
71917
4973
41852
57764
24212
91761
79186
40872
67458
61823
15078
38427
79754
35659
30140
1086
36719
82094
57585
53168
6970
26914
85822
5965
71197
80710
95111
95960
2405
23350
1450
75802
26408
55849
46642
54033
23657
85658
24149
96362
89056
56211
21529
82592
58131
40302
41922
76689
13738
33809
39927
221
88947
81339
53271
57250
15666
50877
86293
35284
11140
37565
70544
55463
47440
55811
15117
65897
42184
47776
81928
53528
70744
87785
79046
84198
81755
23466
16265
68330
82455
79842
56163
77918
34577
40960
84174
7765
62597
76928
9592
26498
18522
90844
88913
34849
80846
1883
66877
3747
45911
2344
2027
23619
9899
17365
15307
61018
4007
39685
15771
86604
18305
45319
73756
73939
20497
88541
33391
57998
78594
52266
8054
66336
50556
52916
61201
77870
5367
999
31191
88768
63873
95880
31216
36309
7830
64875
41737
88623
33773
13625
65233
826
13230
26023
96859
88027
4297
60725
8670
92759
23116
33398
29350
31521
63168
99558
22665
13556
17123
92935
39379
39944
77699
67801
79447
96327
41512
17487
52283
25103
9857
31737
8383
11450
22545
66593
31646
83881
96225
68848
39658
814
32705
79388
17188
69026
93245
82949
4218
2228
38457
92788
60921
65185
42928
3495
38061
1239
49670
53239
52338
88938
15568
74957
72641
40506
80990
70528
35649
38183
70157
17626
6162
92772
44552
18851
17465
75006
63295
68505
43020
59938
93636
43206
77288
9235
3404
58188
98312
93792
52775
86867
92279
31924
69056
39254
47734
98056
21734
11666
67784
62171
89929
48175
56586
38776
33521
97450
27668
27594
56720
26615
92
11431
35689
39348
57170
72693
98568
48497
27546
85190
77408
4098
59198
69740
59834
9957
42446
87834
39104
28024
69001
88969
86578
43643
5530
5562
66564
98764
37545
90923
70088
53477
928
95213
78134
23244
12014
76188
65006
7591
14906
16115
34892
98828
45866
52656
9754
20743
26170
96684
13187
35887
39725
54241
59504
68592
63394
12631
76777
36086
3144
61286
17260
81437
95518
6715
16672
89194
68132
14043
20008
56700
26815
32790
75248
24912
40793
48145
46259
25189
82591
48965
16710
42690
67342
34687
26161
59183
29180
49780
3860
11168
52160
50206
94366
16788
9221
1002
79001
78036
65068
68132
10210
64924
37070
98383
45122
99483
94623
57023
25405
82851
54926
9929
44945
31845
79598
70845
25065
20872
52186
42226
55415
71021
65991
78310
8533
78052
75590
64089
46481
18443
49266
70901
84773
30631
92884
94945
65044
89225
55018
45099
9008
73419
68234
89563
47123
31763
83904
17632
77414
54570
98672
94978
4162
67629
28877
59459
2385
22306
45556
91383
54621
48488
67779
61017
51459
1389
46999
44514
68019
56744
6082
41605
83308
90533
82441
90802
80721
32413
35506
47211
10547
36937
76063
63909
88097
40599
16453
26324
79116
82869
39878
32562
29568
7267
63531
74270
63304
97389
59334
40668
90371
75232
89955
12256
94335
20977
37983
46653
45997
35307
91831
29772
43395
75669
80449
90352
67436
8096
12830
64792
4866
74172
98213
43802
92322
85966
79709
87831
55909
6015
89766
34331
28956
4063
14263
81425
57944
35173
77342
58347
69535
65005
5669
61007
28346
91891
36437
31232
46103
66840
38847
4230
6267
57615
53568
94279
52511
43201
68763
58105
44235
30929
26906
36799
32761
70088
45032
97982
63509
70444
901
27257
929
87910
15234
47115
9850
78982
32475
44512
39640
93092
32428
26797
43891
35304
79046
21051
33501
19319
21553
75928
56838
3523
10942
50221
14466
6232
17277
55329
21539
43535
85724
32597
38766
58866
3208
41293
44396
38686
82700
97667
23026
1398
1170
95370
62180
21145
55154
23527
26342
38343
79840
95767
84254
63899
85787
92307
51134
31305
15404
94598
24328
69952
93189
96666
85114
87364
69321
76476
57302
3110
74787
81645
24758
12127
11330
71422
89506
67455
16743
6337
97743
93517
71292
75861
24138
10228
45977
37594
53719
76813
64941
90287
84200
73360
71576
18477
55921
75451
21711
62672
12242
969
59711
92852
75685
68668
88890
30766
66593
17517
12467
8577
70929
60829
48365
43271
32507
76590
63698
33341
99692
87399
9133
7163
40935
36734
56605
14042
54559
84253
40287
59127
32545
14250
36019
85310
63619
3672
16166
28600
23665
26262
41333
71820
62945
67556
79308
79290
29732
32509
56661
51692
97817
1717
791
41081
70157
8272
31993
84269
80217
44048
13338
82460
70119
11696
6553
32643
70566
15623
60787
87193
88579
44063
82610
60385
33395
41107
47176
1679
6074
20530
82950
64220
79333
99601
63853
87124
20286
82849
83300
52927
47377
48615
19311
1538
77122
68856
39565
89522
32592
14353
79006
32722
16550
56530
4816
31357
22902
93764
82432
86377
96715
66905
3025
28601
83302
8332
28799
76945
47353
15513
27868
86241
99445
70619
93753
35360
69098
74741
17772
53861
68331
93059
87306
52807
17582
4471
79390
66644
75101
60514
7429
4801
28218
54854
37920
79058
84366
36999
67904
23736
57906
5149
71080
814
34489
17323
9600
66428
91240
11770
24395
84003
97300
35535
12310
46154
44599
92048
54406
18536
41555
6809
61067
80511
57304
51078
14501
59499
92772
51199
91847
53800
51550
69301
72878
90416
14090
47331
28051
95575
12033
49827
24994
51401
90387
98443
94645
24981
52101
474
21335
58461
60363
36598
51020
32088
14074
69180
8601
77669
6285
86653
87852
15108
67686
47362
82821
34697
45848
50682
91928
1385
9636
37668
18239
61292
57394
96140
3624
447
36695
98482
35587
91587
11239
50591
63653
6960
34742
19459
70753
75677
37545
66175
77084
81329
17704
26845
31417
52972
82440
5911
40405
953
84292
72225
46310
51224
71222
69471
25863
9390
86371
93972
62978
70117
95516
52786
91917
93099
90983
44780
22854
68672
40442
2871
11549
50994
8233
27421
73575
75058
99580
100
48886
12297
47198
64269
63269
93106
14895
7343
78797
89469
75711
97469
98362
54201
5604
16838
51132
2268
58832
62188
46692
54919
44714
74150
85583
75285
46795
67628
10043
36299
52586
76085
92563
98450
32563
21439
21140
44597
25559
81187
52277
11020
38046
34313
23620
71395
23029
94320
25353
11647
47098
52767
83339
73715
98048
39990
56429
43145
5916
30237
96144
35304
38558
34419
90637
72360
5473
47463
42211
91041
29206
90241
79906
93944
49655
17795
1054
23564
45848
30660
53730
24527
63053
54428
45483
6312
40387
24898
32598
99073
83123
26422
77366
97200
97847
87795
97288
13840
8226
78150
84229
87816
39956
61927
34929
4186
69944
88476
98908
63767
70112
66464
11426
51485
32048
69805
98338
64142
47442
45697
62184
65325
90861
67631
95566
22613
70965
58411
14727
20616
63663
58358
44042
33852
57196
90398
33279
40518
22489
17184
88808
27208
1648
3504
55692
62150
1690
33584
11848
92569
64495
37175
3053
51084
62738
1604
32726
26249
76853
5485
66148
42054
95649
96520
6107
19867
29131
96495
96739
39972
6213
59500
47572
31014
31737
22451
56708
56093
56409
68839
3303
63079
47237
66926
80165
93491
4664
17836
25559
45730
73310
11196
93905
63627
82483
38672
96523
91942
14355
79406
29235
59527
37103
73034
87048
35089
24471
38731
93440
36406
58224
47364
91098
48943
75823
10099
59736
73829
17673
34881
48018
99719
48968
58786
4333
61802
49896
83053
39294
12396
45346
20011
5063
95908
95114
18868
67353
66445
57335
64566
73232
88792
50171
98128
9446
22039
33917
60536
24045
56217
15691
46222
45263
89437
40797
24370
38744
59390
55465
10030
2126
68340
28492
18634
58892
74030
90766
30061
10688
795
43379
30958
55676
85877
58580
41498
91920
42660
442
65687
47279
1470
95014
94693
8541
64615
6126
99657
38525
22770
90444
79231
30873
15977
76489
59153
91776
71541
31357
95146
33465
86597
17963
11875
31517
90082
83405
56368
29078
27049
97141
35091
52555
17305
17675
35941
63942
73387
25251
58046
29770
66733
17927
64649
55864
93904
44606
33515
85649
56390
39168
59876
41720
17055
95811
97374
12004
78021
55834
74600
48561
24829
6301
49569
65214
92793
22497
55747
91054
83644
11919
55163
23478
55396
75924
55096
49554
24406
4152
77761
95141
54282
77448
66467
69275
31322
73717
68057
77491
76651
6022
55489
11112
77979
9376
84255
18334
76429
63542
11133
57626
36605
49006
3980
90613
42578
45303
38651
84441
37394
83549
38458
4554
66829
96673
78312
97161
17320
69884
4744
83060
54783
38046
90980
11353
89986
27769
2235
33687
34524
36333
71479
92880
77885
37325
95751
7135
17372
58726
66051
80415
73933
5227
69490
31078
30954
96378
14815
69587
771
1407
19996
54856
4999
91608
98762
95529
30839
36373
59078
97575
27972
35660
8984
56887
42681
83616
1980
79404
95566
4788
33888
84564
98411
89701
3219
59982
25355
64219
66910
35198
94653
46116
17221
92856
26759
57916
60544
70758
95216
30275
37887
4532
32806
71292
98374
77147
97213
69309
35056
84773
68927
4071
47653
54234
1560
73978
31852
99653
69341
32437
52461
59444
74206
81553
44016
40110
62153
90697
97577
73224
65656
72279
5299
37681
54545
62671
80479
15173
39502
40845
95411
28713
8762
4628
41769
26308
49323
40806
55740
8283
7588
95332
48717
75512
52850
6305
87994
90953
78556
15195
58639
386
7642
18722
21407
15183
95887
69998
9686
20408
40832
87503
93157
7056
76416
27163
51845
86046
80739
18087
18340
98186
4456
21937
76055
26358
75915
84225
48161
17093
91328
12682
92509
94103
62490
70737
70217
69988
20358
49593
5585
44302
20568
55163
18494
43253
67276
34309
63348
28992
37928
16077
73500
34615
53966
68250
43088
33137
88715
31924
88473
16479
57375
664
39456
88842
1369
21627
24414
11322
40057
10699
47706
52817
74964
59413
35222
34792
25106
59354
34177
94754
70823
73300
37633
53777
19851
47963
58502
47480
66437
13378
71881
97161
17192
49782
46397
79770
27201
51495
66495
15530
45089
72027
5447
66984
53619
62282
44475
55615
33586
11854
13232
77492
26184
77028
31228
29642
42231
42566
59071
23891
88651
14125
1109
45978
64785
67346
41886
98708
31190
40871
79032
32477
52627
86332
48087
82602
64057
33665
27689
11685
55402
19540
39078
10842
64959
60985
43651
34772
44174
34652
9635
43209
63569
17775
49007
83969
73293
7755
54596
73078
4890
98929
97970
18435
50476
67833
15012
13920
21096
39144
69974
89721
32589
1881
37739
62402
24852
85360
98817
57357
28168
94994
87944
76158
73106
9858
11844
40986
60639
78761
31167
17834
86110
66764
50755
80746
67892
92749
59134
27299
11485
47724
24251
42660
63506
93587
30656
11763
75927
32683
50703
93434
13410
40821
84404
2683
53582
3562
2284
75703
15452
76943
80615
77006
97999
59305
76860
74153
75242
74284
21601
30514
92177
47700
83952
9526
65815
72135
16647
70871
2339
40035
97210
76164
29676
53554
94128
5041
96690
41017
69380
66300
72891
96755
71301
71768
34822
42535
74478
57962
66198
952
35255
19373
6478
97187
3440
28098
76524
92596
30947
71003
91927
59477
70578
88851
72501
20916
73331
8668
87707
95002
49906
4097
27077
93516
42693
5575
37137
70038
89571
45928
41335
33578
88134
42822
21864
36774
28963
29695
73696
81447
37093
6988
80821
52713
27969
10510
12004
46946
46371
46039
88506
97409
51245
54855
84777
30599
19558
90888
3333
33238
96276
7835
45381
34938
32717
46508
40266
8303
33303
73727
78799
90770
19410
36677
17562
18746
5184
56954
10859
67621
35528
12162
92081
56180
4634
80585
19885
55307
25895
17116
15031
3873
89430
9298
39415
73281
55288
37728
40304
96285
8409
80792
7706
73021
64163
58953
36017
58205
12082
40218
90500
21974
99847
77568
17426
25008
56276
57222
6204
88603
66520
19617
73459
62876
39792
19645
74460
73571
26824
88636
34999
56285
11392
41702
801
64507
26745
28899
85331
9111
45772
65555
12245
49193
93719
86748
92076
71942
93186
65981
859
9071
3587
28462
67821
12403
93334
88698
58336
4641
79344
40838
2263
86881
45141
53120
55267
11046
59631
21004
7201
92721
93152
77942
81625
52232
61729
40798
58062
10062
29736
10175
22238
82989
34153
64892
3010
51555
60984
21298
7200
17705
4641
22640
94885
37391
96429
98078
17509
8769
39566
89357
23019
68548
98287
3384
30319
78041
95167
588
71967
46668
63217
40842
33220
63957
84223
49350
8326
3642
65513
38367
91739
59436
71823
43577
90380
97161
18511
18540
20014
62169
27609
66568
66392
57622
74479
42434
68925
65807
49805
34672
44810
69088
51849
2355
28280
85296
56347
34284
88233
52460
23174
27796
98865
68429
46943
38532
84891
38230
50655
55080
91230
19843
1892
37853
94560
37329
77155
84799
44941
26279
73336
81774
94287
28064
76169
65121
6595
27281
15993
33906
63948
77803
70677
96416
94563
5514
5677
74128
5225
24384
18236
21042
798
74330
52284
79528
28739
59272
41276
87613
79543
44705
37159
9530
22449
1520
17072
57129
46241
88462
76305
53363
48680
81629
89581
19939
78988
89228
33890
35592
6543
27981
38451
50137
58964
16582
73473
87002
50184
71059
68698
26504
73738
24211
18528
84348
88894
96202
71526
55181
19717
65013
14629
59626
80976
57764
45856
2503
95784
33756
91350
13803
29863
17720
45895
14749
66234
58077
59631
49744
50285
81657
64810
65504
62445
25106
77959
321
57654
87339
73189
96464
62444
5126
17860
55651
57198
40553
68797
9518
82152
58748
19191
84966
76313
17405
17427
40497
92075
82589
84654
22231
36801
12283
78186
95312
42836
15666
98049
81150
60241
47012
87585
30807
43245
70557
49929
30818
36542
47724
9279
68258
65278
6618
15244
88383
21933
55581
99716
49423
26578
36251
62495
4140
75211
66318
50444
35345
82316
95206
2770
54812
49154
88469
35070
63192
91411
77965
59793
50143
42501
89262
61548
60877
50564
1671
78729
86311
87141
5126
55288
68185
64840
41140
4688
29740
60959
3809
32683
11926
70052
83342
70677
68242
5336
74604
308
60648
20791
82986
41257
63283
20529
46049
17037
11979
75617
71728
73660
97418
53907
29665
87510
86428
69847
86734
20072
90488
40324
2590
2117
59234
37781
42774
43213
92412
8461
69256
5899
97921
24477
55844
20732
59551
60804
47684
92763
77167
74707
42588
66414
87284
25704
97448
99286
14752
55675
40135
81738
7641
77177
59758
73612
17418
67985
8610
60809
13305
64189
94067
29678
19664
31777
86748
47365
67509
84747
10038
152
25173
45800
84803
65515
60023
49008
9525
94133
51408
86307
60109
86466
19608
96656
4205
63478
32797
89538
46287
72528
65520
92855
41434
9326
57487
65461
24531
79911
31326
62441
41712
70727
64139
32715
59398
5852
22937
82223
1384
78046
795
75736
43341
21705
49982
51690
66816
15043
40619
86393
24920
11268
37364
79642
32309
16854
42711
68521
62592
15741
76899
82516
13004
13174
43405
43965
64548
41551
15838
24254
96496
10470
33503
47846
94933
90023
36054
64504
48409
46603
62109
49961
22283
765
66609
29753
29036
45231
19776
2292
36069
14350
6418
67035
44605
39154
77650
47179
94168
84309
11381
69409
25340
89364
29115
14042
41025
12848
14809
41335
59417
74679
41908
57963
48895
32646
9055
68749
98622
79174
12933
3204
24969
24120
22002
51462
83116
92409
97573
54049
43544
83050
13573
20611
31207
77907
12208
25326
31753
60022
96278
70024
16820
59963
59773
88306
15691
68652
42325
75716
27101
31726
73141
61487
62367
33313
1729
97233
36769
53437
48179
14022
14324
19959
13567
54677
9251
54286
3520
49370
79246
32082
79335
78132
16914
35750
48143
57570
75161
42500
77646
36381
67806
70439
60966
67209
62301
7746
72670
22366
56133
40415
5748
15113
76759
87354
80047
44288
8542
1156
97441
89042
45209
72981
57053
77370
35604
4919
55708
58513
88235
59232
79672
56861
90115
35644
25492
97106
99638
37725
82449
76744
57631
80478
80322
32692
97939
3765
97178
46465
20614
56605
71092
67521
24688
13593
65610
40186
78013
95845
37664
65843
45432
90269
64071
83475
11306
39391
88078
11824
39336
76705
31691
40415
64528
1813
29112
95583
38548
2958
89844
5133
57048
68192
42235
21905
21918
9597
49384
26772
3779
69040
81288
59036
88925
86080
12628
38080
47461
72431
97231
18837
13688
5849
30813
95447
67334
72304
63405
22634
75551
86888
69042
57597
34916
98644
25572
88846
96231
33297
99316
69375
86654
60534
17515
65671
29328
8793
7163
5208
35323
69180
95405
55509
39584
80249
71955
24775
71755
41111
48384
42698
55558
19482
25078
91545
62682
24758
81617
91464
36834
86803
7673
93544
8643
95542
44129
50697
94520
64667
19535
64403
26491
4115
57986
45124
98787
63944
94101
54792
75498
66458
98625
52030
3807
91398
58900
8768
18683
59805
62532
65385
53984
55546
20668
64728
15678
20575
59516
44392
79751
26925
74561
62684
2774
34861
40106
75846
38003
29649
99142
34932
32835
68392
34430
17938
46730
5059
19864
42000
17438
26106
48961
88167
93233
81638
2141
25510
71049
43696
8958
16366
14420
57975
11055
7268
61850
69331
39201
43268
40600
61411
94326
87094
71974
12816
94817
124
45594
76233
29627
31752
51961
6146
90276
91285
5750
53494
77564
76034
77190
90543
70609
70077
22621
40090
76977
59389
94486
93457
90504
87870
22708
21852
22782
12000
41339
24229
39680
50534
57992
36682
61065
6057
57272
70449
32636
17284
53589
46597
8398
35063
53831
2401
97769
90351
73343
75911
5793
22706
49713
27445
83209
36383
26794
55062
70900
58331
63855
95245
62998
73781
46288
46776
5921
66568
94713
43928
86447
1843
40885
952
29571
77460
8623
16923
38335
50881
52014
10172
99622
18118
82812
1283
31536
84099
57209
10171
98092
13271
70448
73578
85235
16967
40938
47009
65786
22950
71278
31761
61848
37904
55533
99744
87402
74871
38968
38169
13142
39525
22331
48299
62666
15778
93132
51492
17637
25855
90224
28769
37371
53443
4575
45471
61941
1870
40612
15242
9986
97781
45455
76439
51952
67884
12048
51382
81235
75710
52424
2603
116
28599
6624
11944
1664
91417
23822
54178
14403
54839
59468
72960
4220
6548
51177
67865
48566
82275
52848
79756
50081
52484
83747
19147
33825
40687
60636
7874
31676
93383
13338
90824
62284
71025
95494
86198
67700
70152
89981
52087
1055
64714
15921
68439
47818
96997
40030
14860
64503
16440
97093
4463
97064
90881
56423
62872
34857
38582
44222
21390
32370
93212
92703
21458
16312
74498
52452
61077
26148
90771
21941
26625
82174
97037
38863
35480
17360
64793
86708
71382
40656
25449
15934
18034
97519
21320
13158
4413
13708
70856
52033
54830
54292
16254
16389
39851
60062
83857
3229
91350
23434
5790
28381
67878
54086
66685
57318
75304
10680
83674
36491
78379
52255
8523
44981
39679
10191
56106
10994
59487
82984
3731
65341
35143
24044
57676
24453
1284
31592
60114
58584
18471
73260
72311
74122
71331
78735
28305
87175
4445
66912
96087
11420
8806
94421
64509
8240
99299
63294
23971
33397
41133
87190
16482
39512
74169
23792
44471
17632
14735
68806
85367
69219
86357
80718
70296
26673
37107
55809
35835
78495
49687
96924
71242
97633
27449
4802
50499
54247
88335
76347
26220
97758
40142
82826
83665
36105
53856
84527
22185
72375
46306
39234
10344
6943
69856
10662
2503
979
18895
58980
98177
26746
84979
13317
9082
94312
76380
45249
79929
87631
72190
48862
79002
72553
32992
6456
85948
49714
87124
243
22343
4105
26670
11035
37704
97205
74360
80637
1486
42683
29991
34531
66050
13725
23964
98408
45253
55157
81339
56286
91861
44050
20711
93114
28511
88898
93560
32758
10824
60535
79325
84951
3227
7094
8175
67669
36603
85324
58280
17193
82227
86100
78833
20561
90114
46520
8149
74146
92473
80139
90235
98584
67009
77667
73553
11829
60080
68786
1001
7746
8504
34821
6294
76141
33350
62127
25267
492
16942
73707
45881
79854
56885
99787
89235
98803
39632
67765
78467
15737
30904
57758
51361
23803
26622
85768
24429
14072
61222
86840
66596
31069
1978
18923
22569
95882
4830
49275
90249
9222
40174
88194
7070
81469
96762
66734
71769
38373
23086
18052
90620
45997
68779
45280
94260
98054
43771
54332
76498
34522
26509
5556
40009
30877
22816
71359
37340
60773
5125
97711
74535
67303
72326
65019
45976
7239
62761
79933
27526
77127
84294
51778
58811
81235
41644
48191
34736
23297
88598
83512
20104
29443
32704
23139
92272
15007
43153
17388
87804
77030
20308
2481
93221
95007
56884
74576
20294
8778
70706
80250
14598
77
64482
46095
89682
35788
92998
65296
68913
79458
13475
790
8230
61769
36483
38033
84456
15066
78870
8484
12944
67474
64422
14620
76244
89100
30913
91663
66265
37467
36428
34437
8933
22967
5976
10554
46164
68443
78594
41579
67724
2210
71332
64420
81437
1596
57645
67024
26117
83696
71638
11493
81273
50253
67951
96085
89811
17000
11759
33752
25353
21159
59615
56505
70412
42086
17955
67577
91654
59562
90560
8336
16853
3941
82757
95599
79869
47104
62722
4761
47429
4076
66845
37233
28824
55443
3051
86969
79947
5543
84479
57961
58516
79647
63829
2588
95611
50992
23813
80339
82143
20520
42623
96919
50499
54292
79099
32859
30833
82073
5961
17075
97295
62366
52730
41918
87596
72340
13103
56170
87940
47472
89766
93299
12950
51443
57744
41889
74806
1236
90512
86957
49514
20952
52498
28824
31835
69199
62439
42295
33024
40055
26272
30472
5537
88694
59159
8866
72397
79952
93918
31722
63482
99072
45833
88287
18126
68694
58686
66403
98572
35843
86036
13614
72543
83463
25897
82531
74032
959
72883
72342
93131
7587
69776
29459
32368
99952
51453
85901
18017
3309
38569
54418
60903
1384
62980
28421
74293
5646
28095
16326
78629
43246
48350
47991
73332
50007
5160
21070
415
7208
50451
17924
44476
67683
30609
43530
58005
23750
13570
19074
43457
37284
73818
83472
91738
55909
42616
21794
64433
75758
16786
37905
48065
54824
80199
42501
31235
43386
12618
87009
52248
71100
77556
50969
14461
65954
41857
4126
67618
98483
51373
87901
71431
25757
33724
80692
76194
40893
38548
62795
92916
84404
24530
16185
72870
59049
76056
37699
12061
28590
23775
92421
78280
58448
86700
80283
99827
17113
43040
83508
17587
51913
48707
66665
27238
10968
23929
28508
73543
55067
15237
78855
43864
50087
34511
10086
50041
98298
30883
7770
58915
88434
95046
70205
88566
8029
25560
80474
46556
65889
72907
94531
23942
2253
37749
37595
40288
48883
26966
67334
48165
21035
45878
35320
76974
28959
95882
29481
19068
88
43145
94872
30895
15812
17018
65967
63935
41992
60794
52687
34539
51459
37937
37064
83709
18918
2996
18
94542
71544
96201
12424
6363
2409
91093
71697
31958
42732
43077
79973
72551
37511
94602
90213
3683
69540
59574
34680
91916
69928
56256
83251
66459
65321
43158
38902
40816
60235
24363
31853
64684
30922
13194
82367
63400
16662
72955
62324
54366
67967
33403
90417
78489
37648
64424
19770
73390
75259
1105
816
4801
83686
70649
11439
23833
54023
91874
21549
52550
30121
65946
21687
20653
98895
75532
16055
87097
27025
2417
93457
12852
96335
54880
28973
75418
36322
62067
22815
72984
24078
61896
51020
90568
37544
3088
36946
54170
40058
90092
40926
1468
69532
86341
89103
68727
92056
56046
38391
82735
16420
76683
79746
53048
4330
10867
57515
72378
19438
36907
17270
11124
5953
20474
2829
32651
25907
13576
81169
8636
9484
87852
12781
28697
12827
48204
79238
82880
50300
40284
97839
54139
93420
66278
17698
34763
7783
46746
81639
58185
96804
96202
16569
90189
56762
24468
52400
59149
54524
78396
17420
30273
88019
72183
67865
74674
17936
19834
96973
27551
35905
24176
56022
70963
22951
71738
74770
31744
42463
70363
72175
91067
30402
39669
24303
7753
29633
87395
48476
28843
1212
66804
63989
46784
63856
56239
97053
63659
60563
53157
83942
31697
92561
72608
36833
20113
27094
37439
41556
81877
28507
86232
8466
15242
53314
95881
64681
49363
4129
26796
24504
5247
43498
66000
93931
24810
93435
31552
94597
43215
12453
19246
48441
37183
72653
72415
70499
15024
94187
34413
81565
46258
86745
68361
92641
9081
14630
10381
88825
37774
56299
27820
80939
79043
80919
97132
43509
83002
84108
43942
30476
25082
47811
49135
98916
26135
33359
26849
75236
32317
9943
51939
3491
85095
302
61820
98300
6998
24489
71759
54393
96670
45368
58415
50862
4159
46150
22372
12138
86062
88054
26026
79481
70730
74823
36850
65114
61350
56497
98471
94678
68056
92492
81816
87573
3581
66184
97002
11386
77236
23541
99319
30593
74154
33459
6180
73900
11586
29546
68099
24492
53559
34070
71658
33530
75317
16163
25373
85338
5356
47902
95042
85982
69087
40541
73547
97617
66004
43861
9776
64837
76977
72198
45018
47602
61191
2981
8662
91499
42678
12401
61306
47121
61343
12433
87065
27293
43606
53254
61093
92880
23037
74858
12572
12291
56870
56138
70634
58090
86725
29658
29167
90566
67757
52772
89923
30015
78686
28283
46778
57203
14171
78220
61423
73598
33376
77797
18264
33125
61819
45689
41641
87299
99435
27111
90043
54844
54525
19802
2727
83815
15164
29391
48317
49992
49662
42311
60883
68467
78090
94600
95138
16198
45345
18324
51286
82750
15054
64506
14703
41877
11746
68466
61759
99643
46253
73860
16327
67720
52863
50602
87295
19183
55854
77192
53757
32431
6012
55733
30760
56396
93915
98794
24965
50687
28065
1900
57929
83714
33596
9005
92645
44379
25677
40054
79716
39445
13069
17899
10643
91995
18337
76025
84524
42754
30428
6040
67342
51593
44063
54968
80555
88724
39706
98102
12336
47752
4778
7032
66780
34473
83744
23031
63176
83932
45925
11580
6202
32650
67322
86993
42170
95598
94604
29642
28927
76907
41829
71227
72910
98304
81590
87702
34904
42728
92361
42128
82558
64614
33294
60985
51409
74281
7642
44811
63647
68177
75580
98192
66931
93517
90421
86181
15251
28003
45366
55674
22468
11198
73296
54070
50724
47865
74739
60150
4299
8053
25156
17106
16577
92306
34493
29836
44078
75328
45996
95474
68072
83888
94383
40706
90034
33811
40774
11915
25653
95833
44119
11772
35456
89410
13039
87751
3258
678
99325
76356
49853
17533
33176
79994
76272
84408
58404
24357
34139
13208
80124
70886
72990
93390
75726
51633
7604
59760
56300
44933
69919
43917
31792
5882
75207
1928
60957
90115
71735
11044
91961
11882
82906
56124
79680
31037
27350
4212
34840
86519
11707
94719
20584
85971
51663
88430
61156
98437
30887
10973
59170
61162
18213
82852
67292
24541
29181
78619
61634
14464
86096
3675
56736
84489
81208
8214
29944
95807
21066
16275
13571
11357
49989
27211
95400
93406
81719
40346
87836
98088
42545
92827
44103
10406
48952
41388
2177
88057
81351
93232
40784
39264
15731
11997
92387
84989
31751
50088
55437
3892
57074
99383
1452
77272
39311
90732
96052
62679
68358
48458
74204
70513
60970
4864
6943
48861
62275
48591
32756
54476
18560
85833
3333
96338
81782
9552
73745
4391
42591
71623
24140
66571
64111
26346
17158
60858
89595
83385
71784
32829
75248
44871
42093
49826
2986
90971
1832
11936
54450
12570
24795
60369
1034
20837
1940
81460
63045
11937
68875
9409
77572
45485
4469
33936
29409
65948
42812
88405
6686
12294
35070
86951
25506
80952
2214
31109
62179
72410
64629
90269
9594
34265
50177
25378
82846
37465
71803
71882
86291
9231
13961
29512
2301
54360
37731
47104
45508
58763
61825
21806
59315
79451
80565
62992
26377
24812
76767
61731
98167
66825
27454
18440
31674
8398
49911
28403
8328
29722
77290
58343
72751
62647
28040
88758
49386
8193
47423
99784
77490
89116
72142
87482
59863
56783
34076
81187
79533
47156
69267
14826
40797
74617
4392
78038
68794
61384
18465
70171
21986
99866
87885
63462
7116
6433
89106
26783
47414
94283
14385
46915
70969
80443
51566
45054
97955
19496
47398
16473
8413
54334
41135
90957
4576
39602
92842
35888
68087
30181
87792
80865
45747
83842
57423
33472
39803
38034
98715
49410
76274
71750
2307
45864
82621
99198
99853
92439
48316
6398
43033
3396
54609
41714
98029
44150
77373
5082
2221
43963
56349
93328
51692
41687
18105
39845
95820
949
39628
43840
80408
54611
21571
9132
83537
64975
2271
21526
73993
7493
59696
15752
96900
6690
23362
64632
53234
6154
43742
52718
73738
67019
83507
11736
25932
62008
1639
35161
8357
85641
79144
32752
15104
17099
53359
74873
81466
62293
99502
47801
72252
20229
64303
80299
54074
97916
98278
2275
79521
76978
93128
55970
16432
32872
73213
2460
88796
55319
30873
72546
18115
67431
59704
90229
73001
88005
65726
33494
2755
70650
3475
55048
71699
8248
79020
78141
34664
84670
7835
89951
4745
14554
75550
92090
84227
51365
53118
56145
64637
74776
65328
61385
43790
99288
36779
79042
79744
33638
94171
10035
6344
41687
15488
86816
51614
59607
35815
5247
76101
48164
20942
11077
44121
58947
83329
54547
28874
81787
53181
43448
81047
20659
59421
50899
46658
34572
60445
95130
7984
88676
37885
4155
27092
42118
27160
89282
1855
83667
99410
43557
80506
63601
59671
8683
29672
74179
53860
58662
87411
27013
39002
93821
2380
72746
96757
84176
50923
12432
47230
83375
21465
60023
30572
72640
9804
98135
66050
64527
482
66572
26998
8452
59606
49530
19171
20008
2048
53901
4028
3661
1153
8765
12200
28344
72709
79698
8462
95468
37481
89066
93104
48033
35450
64635
39449
67215
97955
540
39752
76054
98415
60534
81382
82544
58961
85245
76840
28173
34049
32874
95367
6277
50100
42602
54212
98028
11079
55050
46560
3860
93787
94838
68424
4226
65541
83777
36200
30511
43672
93871
32433
6447
61756
32824
4267
22539
84602
45688
53403
20883
607
48226
52751
57592
3051
99600
5117
22305
76739
2922
68999
27084
4428
4688
50903
4269
28539
57088
48996
36388
3221
28981
18899
14154
86334
90769
84117
44412
34295
76466
94865
13435
72663
11307
30966
80997
44747
61191
9305
43672
55147
30498
22727
13051
84993
78224
10169
21511
87246
52935
53061
5665
61636
60317
57238
88449
77247
2639
30690
92876
55484
60832
51539
31416
23991
97795
38584
45836
29195
18832
35135
14135
67637
68443
92813
66798
29076
16092
43164
20954
87497
28291
52942
11657
74859
85264
83480
55300
52976
70976
14538
33039
48781
99355
73963
59740
44958
91409
42346
92001
12531
11939
4733
96102
21050
49483
79359
44011
43265
43277
43988
40603
31564
36968
96641
77528
17471
48817
69715
29758
53293
38535
78173
17455
85518
16782
25306
13233
94872
5012
97857
21116
50117
17831
63125
53449
57961
73721
62858
33339
29637
86571
62148
17437
73608
63795
43644
36348
19309
60654
48055
86752
16167
33284
30352
11054
97599
576
66189
62782
51001
42067
12530
49985
50414
97622
35452
91642
79762
22290
58371
8997
65013
2333
22650
69974
69071
18857
18287
16828
52441
24920
79578
56555
11890
74959
53326
4396
69748
44610
81637
29071
46494
70586
86710
43130
11772
9808
94887
40498
47705
46014
42752
69166
4471
52440
8362
35496
96101
87926
32636
8404
90676
58177
87156
96092
46705
72539
69392
85518
32344
35206
69200
28533
52146
94671
45403
88094
85594
13775
51157
47942
96101
48984
87425
27436
36425
35203
77421
79651
8587
38692
97355
10104
96395
83049
32337
65915
84054
24062
99552
64538
76289
26160
48981
57186
56802
53930
96024
55041
54589
16564
35941
48509
86493
46892
67176
16626
26120
15980
74748
10678
15850
60378
76577
55742
55099
10050
7569
94609
3994
82499
70636
33839
75967
63053
65639
75054
19082
13740
77078
73633
67406
56482
15205
59134
21906
64384
92923
29222
9669
62146
27050
55229
91449
51767
15534
87007
42882
17852
60295
30038
14635
5674
61454
88129
67888
4874
37763
35236
12867
6081
91670
26333
19927
26498
79234
56397
61896
76393
91452
70486
92361
38375
61131
97288
46869
26324
77864
10633
50794
44834
69028
60103
95302
93978
7485
28331
97081
38537
58901
70879
10945
37883
90470
12407
59100
81196
13187
64164
65304
65194
51283
77155
23537
39002
40426
96647
33220
75715
2932
57923
65015
65124
39744
30807
97208
27818
37277
90373
67235
54215
19056
54481
83906
55877
47913
86400
97090
44600
61861
28233
54538
57536
54603
1263
7976
10330
28497
34099
21057
73389
72917
76822
16427
75728
98419
22766
86261
8887
33462
34574
86405
39738
81385
61398
58019
82755
50041
87682
54619
66203
93647
22871
67823
71103
59024
12346
59221
82049
22604
81378
17230
66804
40684
47272
9116
29022
6763
79760
59569
4781
9095
31120
15538
62548
54269
95887
56846
76142
67211
91593
75688
96973
18557
25063
55327
73437
45725
3850
11501
89346
85107
4325
65190
95867
64300
23799
22518
96998
65408
60607
77969
11637
74306
45658
65281
57559
69070
47117
85104
28010
11712
27440
27367
19373
49799
81697
76470
6191
59364
52685
73637
64865
5751
43186
47787
66460
9932
51018
39284
72654
43128
91381
58876
22550
40756
20384
27823
16269
95306
66752
6253
25288
61619
63148
47996
85712
17384
4085
4490
95019
99272
69833
46512
36033
83245
12776
24915
68213
47077
62056
95576
2618
52369
73078
65248
62188
46961
53904
57522
76540
28536
3124
3564
97679
38575
65274
13032
16853
41090
71821
20600
99481
6023
44306
68975
31890
24818
70630
73276
82959
35370
45419
83141
96508
69357
48757
9387
64226
70187
39509
85002
72077
75223
39137
60392
90875
34785
5008
69726
60684
9067
99667
57174
70413
41667
7932
39051
77038
73670
52545
27795
15113
87740
30863
33370
40545
84045
50765
59273
5109
62850
57438
78580
74042
77891
30124
9815
57335
196
88185
35135
22709
80373
62597
56339
52906
32792
19891
60282
33537
62038
19019
71034
62497
34110
64564
19948
90466
86496
70501
62002
28917
88405
12509
55576
94481
82599
83353
33910
3946
1859
35008
62229
42647
71371
30216
77081
30856
4609
1576
68798
76500
62847
70244
16248
84020
92329
12427
29305
1547
68457
93705
96240
17083
97798
49543
51549
72405
59115
17154
73446
67354
68056
3335
41863
80497
22418
86441
14294
1117
74348
20779
16486
96541
19679
12122
95613
5069
42203
50015
90094
46322
77152
76884
72477
30322
25802
64594
64571
79413
38886
57942
6719
38892
24111
35732
47500
32905
38021
94778
4030
23079
72686
77718
13351
51614
70353
27394
34136
60021
84015
75056
55960
99261
56137
44163
1441
16884
89648
5393
52053
71909
1388
93241
6496
807
98446
22357
7456
19079
32701
47497
49410
89478
78537
5875
20445
55622
15279
31203
44198
19080
90619
99242
75629
14656
42954
60442
6739
74200
65502
22871
50791
4747
85004
50022
13657
948
76904
69847
3294
73362
29558
50252
6844
61957
71226
39862
17197
81026
85158
90442
86700
52559
56971
65414
70265
55721
45504
46958
17196
98010
48084
49037
21699
41370
39646
22740
59130
95878
50685
68805
3972
49584
10197
14615
97865
42436
8659
29728
16740
22147
25728
67358
8460
55562
91082
1865
437
83003
38245
70479
10751
64588
27447
74998
57678
69177
30754
28146
70142
736
9657
59631
26507
14656
71851
3231
17734
55724
19757
38245
20649
86761
41902
94715
47669
92955
29204
91513
64096
53376
45840
66717
70798
62046
92884
61483
44349
95092
89992
42141
40160
5657
53783
81772
56597
84232
17378
99886
11152
54813
8485
31237
91134
37072
11194
24237
61009
77439
34871
27892
84780
11478
21250
80056
9351
82511
92830
69139
50910
86253
35472
36743
88147
66803
76496
8339
71099
51739
95400
78868
58968
6762
1676
80176
10146
36917
9469
39618
64970
788
19267
92220
14678
42547
46807
54846
2504
97019
31017
77168
59027
11196
38770
2178
34461
44807
69743
9377
88929
54335
27638
17518
41311
85089
10969
10943
26923
98860
53595
56573
67678
10399
68266
23674
82808
69075
67049
5566
63105
32274
33835
7544
15261
71319
60446
8191
72146
12458
77521
67679
79144
57878
84513
53778
28653
7953
70844
1769
212
8291
40120
43012
84300
73635
48799
57929
59122
28020
85690
97852
70885
61218
93530
80131
55845
64820
75065
38267
56934
64312
109
50631
58945
84324
33650
82385
10525
67450
46178
79689
23929
93886
1656
97728
66553
98106
54568
53709
27367
89956
64354
69485
22528
33091
215
29760
93134
39372
46157
94220
57786
39291
86232
94872
82468
94519
18212
95878
95581
16567
79564
12746
84150
69660
97534
60319
44394
58859
96603
41524
9957
91587
77269
3628
74710
52341
49750
57821
7909
9539
62400
96634
65915
37227
52363
56567
29072
56615
13925
26189
41099
30402
55989
42420
83179
52876
83090
59215
54245
48219
84516
20489
51095
51429
98312
46785
39363
8101
85334
61792
30996
78369
26564
16182
40285
41868
35652
61010
34379
85098
59039
80514
89608
98645
99223
974
74807
2511
44973
87576
97848
39085
41516
56454
54723
30481
70569
12315
55596
26196
91733
78650
48971
72931
36570
53862
41857
62458
24662
89158
9521
16661
91020
49590
22757
11757
41767
1743
80168
19855
85648
25510
27313
54859
94589
48596
18171
98084
80062
78321
75121
88968
48259
36123
77783
89821
50056
31331
83456
51384
38842
93164
95776
28358
2276
32438
5464
82418
45098
26282
19095
17599
37271
51647
20700
77047
4382
90526
68741
5706
82105
82677
54991
84124
18784
72283
22412
40570
20863
64486
52574
19117
85740
77836
12879
27637
80570
68564
88425
36140
50025
79448
87714
67567
90212
9239
43795
4526
40288
44275
89483
51241
11475
80170
30880
72376
86492
59032
79697
89422
98714
10415
80526
33579
18424
53196
15259
36123
81383
90608
68061
29059
36905
67076
82450
39305
28245
97025
72107
62141
98400
23623
46400
95178
85643
93302
78033
80415
77501
19619
61189
72474
49201
4404
61904
2282
9079
35958
7730
63109
44955
88305
15683
48753
94827
95743
35411
8755
29
19371
20237
35079
22751
4057
42249
38875
16310
46037
66989
54408
8778
15881
29546
88140
70116
84529
6266
70983
12608
37513
68092
10435
25637
40885
94553
84628
34651
35535
40234
26628
64166
30743
33496
62159
43183
77504
81536
9848
9108
97592
22406
98825
86027
56359
10280
14680
78583
96437
57448
60024
65433
63701
96486
7753
43824
37119
20469
23074
69155
47291
26611
82190
68978
21698
52653
57833
27684
78072
38305
93584
84637
99114
26219
10396
99789
82044
12540
54889
12214
23381
46337
57256
11960
66440
25520
28312
99338
58649
55425
75331
12621
511
10769
4789
61550
20032
31042
26866
50592
85555
99613
44961
76759
47957
66940
80393
66526
54325
82325
56672
8296
91699
34639
333
31515
32460
23944
35107
94314
20255
51791
3628
47715
12891
95234
28804
29812
41670
71110
53680
56952
91377
41206
89747
483
82172
23139
39341
19668
5892
44330
15700
39430
11396
75213
98907
93011
75101
25186
58540
94120
15140
33713
93744
30541
7235
47657
78213
78185
88855
34627
45388
25581
95187
44790
86031
5647
67330
63407
13357
18160
86971
14312
32436
92544
20003
89783
64327
68170
82281
62267
49164
93866
4617
49868
33401
34384
51216
5453
97413
97181
67078
94414
40019
2415
32325
93589
96237
38027
48463
73250
75254
94924
92138
88842
29639
73823
41999
99167
49438
41979
93269
83293
61690
30700
62806
59380
18915
37413
59957
62249
32248
95069
27181
49352
64645
18656
20928
80397
47696
85296
5085
94114
73078
96740
31716
55455
66680
50268
9141
19696
38836
79634
14192
19586
6776
92252
72553
51651
11953
90486
99691
78688
90891
44341
62076
40969
6169
62293
38304
78173
44115
96423
24281
34090
33556
6465
28991
3599
80932
34311
91414
51057
47280
79166
38612
8547
57620
6433
63598
24185
24810
73746
39917
98951
64016
84960
20380
24597
96040
27591
45323
72800
91754
56330
91483
45980
80472
35994
76709
29180
86793
73944
88521
87499
82502
78406
37256
36335
82510
2796
42342
489
18672
69173
29798
62820
97697
43680
62994
85724
36306
37365
73025
96778
40017
50927
14454
29359
59296
38462
97837
13707
27357
57844
31607
58529
67719
46252
99284
82994
39832
53201
67071
70820
14931
13252
9864
7906
15558
79740
63174
13525
63964
63907
15801
82654
31728
19061
36116
14456
14751
76189
58107
99989
61237
73409
88502
58868
86364
63185
99542
18391
8769
63616
39407
85116
76004
34745
27525
98669
55864
57818
91678
95184
37055
82123
93866
56265
11981
49432
27282
77034
29422
45132
64249
97632
24955
7033
82162
69579
70332
54029
68015
53506
74508
20230
43491
34704
72467
28108
34502
61359
88874
844
4116
20052
94439
22936
95282
92626
24410
94543
25913
68949
17916
35393
2636
24589
6989
30250
36886
49407
97857
15037
18404
54468
33449
8121
60529
28330
61634
10195
77688
62120
75592
25301
64371
48968
58406
35425
18166
42945
90610
53945
6172
80955
43532
18275
94736
68771
5290
83273
8593
30253
90782
81430
78039
93458
17074
21832
93631
61005
58101
95699
66848
57639
85160
61950
97536
67840
44294
93518
21902
14383
85840
75736
5261
61633
19355
27418
66514
12455
83422
68113
90694
81209
79031
82428
86235
68225
99277
96224
92085
88488
27081
75315
15462
35284
49967
61185
26640
61338
14971
83822
85035
12843
39195
48915
344
96356
9652
99680
18347
98501
73708
15151
94456
94392
53339
8938
11644
1386
58733
85021
83942
67132
43643
56861
75586
75120
88318
64949
68951
93104
48651
46581
35003
78164
4155
51998
51771
81175
83133
12935
5726
26541
2905
15292
41311
76295
20777
75294
14439
39124
92621
11076
51566
2762
85673
44844
68190
58735
46311
68895
4725
44699
93557
90453
69667
66411
89554
18401
10185
23728
28966
91321
29111
14890
84396
94301
8626
42100
51104
82717
29614
47088
85471
1079
10016
91674
78193
66245
88115
78773
13857
45294
43069
91934
58469
72210
2367
93635
92749
62033
49037
66852
305
34436
64231
86341
6190
40681
80800
95147
82358
61424
74770
22232
28498
28265
91810
34080
17385
80090
1719
56305
63414
96122
1002
74702
53975
27968
4143
52392
1029
98535
28953
62382
33700
28001
75187
99028
31009
32818
13590
5347
36081
37697
32144
33260
90286
52993
24703
33395
44498
35152
18877
58563
34982
90633
60400
33172
82322
16614
11510
72801
67819
20410
24258
92134
98647
66857
31281
8708
89913
90655
45266
76574
76371
68083
48757
65997
27166
85972
51066
34323
72992
53351
38855
26604
45880
40637
5775
3338
63775
22573
24162
35753
22589
53170
58190
50432
8310
21564
32510
57481
77972
13671
11377
99727
51974
38959
23497
34266
64966
36034
89439
54087
56394
56957
59419
28818
91734
82415
23319
53968
35078
2208
20994
28742
93212
6173
75377
26723
13868
2644
52852
40276
31246
8814
3055
49721
55266
46839
14425
41959
31467
18540
14388
32729
13960
44693
89510
36764
39900
14615
9968
86309
96488
82847
30688
7183
99047
49664
98873
32138
16972
8907
64959
99974
47070
5756
1437
15427
6142
75300
5417
96390
29264
7620
62044
2806
94038
32009
31120
2026
69922
61292
77096
15010
90871
95765
16841
64829
94983
85863
76675
13933
68246
85290
81056
51675
15385
54547
23064
80673
20319
21775
20222
7253
60608
68453
95930
6846
52072
7987
78568
99821
6111
84626
92772
79967
92561
91273
93313
86479
88392
44480
12632
30947
84672
96020
41954
32229
71567
22595
21172
51666
89650
68690
42151
32091
24716
36291
73112
65081
32055
20465
50549
72574
36618
58275
73711
52688
35369
46825
92170
27358
77704
19043
57138
87403
60279
26082
87012
35142
571
7530
86749
53087
78752
44708
32095
68316
78647
85003
72081
62625
89241
75688
75753
