73549
95701
54092
93211
17165
1261
24721
58148
19743
64721
64407
33072
74721
45960
58447
96619
96566
88202
2724
65006
17948
73591
13849
15985
5173
87318
72292
30541
71271
83255
30795
10748
86384
49957
59033
59408
34363
89054
84698
68722
37063
20104
32658
7245
89395
49177
30704
74634
64565
71251
13356
54376
21614
11931
41648
40315
24501
26382
23004
67342
54193
14775
10010
63769
25878
76697
36222
79990
49688
21979
81326
45797
57982
29134
20901
69596
8214
52702
4190
38052
13814
15238
76584
32756
86076
21759
4857
16262
99229
51149
59159
79816
30982
71339
15073
91294
27351
10772
60618
92497
98343
90483
88255
73968
41411
92358
41739
85885
17893
53049
77371
65992
94901
75978
38193
69042
43783
52759
10017
14968
61558
19251
87498
1751
23417
27642
47290
49833
56019
35649
62957
49837
57219
15477
20834
9879
46433
48020
91484
20840
15827
47700
61334
82353
38492
36047
86641
2908
2957
20411
27482
42070
33205
43398
73570
91134
50846
63551
63928
36714
39599
91192
22877
26628
81927
83642
68725
24567
63800
52344
57349
40535
72030
61704
78339
85312
21552
97746
24607
43750
42677
68378
55973
31994
63844
60044
53151
66459
83029
94711
56237
26423
6695
26415
38356
77182
98372
17423
64641
94829
52302
60488
40075
58323
18829
17735
53921
14938
8435
22334
47649
52713
5406
40463
86678
81098
29899
31391
96854
33743
65033
96986
57837
29534
82195
63690
92738
41837
51261
45978
35857
79322
35416
38820
68247
47489
9932
99362
77069
5368
62326
64475
61187
75094
51041
19748
30211
32820
45924
2492
31004
17830
13933
85742
95835
41823
2133
22031
61870
83076
89663
17328
93791
19193
20150
93890
46139
65193
84906
72944
98212
88863
72797
10379
83079
3490
20163
92552
30373
62960
78820
25166
78066
18042
18404
7709
20824
22622
68957
52637
89939
67829
45910
13909
93917
78778
41707
85005
45031
95578
74415
15026
98532
48402
38575
36958
18968
79648
26648
45639
59459
58184
86568
50318
71207
68065
30121
78253
12524
47163
661
29715
50267
99975
9006
20735
99046
92853
1352
21734
44299
62599
19376
70597
11903
47439
22323
6568
39237
35299
55511
21566
8416
37693
11705
71209
25260
73785
21350
23370
83133
45688
96629
30996
92301
20716
53679
55755
47244
57890
10775
55705
50168
90092
16785
97358
83706
87948
9650
92852
69308
52870
4217
88726
67286
31433
48096
82856
11475
72311
52178
36563
38285
58832
90694
10867
57735
7675
26092
32989
90048
71281
5300
39418
41067
16278
50871
68970
94044
42558
49113
45585
76449
22293
56644
11433
85731
40761
44511
99251
2969
78170
65510
90568
19526
34505
72269
25748
69108
52578
51889
44634
36004
41203
1776
98285
22542
64011
22235
87461
18235
70157
34664
45967
63830
65890
14401
49005
75034
26860
21707
13570
51871
9410
22725
22159
79588
75378
50030
41501
25992
24937
70809
89983
54850
69416
63206
5500
33214
83315
1003
11215
22716
85775
9531
37239
81863
89482
41243
70303
63156
20023
91762
76282
91320
95599
93318
63695
43024
72794
58034
33167
32991
28369
32269
19311
57456
93018
42889
83635
54886
3738
19830
27795
6452
9767
57600
46650
54694
88272
80224
91301
77890
17463
16581
81814
26534
10167
6648
62845
58133
6904
32125
41591
71824
58700
85755
90301
8997
12794
39206
52114
61628
57253
25510
21119
8814
80043
45309
15147
89815
47705
56495
35066
88246
72021
52302
78911
66733
4187
89943
66340
68651
68607
78408
53926
83350
91682
28218
2124
93881
41434
16243
1893
78787
23471
21877
48350
75375
25023
51523
98893
9175
15602
45460
25566
7473
84235
79878
93465
29948
97088
3560
59797
61894
73500
97055
89165
52528
56358
89961
28293
48355
25722
61966
49902
68760
97506
53071
82529
23526
28049
14808
25721
20434
7744
33094
14927
49870
98654
48806
18616
94617
57756
78642
59904
57252
73599
58852
21140
33818
18222
95054
30048
92240
67900
27372
49719
1033
5904
28194
15636
37678
20850
29973
1515
27588
90985
19271
97296
47934
48105
45334
47894
81523
16867
55286
32302
62594
30937
19798
89129
3963
35474
48929
26549
30707
35975
8729
64840
27765
23347
3428
7291
31725
97648
82712
14690
55674
15312
22743
75037
86885
65630
61340
61554
43593
23505
51476
77680
61758
64053
75359
72954
80756
34413
96222
63793
79350
89534
69615
42115
73238
18658
10688
11943
69433
9394
66229
6732
51144
5366
45904
75283
64877
44075
92311
53062
60078
53835
8039
25984
25304
25376
30303
34735
28864
50113
18131
21318
9290
55704
64034
28141
52780
82079
27667
90735
97392
62754
90205
144
81128
83110
22340
87381
43208
63291
17712
73026
70719
5610
1543
70368
17698
81445
8249
70341
25634
50592
96436
12495
74791
36743
12604
29026
82374
30262
52022
52604
75817
80443
23210
11423
96091
18676
23240
36333
20711
19851
52440
16321
95206
59415
50582
84076
40479
33812
41504
17295
91279
85825
2512
99867
27959
90991
64979
62502
13550
3360
44374
47537
60229
93208
39378
16385
5605
2498
17038
1147
53237
3517
600
9801
66633
22526
83237
15021
24698
41644
32500
34558
89163
1683
3277
25695
57573
73965
36196
67635
53632
79132
18561
32905
62962
80336
33391
62659
20261
32869
10739
46426
80063
29328
464
92051
17908
86601
31547
35774
18239
20028
55358
53848
81596
12029
75052
87252
45213
11089
38281
17150
95109
81854
30083
63026
82861
29484
93047
94076
15101
78421
71451
69385
29598
25429
94099
16860
81218
70484
3845
98180
4035
59785
3229
56842
41053
67590
19595
55007
57083
82118
89496
33752
30637
23955
42525
87054
64335
50995
74269
897
94559
38570
52163
91387
95707
55825
26074
49892
63884
39911
54729
8221
96222
55982
71950
21003
19255
49884
93944
86381
56355
54028
33731
52881
89430
66942
37753
68757
47970
99283
61611
1328
46380
6735
36087
75243
19650
42981
19804
11852
22390
26722
25626
71055
53526
62378
57601
8657
25679
58711
57923
6339
47192
70983
95917
30857
18684
85763
8204
35591
24923
30692
73871
28506
27200
12176
62355
21417
58596
23808
25564
89472
89285
65687
24877
12390
8578
98142
98642
28941
5221
49273
90190
39443
55327
40372
49010
80919
718
64961
85893
54968
40786
50988
82574
84389
2574
80618
83859
4170
83913
82221
96483
8162
33988
7146
69606
53852
8823
23709
14920
71543
69357
2740
30956
56781
85478
96625
