49821
50480
49138
48363
49698
47235
51529
50197
51794
50061
46862
50244
50130
49658
50517
49693
49581
48652
49194
51421
50493
51943
50372
49635
50746
51436
47773
49900
50340
51139
48705
53017
50392
49462
51363
51643
50409
48944
49559
50880
49914
49407
50085
49879
49240
48574
47600
48590
50885
48865
49918
49792
49807
50084
49089
50298
50090
50032
48116
50995
51109
49416
51033
48750
49302
50148
50642
51829
50163
49922
49660
49025
50537
51230
51228
48257
50028
49151
49355
49768
50824
51900
50914
50138
48629
48897
51151
49341
51630
50119
48452
51287
50092
51463
51401
49050
49776
51029
49484
49881
