52018
48634
50242
50245
50029
48791
49872
49525
50745
48393
50230
50610
50061
52889
50484
49834
48163
50564
50660
50578
50686
50632
49555
51754
51128
51036
48699
50147
51035
49632
50724
50380
50611
50387
48046
50856
50091
49705
49964
49981
49315
50104
48810
49451
51273
48230
50094
50756
49894
49683
50548
48363
49440
49585
51179
51237
49825
50091
50534
49396
51365
50745
49263
50562
50332
50916
49131
49239
49523
48700
48654
50689
50806
49863
49222
50798
50252
50709
49888
51759
50950
49484
48845
50680
50006
49683
49191
49360
51141
51841
50435
48297
50891
51025
50009
49629
49914
51276
51492
50055
51464
49394
49682
50170
49555
49644
49611
49317
50346
48715
49750
51906
48413
50134
48792
49756
50356
50277
48008
49893
49971
50847
49932
49296
50669
49736
48849
49256
49955
51651
50193
49905
50553
51086
48870
49319
51839
50367
50888
50224
52147
50218
51739
49841
49926
51177
52217
51649
50652
50717
50384
49412
49063
49714
50354
47776
50849
49530
50443
49539
49400
50034
50296
50573
50071
50169
48539
49997
49347
50345
49710
49356
48753
48916
48620
46954
50409
49994
48966
48075
49174
51953
49461
49378
49983
49830
48263
50336
49077
50553
49779
49082
50724
50368
46817
50069
49239
49169
51878
50459
48875
53720
49937
48403
52567
49508
49290
51283
49895
49620
49653
50006
50625
49587
49435
48809
49804
49013
50167
50151
49521
51402
49035
49041
51930
49768
48320
51586
48567
50495
50300
49558
51649
49600
48048
47986
50548
50519
48283
49616
49676
49233
49358
51760
49528
50970
52023
50956
48846
50116
48807
50244
49729
50338
51376
51720
49800
48910
49243
50734
51621
50294
50373
50341
50549
50707
49199
49884
52030
50530
51641
51307
48664
49648
49791
51134
52111
49959
48935
49829
50591
49291
51244
50152
51684
49974
50067
50533
49758
49887
50421
50711
50256
49177
50950
50710
50087
48491
50471
48776
49009
50019
48097
49669
50076
50441
49327
50717
48556
50600
49779
50472
49385
50684
50137
50390
50198
49956
48797
50799
51126
49520
50719
50419
51213
50039
49716
50870
49876
50826
51151
50360
48484
50360
51489
48091
50182
50479
50081
49836
51036
48458
49664
49065
50421
50210
50378
51001
50330
49701
50782
48794
48091
47980
52347
50283
52109
50632
49981
49241
49718
50215
49427
50308
49601
49389
49577
50792
51739
49903
49697
49408
49023
52022
49787
51832
49848
49012
50448
50410
51698
49228
49068
48252
51492
50057
50527
49565
48645
49525
50448
50011
49667
48696
50162
50299
49913
49063
50009
49093
49985
50679
50186
49781
51167
48680
50281
51062
49377
48938
48814
50094
50199
49666
52018
49162
48885
49957
48477
50113
49725
50966
49631
50096
51615
50985
49959
50795
50159
49017
50112
50393
50339
49462
49939
50351
51317
50270
49607
49552
50176
49533
50436
50893
49095
49808
49228
49083
51768
50209
48554
51145
48556
49125
49080
50372
49123
47904
49511
50480
49466
49783
50801
49872
49933
50930
49839
49434
50343
51418
48521
50466
49784
50171
48402
51198
50603
50446
50099
49343
49564
49249
50789
48661
49667
50962
50540
51596
51400
52293
49470
50533
50847
50434
49532
48547
49393
51886
50330
46988
50296
51317
49447
48947
50907
49114
47484
49537
49040
49954
50293
50246
51395
50311
49661
49219
51268
48471
50015
47863
50947
50665
50069
50055
49973
49431
50826
51075
47743
51756
50222
50633
49663
49921
48433
47416
49784
49932
50424
51387
49554
52320
48385
51618
49632
50280
48998
49994
49754
49530
50534
50159
49061
49658
51255
51653
50774
48883
50743
49667
50183
51441
49500
49289
49067
47861
50149
49887
51331
49712
50071
50519
49176
50065
50281
48743
50120
49473
51376
51951
50654
50512
49927
49196
49192
49368
50366
49499
50826
47843
50038
50649
52348
49513
50042
49291
50289
49138
48551
49737
49430
49877
50772
49298
50760
50577
50056
49901
51575
50745
52943
51714
49186
49952
51052
49333
49862
51431
49008
49355
50900
49859
49088
49981
49960
51674
49581
50293
52194
48786
50231
48872
50188
51621
51255
51834
48789
49874
50277
49452
50687
49347
50061
51684
49858
49740
49763
50401
48684
49669
50831
49859
48356
49767
49870
51313
50139
50184
49884
48280
49442
51546
50142
49127
47997
50458
48494
52193
50885
49768
49182
50571
49388
49937
48988
51824
49412
49795
49406
49466
50878
48822
52098
49113
50094
49831
49477
48615
49738
49070
50547
47199
49138
49808
51141
47885
49627
50254
50424
50474
47964
49988
49711
50695
50754
49224
50686
50598
50732
50467
49240
49975
49697
49083
49210
49113
50395
48301
48796
49284
50157
50065
49012
49617
50799
50041
52355
49355
48722
48855
50257
49349
50474
49362
48244
49731
48673
49098
49306
48847
50644
50807
49770
49956
49920
49340
50273
51104
51192
49294
46833
49582
50153
49934
50211
48362
50233
50515
50232
49389
48973
48036
50146
50284
51108
49359
51158
48947
49498
48338
51568
50761
49575
51074
47977
49770
49748
49811
48981
50800
49669
49278
50669
51566
47930
49523
48803
50219
52029
49623
49856
50264
51165
50641
51079
50572
48971
51686
48477
50280
50749
50438
49113
51397
48948
50619
50772
50745
48771
49371
51343
50161
49209
50728
50535
49086
48989
48985
49760
52844
50873
50107
47700
48900
50607
49045
50769
50322
47552
49775
49330
51092
47311
50707
49471
49138
49491
49113
50844
48966
49486
49696
49526
50242
48631
49144
50013
49215
51129
49922
50375
51061
48967
48638
50308
49921
50721
49082
51065
52058
50223
51278
50794
52363
50470
50762
49196
51502
50970
49576
49734
51010
50022
49216
50383
49220
50115
49583
49717
50534
51038
50537
50116
50357
48668
50836
49975
49381
49636
48820
52686
48640
49655
50416
50387
51015
49471
49854
49814
48199
50063
48925
49150
49839
50247
49888
51867
51261
49540
51284
51059
50399
49451
52699
49293
50451
51144
49089
51148
48720
50033
52695
49138
48534
49545
51162
49150
51047
49185
51043
49499
48986
52481
48472
48566
49868
49783
49491
50323
49830
49402
50486
49425
51315
52051
50117
48814
49620
51214
49521
50456
51108
47502
49150
49594
50927
50875
49333
50740
50311
50966
50433
50374
49400
49123
48899
51159
49258
50175
49196
52319
50262
52310
48264
48827
50556
49639
49085
50262
50518
49615
51149
50108
49760
51259
48450
50487
48317
48258
50098
49252
51501
50378
48447
49582
49564
49773
51868
48532
50239
