48043
49791
52439
49863
48988
48519
49044
50637
49592
51095
50087
48094
50744
50401
49731
50492
50218
49704
49578
49898
49561
50520
49227
49181
50121
49817
49013
49679
50021
51471
50214
49354
49659
50098
49522
49094
48637
50560
50606
50455
49154
48998
48478
50571
50524
50631
49902
49573
51661
50492
50713
52065
49954
49327
49554
49371
49914
49591
52277
49872
49809
50005
49254
50257
49465
49805
51739
49750
51654
49860
49007
49532
49961
48804
50125
49327
50284
49263
49449
50622
50582
50875
51226
49751
50378
51952
49013
49865
49168
50119
50163
50078
50016
50660
49381
50650
51493
49390
50635
49120
49236
50657
49701
50126
51099
50150
49369
50096
49879
49134
49719
50048
50757
49918
50548
49700
48681
50917
50741
50106
50322
53245
50404
50915
51835
49822
48908
49110
49189
50846
49440
50203
48789
47356
50876
51139
51245
50939
50336
51074
50265
50082
49079
50006
51023
50786
49639
51651
49563
51498
52627
51272
49942
48646
51021
49497
49289
49424
50681
50984
50142
49708
50408
49106
49761
50357
51334
50974
51177
47630
49878
50266
50200
49369
48482
50397
49646
46805
51400
51276
48425
49646
51547
49997
49477
50958
49174
48735
50404
48999
50292
50513
50152
51985
52086
49268
48149
48521
49012
48853
51112
50667
50564
50384
50674
49287
48705
51726
49231
49759
50269
49344
49673
49195
50765
50595
49153
50616
48142
50353
51609
49441
49156
50146
49641
49553
49648
50226
49421
49773
49849
52121
49533
50097
48134
49043
49608
49526
50433
51911
50256
49178
51704
50895
50654
51358
49509
49270
49436
49556
50407
49708
48688
50193
48361
49810
51085
51423
49832
48973
50279
51136
49000
48507
51499
50171
49067
49573
49546
51218
48614
48985
49847
50995
49696
51274
50417
51233
48801
51869
50109
47624
48924
49047
51107
48834
48582
51225
50088
50637
50226
49987
50091
50956
49456
50390
47811
51342
49582
50372
51013
51404
49872
49652
51496
50274
49643
49934
49676
50405
49692
51544
48914
49970
48840
50827
50263
50541
51116
50648
49974
50753
51930
47894
49085
48799
49099
49369
49561
50755
50939
49333
49547
49843
49927
50382
50428
48829
50832
51634
52132
50865
51585
50250
50686
50389
51570
51952
51032
49823
50573
50185
51097
48744
49830
49361
50584
50726
49887
50051
50700
50198
52647
48696
49583
50743
49148
51038
49099
47705
49493
50698
49838
49109
50724
49770
49911
50191
51751
50681
50152
48530
51475
51600
50387
49870
50862
48846
50384
49483
49151
49016
51001
50712
50172
50220
50080
51494
50555
49755
49144
50763
48822
49361
48214
50296
51236
49864
48340
51680
48990
49457
48461
49849
51495
50876
50856
51245
49465
49858
48037
50922
51343
49772
50163
49049
49387
49474
49072
51793
50125
49600
49289
49930
49131
49927
48797
50474
48779
49433
50935
51048
49548
50399
50854
49341
51064
49893
50032
48554
48706
48294
49398
50874
48643
48990
52405
49793
48119
50687
51101
48625
49530
50846
51258
50396
48603
49291
50523
48677
49323
48584
51131
51667
49591
50591
50013
50383
50251
50094
49462
47933
50402
49955
50167
51142
49339
49623
52489
50932
50399
49602
49790
49620
50971
48331
49908
50603
50320
49265
50094
49293
52128
50334
50136
49408
51058
48549
51613
49624
49325
50485
49616
50443
50687
50278
49357
51423
50428
50716
49864
50525
50570
49933
51828
48220
49302
50366
48561
49473
51399
49115
49914
49225
51442
49435
48908
50190
50303
50483
50055
50754
50098
51127
48994
49781
49102
50347
48938
50340
50374
48133
51849
50861
49458
50944
49437
50177
50107
50554
50892
49791
49229
50553
49822
51956
49925
51481
48932
50375
49909
52141
49145
50612
50834
50140
48056
49502
49176
48838
49958
50679
50477
48260
51031
51822
49243
48062
48150
50420
51460
50485
50152
48424
49397
48661
50283
49091
47731
50519
49829
50896
52135
49665
51104
48734
49410
50074
49202
49369
50472
52551
48887
48600
49107
49447
50160
48494
50725
51013
49979
50753
49232
49909
49706
49143
50193
49252
47603
48623
50958
48553
52289
49742
49930
50593
50604
50826
51640
49632
50671
51514
50575
49047
49578
50167
49810
49419
50279
49046
48521
50183
50008
49936
50080
47906
49899
51016
49382
50514
49494
50331
52052
49848
50812
50904
52013
50870
49894
49567
50056
48051
47621
49129
50804
49980
49845
51336
49086
51332
49801
50233
48933
51584
48736
48867
51697
49460
50405
49367
50151
51126
49188
49101
49206
51039
48802
51617
48913
50716
49156
50039
49856
50805
51241
49806
51263
49468
50784
50953
50921
50148
50205
50139
50088
50508
51556
49719
50534
50347
48562
51736
51784
50869
49024
49933
47889
50294
50102
49150
49935
50310
49529
50394
49492
50853
50470
51791
49673
49023
51095
49304
49179
50082
49104
48370
49182
50004
49884
50077
51907
51330
50741
51377
50389
50573
51225
50356
50666
50680
52961
50818
48347
51667
50262
51168
50701
50875
48347
48757
48569
50480
49498
49980
49938
49053
49000
51263
51705
48265
49298
49983
51156
50769
50776
51716
49900
50694
52220
48631
49459
49876
48989
50712
51536
48964
49759
51713
50459
50867
50321
50023
48611
49611
49939
51229
47631
49785
50144
50893
51223
49449
48495
49765
48721
49026
48580
51438
50352
47420
49258
50505
48864
49857
50178
51403
48210
49892
48324
49290
47939
49681
49786
49720
47083
49349
50257
50339
50693
50053
48880
49400
51015
49371
51761
50245
50556
50646
51341
48127
49311
50975
50591
51369
49597
50679
50602
51377
50059
49413
49910
49320
50051
50375
49534
49979
48985
50459
50084
47675
49341
49907
49877
50715
48827
49900
48964
50031
49306
51671
50937
50049
50418
49706
49461
49667
50010
49815
52421
48644
48120
49558
50329
50619
50502
50007
51328
49492
50532
51082
49365
50677
48002
49824
50562
49712
48059
50038
48808
51927
49181
49791
50245
49594
49233
49737
49449
47882
50247
48687
49984
50523
49731
51107
48705
48058
50603
48729
48864
49564
50972
47968
51333
49288
49329
48856
48047
49694
49981
49213
49599
50959
51546
52737
50710
48167
49236
49852
52427
48803
49875
49530
50824
50729
50376
49649
50541
49802
49976
51981
50097
50578
50459
49710
49955
50560
47556
48638
50523
50239
48210
48894
51072
49730
51541
49060
49927
51197
49776
50155
49428
50576
49351
49952
49281
50338
49935
51130
50302
49918
48865
48682
49785
50236
48026
50593
50041
50960
51236
49824
49138
50835
51086
48104
51889
50830
47764
49507
49290
48937
50377
51202
50144
49008
51196
50375
51683
49553
50569
48026
51506
50691
48368
48567
49832
50105
48667
50526
49379
49428
50816
50422
49268
47920
49788
49694
48577
49763
49975
49889
49865
50595
49203
49694
51900
50494
49444
49856
48298
50006
48850
51133
51560
50335
49718
48747
50703
49771
50928
48396
49845
49858
49077
48773
49503
49706
50117
51107
47896
49775
49914
49493
50268
52043
49772
50114
50299
49375
51419
49184
50282
49598
48933
49422
49299
50766
49877
49437
49466
49601
51130
49051
51465
49890
49582
50170
48437
49823
48461
50251
48780
50730
49150
51128
49110
50247
49039
50486
51428
49847
50515
48985
49601
49549
49806
50875
51666
48776
50085
50848
49205
51033
51188
49333
50149
49454
49167
50663
50179
49673
50593
49885
51164
49050
50842
51202
51118
50503
47772
50395
51168
48693
47956
50973
49432
50755
48586
49470
48681
50277
48735
49281
50015
48448
51232
48896
50270
49319
49725
49830
50233
49995
49768
49639
49217
51072
51177
47902
50993
49818
49618
50051
50337
50006
50455
51593
51004
49095
50715
50864
48595
50327
49484
47906
48867
48480
50589
50903
50010
50267
50792
51439
49497
49828
51487
48533
49153
49594
50494
51277
49883
48674
49831
49804
51042
49103
50315
52216
49049
49923
48920
49717
50814
50219
50332
52242
48621
49771
48840
51672
50178
49408
50519
49380
50112
50636
50391
50844
50914
48973
49878
49819
51037
49796
50766
49629
51016
48703
50141
49574
50799
49483
49625
49370
50402
47299
49690
49587
48606
50000
49677
51003
51044
51346
49945
48757
49680
49202
49707
50807
50588
50100
51124
51213
49595
48929
49969
49750
50958
50271
51595
52295
50117
50217
50048
49996
49922
49492
47571
49152
50669
49208
49538
48652
52027
49736
49885
50274
50216
50322
50356
48998
49286
49979
50742
47236
49211
50985
48493
51875
49906
49999
49925
51098
52246
49182
49154
49115
49449
49620
50256
49422
50376
51047
50155
48818
50057
48792
50657
49455
48681
48944
49499
51027
50357
48731
49379
48942
48933
50137
48224
48592
50126
49276
49799
47871
48522
50937
49303
49083
51786
50763
49063
49104
49297
49495
48688
51329
50890
48082
49174
49543
48786
49305
49694
49830
50297
49283
50273
46910
51223
49581
51035
49188
49100
50083
49522
50098
48501
49857
50639
52062
48356
49562
49376
50222
51988
50767
49271
50370
48249
48566
51453
50143
50502
50008
50752
49193
50149
48704
50577
49538
51372
51150
49920
49107
51405
50113
50130
51855
50960
49903
51838
49283
49031
51273
48630
49048
50066
50342
50419
49689
49678
51013
50394
51059
48946
49684
50537
48578
51142
49210
51910
48919
51404
49907
49121
50772
49905
48873
48831
48367
49789
51035
50341
49782
49970
50521
50913
49821
49125
48777
48555
49019
51286
49181
49674
52776
50534
50242
49595
48737
49070
49684
50112
49427
48460
51376
50455
50393
48815
51481
50657
49157
51487
51346
48768
50190
49713
51962
49873
50015
50528
49090
49729
50958
49838
49289
49040
48898
49914
51378
49673
49548
49874
49951
49778
49397
51518
50096
49383
48771
49336
49012
48947
51474
49922
48361
51089
49732
49225
48815
48343
50765
49940
50931
50543
49740
49000
50407
48947
49914
49462
49616
51567
50197
48349
50255
50422
50989
49775
50834
50543
49769
51116
49763
49230
50254
49810
50040
50215
49465
49376
49659
50127
48913
49518
48890
50642
48272
50163
50024
51902
48617
47681
48272
48703
50681
50779
51450
50116
50248
50970
50012
49459
51052
51704
50892
51941
48776
48720
49933
49414
51753
50465
49437
48884
50089
48741
50262
48777
47614
47461
50630
50896
48721
51180
49763
50079
51292
50810
50650
50817
51655
48701
50424
49818
49687
49255
48398
50078
50213
50831
50347
50164
49510
50938
48890
49354
50853
50513
49741
50450
48494
51537
50816
48218
49856
48122
50468
49883
50347
49936
52012
51745
50144
50297
49185
49071
47824
49471
50469
51355
49757
49505
49631
51510
50436
49680
50162
49228
48741
49851
50717
50892
50560
49749
50686
48807
49853
49092
50993
50204
50426
53199
49446
49036
50404
50399
49236
49342
51022
48082
49565
49905
49116
50412
51888
48935
51063
50357
51514
49846
50243
50947
49137
49235
50919
48868
51702
50570
49781
50993
50319
49487
49972
48516
50206
51618
50355
50562
49305
48837
48142
49705
49048
49581
50554
49252
50079
49865
50765
50701
50152
50588
48619
49124
50602
49721
50057
50168
49420
48788
50942
51426
51069
49262
51070
50159
49279
50750
48541
48118
49215
51312
51498
50144
50220
51436
49198
52164
49706
49762
50458
49365
49215
50635
49881
50277
49694
48527
50772
49634
49383
51088
50615
48342
48469
49817
50913
50668
52038
50461
49375
51070
48891
50461
48402
49976
48906
50807
50682
49141
50091
49171
51437
49288
50138
51545
49806
52637
50294
50488
53085
48385
50365
49938
49250
50497
49603
51045
50045
50230
48988
48890
49603
50137
50245
49512
51891
49527
51519
49513
48134
50224
49440
48133
50609
49770
48985
48963
51422
50617
50105
51162
49433
49349
50622
50394
49981
51107
49270
49003
50485
50494
49904
50341
50399
49272
47848
51503
49858
50375
49632
49124
49379
48718
49374
50747
50009
50614
52227
51788
51330
49111
48519
49671
51777
50226
51051
49889
50752
49059
49525
48859
48914
51334
49684
51362
49966
50649
49740
49922
51050
50654
49557
48651
49153
49416
49286
50746
49170
48861
50625
47380
50780
50483
51863
49407
50571
50600
50505
50465
51368
49756
50843
49733
48569
49407
50448
48766
50327
50600
50407
51127
51176
49904
50847
49375
50089
49460
49699
50235
49215
49642
49891
50598
50501
49236
50986
50902
51560
51213
49450
49301
51556
50637
50906
49291
48262
48753
50591
51820
49946
48743
52703
49354
50140
49377
49980
49912
51726
49901
50257
50697
48985
49849
49765
50446
48421
49467
50946
49302
50466
49437
49691
51361
49480
51351
50603
49267
50884
50728
50691
50468
51616
48981
48709
49652
49951
49162
49383
49476
51902
51398
49281
50592
49382
50635
50083
49957
51529
50417
47920
50620
50110
49148
50646
50980
50758
48644
50072
50597
49672
49919
49949
50149
49324
49953
51081
50165
50897
49881
51264
49986
50643
51481
51356
49209
49842
48423
49626
50343
50092
50336
50859
49164
50209
51290
50675
49598
48946
50393
50548
51695
50311
48090
49559
48658
50010
48625
49926
50363
49569
50130
50889
48937
49557
50026
49322
49566
50084
50913
50055
50711
49537
51413
49147
49777
49438
49289
50224
51022
48252
50424
49520
52113
48371
52311
51447
48514
48089
51442
49974
49546
48752
51086
49571
50982
48549
47278
52130
51270
48751
50579
50682
49319
50178
47949
49358
49569
49584
49936
49586
50130
48279
47287
50376
48788
49775
48704
51443
50188
49983
49330
49261
51523
49435
50356
51471
51878
48201
50352
50030
48280
50538
49793
51724
51164
48528
49107
49510
50073
50630
49712
49403
49756
50245
50620
50157
48315
49329
51146
48586
51512
50996
48635
50777
49162
50706
51313
49858
49974
50525
51198
50212
47894
50951
50458
49175
48929
48585
50005
49831
49004
49350
48738
51066
52174
49292
49438
49532
51908
49361
51737
52234
48752
50227
50976
49600
52561
50669
50868
50467
51041
51693
48865
49759
49273
51149
50438
49681
49633
53179
50084
51080
49670
49288
50450
49415
49377
50195
49464
49105
49902
50594
51017
51492
50308
50053
51909
49364
50855
50034
51168
49501
49526
49984
50746
49344
50087
50701
51799
51460
49359
50350
48138
50164
49332
49076
51635
50748
52482
49375
50696
51593
49667
48366
50017
51413
49803
49468
49247
50189
49214
49898
48472
50329
49643
49368
48710
47989
49411
50007
50130
48833
49228
50241
50081
49894
48714
50702
51627
51346
47747
49487
50862
49553
49112
51108
48517
47749
49739
49067
50446
50539
51400
48026
49488
50243
50085
50488
50548
50554
50609
49188
50334
48545
50071
50491
50793
50308
48681
51869
49024
49996
49692
49581
50327
50450
50926
49716
48958
49409
47751
51655
50217
49165
50299
47525
49836
50564
50171
48852
50705
49083
50733
50345
50795
51002
50579
49374
48879
51272
49645
49947
50379
49672
48851
50701
49816
50808
48843
50129
48949
48970
49534
51230
49602
49693
49767
50024
50429
49180
49564
49351
48830
51256
49648
50022
48698
48737
48305
49629
49554
49712
50229
50807
49570
48625
50834
50245
49806
49078
50611
50110
48997
49787
50996
51876
50571
49451
48713
49427
50041
49313
48035
49848
49029
49306
49204
49881
49018
49729
49770
49642
50743
51770
50134
49474
47820
50308
50121
48796
50020
50326
48887
50895
49389
50099
50479
49061
49864
49871
48228
51727
52362
49646
49514
50381
48186
49518
51747
50276
50385
51006
50681
51562
52117
50555
50847
50070
48825
49649
50002
51911
50936
47222
49464
50090
51889
51628
48796
49755
49544
49757
52174
49717
49953
49397
50048
49716
47552
48898
50627
50667
51678
52244
51077
49752
50815
50442
49907
50148
49371
52775
50088
49742
50243
50903
51592
51629
49358
49165
50028
49565
49433
50372
51463
49392
50212
51108
50129
49932
49679
49454
50927
50012
50542
50414
48652
51122
49163
49559
49965
49979
50450
50355
49945
50769
50377
51466
51390
49708
47173
46949
49306
50485
49583
48390
49915
49782
50574
49132
50505
50000
50514
50770
50605
50398
48335
51293
49713
48889
51312
50465
50481
49602
49822
49273
49707
49664
48813
50465
49958
49586
51677
49835
49214
49440
47143
49241
49648
49494
50096
47757
49658
48097
50271
50163
51067
49658
49448
48075
51276
50999
49719
51511
50788
48779
51358
49737
50621
49965
50375
51059
50970
49845
49779
49807
50015
49247
49733
47874
49263
49948
49635
49009
48377
48468
48707
48948
48755
50071
49433
49772
50029
50261
48838
50020
49365
48701
51544
50255
50637
48925
51071
49978
50740
51180
51774
49230
49579
49940
52246
50697
51295
48701
49128
49083
49655
50530
48961
50012
50328
48713
49530
50076
49186
51859
50019
49495
49297
52096
50704
48682
49025
50373
48685
47643
51190
48413
51872
50435
52401
49829
50714
49912
51418
51398
50179
48624
50197
49858
49946
50822
49513
48443
48726
47522
49040
50627
49497
49839
50767
47956
49474
50751
50654
51721
49256
49650
50455
48729
49648
51804
49907
47272
51208
50578
49369
50236
49684
49897
48978
50448
50380
52431
51382
49104
50584
50179
51216
51056
47980
48619
51818
48806
50214
49191
49341
49264
49260
50516
50358
49525
49145
49489
47930
50637
50797
49326
50203
50037
50322
52253
49671
49623
48081
52011
48588
48577
50155
48393
50340
50552
51204
50529
48967
48459
50217
51629
49509
50063
51958
51004
49978
50719
49841
49219
49042
49912
50244
48818
50067
49485
51024
47605
50369
50189
47886
49945
50523
50845
49883
49297
50308
50444
48512
50311
49483
49221
50147
48464
52249
51772
49874
48946
51231
49229
49934
48894
50569
51274
49015
50323
50323
49513
50015
50367
50723
49874
50624
49556
50842
49947
50816
50907
49433
50444
47959
50300
51050
48502
51560
48780
49458
51226
48968
50296
49624
49786
50659
49793
49685
50557
49850
49758
51226
50066
48516
51272
50492
50000
51893
50249
49698
50145
50735
50284
49149
49129
49960
49264
50714
51683
50274
49683
49390
51171
50546
51005
50077
50254
50469
49211
49160
49731
50207
49445
51200
49469
50855
47835
50438
50232
49166
48517
50503
49756
49461
48102
49285
51348
49466
48732
50066
50921
48715
49609
49739
49324
49849
48170
51018
49311
49993
48961
50663
51736
50494
50405
51534
49194
52228
49996
50739
49043
50340
50149
49889
50205
49193
49061
51194
51580
50567
48905
51161
49920
50529
51794
49425
49421
50545
50379
49815
50916
49773
50249
50980
50220
50272
48828
49060
48395
51025
48861
49998
50027
48762
48965
49485
48997
48422
50328
49555
49182
49334
48783
50634
51006
49519
49996
50548
48877
49454
48831
49045
48911
48319
49066
50961
51114
50298
49301
49856
50389
50368
49747
49338
47922
49801
51860
48487
49094
50715
49895
48997
48927
51127
49934
50215
51675
48438
50569
50009
48973
50175
49238
50884
49724
48671
48943
47821
50935
52620
49333
50403
50001
50049
50535
50397
50306
49673
50475
50476
49355
50180
51477
50205
48234
49656
49258
50743
49629
49370
49572
48738
51168
49837
49981
50600
49914
51262
50292
50082
49655
50265
51001
48606
50910
50453
47892
48585
49620
50708
50152
48876
49699
48612
51436
51616
49830
50699
49169
51444
51028
49311
49165
49303
46810
49468
48145
51193
50380
49396
49151
49696
52068
49025
48994
50402
51175
50228
51786
49183
49806
50036
50651
50810
50595
50810
51185
50274
48881
50636
51553
50250
50460
51449
48892
49547
49498
49057
48756
50089
50543
49873
49818
49242
50578
49450
48624
49331
48423
49956
50195
50038
49223
49133
50645
51510
47108
49639
51546
49071
49278
50206
50202
51515
49017
50965
48940
49643
48035
49724
49791
48623
50925
49795
48627
49717
50434
50023
48697
49478
49892
49128
51300
49834
51288
49167
49483
50572
49645
51176
49033
50753
49483
50256
50011
50083
49447
50051
50010
50793
51444
50466
48644
49591
49284
48698
48094
50156
50600
48088
50609
49365
50481
50457
49601
48275
49433
50880
50032
49917
50547
51807
49012
49859
49759
50270
47884
49529
49019
51188
51117
47325
49690
48812
48105
48782
51616
50793
49284
50332
49524
50094
48955
48389
50422
50282
48871
51090
49856
51161
48700
51024
49354
51714
49260
49360
51081
48407
50922
50327
48510
48010
51420
49309
49180
51502
50758
49190
51650
50098
50682
48279
49272
50090
49104
48126
49246
51600
49609
49148
48615
50697
50570
49943
48602
50409
49345
50076
51165
49464
48337
49775
52069
49459
51485
51381
49979
49078
50380
52579
48262
50025
49604
49009
50802
50703
50574
49838
48607
50428
49303
48675
49398
50971
50326
50091
48890
50308
51841
49686
51692
49467
50958
48527
47618
49132
51222
49551
49554
50450
50505
49604
48789
45645
51800
49700
48622
50192
51335
50234
49417
50337
52450
51268
50573
48976
51018
50532
50493
49217
50582
49239
49790
50582
50441
49010
49864
50770
50437
48728
49334
50222
50734
50770
49131
49122
48926
47978
50244
49883
49360
49467
47810
50428
50369
50202
50776
50248
49863
49615
49272
50491
49631
47695
50355
50280
51003
52284
51322
48282
48515
50254
52128
50383
49096
51969
49746
48882
49820
48439
51979
51197
49326
49971
50933
50707
50465
49555
49966
50089
49656
50101
50031
48236
48103
50692
48933
49493
50702
50145
50962
51136
50006
49792
49118
49071
50671
47651
49825
50433
49732
49635
49069
50309
50224
50823
48012
50026
48237
49682
48779
50446
51798
49291
49935
50531
48660
50060
50032
50169
50024
50044
50863
49209
49786
48826
49704
48691
51055
48642
48197
50187
48547
50494
48992
51532
50497
49103
50668
49294
47143
49840
48250
52430
50650
48528
49449
50497
51330
50223
51055
50609
49193
50097
49688
49926
50553
50418
49077
50632
48990
51299
49627
48541
50308
49438
49335
51653
50345
50615
52120
50280
49079
49496
49033
51151
48942
51544
49879
50056
49223
50575
48714
49521
51015
51097
50747
50926
49289
49965
50114
50351
49586
51899
49077
50976
48443
51078
48885
49713
49939
50165
49717
50535
50560
49852
50648
49713
50160
50140
49127
50651
50905
49240
49677
48027
49001
49519
51203
50879
48975
50098
49347
51221
49266
49427
49871
47757
49726
49541
48374
50666
49418
49129
51102
49655
48839
50581
50155
51363
48944
49303
50049
51676
48357
49908
50488
50814
49365
48311
50274
49792
49671
49936
51274
51107
50418
50043
50092
47784
49938
49772
47600
50238
49139
50504
51770
51705
49853
50524
48768
51540
49698
50693
50242
48693
51935
50527
51241
49616
48727
48761
50378
47848
49626
50128
49756
49997
52019
50376
49580
48863
48737
49388
49765
50019
50123
48776
51210
47784
48771
50032
50189
47240
49371
49595
50763
51240
49849
49571
50757
47927
51940
50534
48651
49890
49936
50809
50540
50651
50376
48640
51467
50310
50778
47983
49821
50579
51250
51530
50257
50083
50828
49799
50581
50895
50485
49331
47909
49476
48616
48534
50009
48667
51268
50753
49984
49907
50701
52263
50208
50036
50666
51306
50253
50024
48795
49300
50214
48758
49312
48554
51522
50793
49467
51110
49833
48637
48881
48479
50064
49027
50198
51000
51363
51212
49988
50829
50325
50140
49897
49260
52187
52359
47931
51188
50817
49569
50214
49409
49490
50879
50290
48845
50654
51499
50306
49486
48586
51757
49885
50544
50382
49599
48678
50287
50150
49911
50377
50291
50314
48850
50211
49109
49916
51040
49943
49547
50397
51039
50535
50863
49881
50072
50405
52078
48198
50339
50155
49574
49678
49557
50363
49277
49528
48717
48757
49838
50806
50945
50054
49992
48525
48575
51465
48492
49820
49873
50825
51293
48570
51011
51219
50461
50491
50583
49675
50823
49878
49393
49661
49540
50417
49869
50247
50971
49620
47569
48076
49292
50834
50335
50532
49998
50239
47894
49574
50053
50681
50167
49457
49959
49009
50163
49977
51124
50057
51122
50077
50135
49889
49938
52624
49412
51427
50938
50772
48925
48665
50045
49313
52747
51160
50121
51351
50223
50365
50525
50767
49246
51219
49290
51334
50217
49587
50295
49830
50954
50393
50582
49123
50446
49885
49959
49574
50106
49917
49669
50865
50207
49308
49320
51850
50139
49193
50271
50711
50485
50760
50200
48829
49755
49023
50928
48482
51496
50207
50200
50405
50516
49492
48790
50847
49378
48918
50741
49512
52018
52141
48986
50707
48908
50070
49711
50017
49022
50736
50247
50593
49842
51297
49288
51172
48238
48673
48529
48719
50284
50212
52318
50668
50087
50138
49711
50108
51099
49661
50055
50011
49495
50296
48714
51213
51160
51265
49553
49351
51098
50241
50700
51236
51001
49908
50698
49695
48986
49893
47132
50477
49690
48738
49648
49975
50552
49589
49922
50396
49220
50516
49768
49840
51999
49487
48616
50290
49444
48794
50911
49492
51094
51096
50337
49969
51536
49551
47924
49319
50961
50511
48242
47938
50984
48460
50359
51502
50036
51307
49769
51320
50369
49008
49427
50073
49502
49689
50155
50345
50054
49541
49252
50406
48952
48061
50613
49678
50422
47691
49819
50643
50531
46739
51168
50442
50361
49490
48596
50556
49019
49943
49401
49802
50271
49528
50417
52226
50441
52032
50219
51810
49775
50041
47897
49998
50571
48690
48196
49262
49958
48643
51484
49755
51120
50376
49394
49181
50490
49849
50310
50845
48339
49069
48145
48331
49152
50181
50290
50850
47427
50032
50589
50539
52078
50120
50252
51140
50653
49918
48456
49995
50046
49448
50470
51663
50689
49648
50991
49630
51366
50276
50226
49220
51118
50474
49933
49255
49447
52192
50583
50119
49215
52073
51254
50240
50943
50424
48160
49559
48750
49401
50478
50037
50854
50847
49587
50339
49272
51022
50306
51734
48626
51596
49441
49174
52230
49236
49345
49430
50294
49832
51017
49703
49151
50296
49088
50975
50026
48617
47682
49510
50871
50515
49789
49644
50424
50924
49902
51943
49042
50099
50849
50371
51475
49804
48604
51312
50039
50833
49715
50417
47828
49543
49842
49138
48774
50919
50011
50360
51135
49511
49809
50957
49460
50518
50090
49175
50204
49795
49682
50524
50147
49455
49529
50173
48153
49524
50555
50970
50692
48459
51555
50748
48780
51100
49392
52185
48594
49470
48899
50308
50560
50806
48336
50497
48291
50781
49151
49955
51183
49646
49370
49998
49745
50975
49663
50159
51359
50179
50850
47399
49956
47876
51901
49907
49446
49978
50105
49962
51744
49047
51265
49701
49599
49330
50698
49674
51332
49667
50440
48760
49751
50793
50831
50935
50175
50719
50520
48070
49280
49709
50855
50276
48574
51185
49751
50895
49845
50643
50560
51429
48782
49844
50134
49185
51335
50120
50310
50964
48787
49724
51455
50649
49803
48750
49406
50395
48164
51049
50113
49188
51216
48873
50935
49656
48387
49531
48617
49326
50350
53181
51512
51420
50634
48053
48927
48255
50395
49035
50710
52318
50945
50204
50693
50072
50313
49225
50805
52265
51540
47673
48753
48758
49740
50044
48355
50740
49718
50186
50162
50093
49449
50032
52459
50948
49053
50193
49678
50828
50425
49874
49861
49211
50839
49892
49055
49669
49766
50231
50282
50085
49038
49665
48079
48936
49230
50798
49936
48029
50599
48121
51560
49559
49639
49058
49855
49352
47850
51184
49834
51105
51158
50565
47956
50675
49713
49784
49146
49649
48768
49318
50492
49993
49913
50600
51833
51554
52034
50993
49220
50034
49993
50575
50707
49857
48670
50714
49004
49950
48817
47937
47958
49847
49436
49819
50350
49330
48537
50078
49455
50145
48736
49818
50617
49368
48470
50497
49239
49310
48548
50560
48997
49634
49614
49098
49435
50046
49312
50459
51040
48085
50160
52368
47724
49698
48104
50649
50778
49000
48886
50679
46965
50582
49410
50239
50021
48484
48864
51875
51746
48552
48979
49075
48665
47291
49439
50062
51669
48459
50145
49394
50266
49081
49900
52411
49699
48143
47991
49137
50318
49636
50005
49031
50396
50438
50363
50482
48754
50795
49336
50887
51249
49086
52345
48143
50232
50255
49895
49436
51158
51023
49733
48868
50174
50164
48965
49698
49101
49987
50343
49296
50231
50140
49515
49915
50317
49790
51432
51335
48462
49637
48663
50032
48825
51311
50251
49952
49867
49319
50141
49521
50091
49209
49880
50203
51328
47248
48417
48847
50343
50513
50437
51665
50132
49585
50290
48653
50378
52037
49579
48466
49862
49574
49784
49211
50374
49173
48604
50666
50651
51948
50533
49681
50621
49636
52217
49607
48523
50247
50650
49657
49329
52440
49830
51029
49049
49587
48545
49851
50233
48109
49514
48607
48788
49419
49111
49473
51282
48749
49791
48654
49687
50391
50675
50443
49814
50966
49493
49623
49745
50605
48639
50165
49851
50630
48467
49571
49805
49556
50165
51700
49129
51243
49725
49862
49611
48715
48170
49814
50572
50409
51322
53106
51066
49023
50862
49666
50043
49031
51295
50566
50450
50946
48876
49230
51361
50552
51007
49123
51619
51340
50531
48846
49743
49128
49429
51231
48020
51100
51091
49860
51163
49817
50410
50777
50878
50060
52673
50618
50516
49536
49704
50384
49785
50632
50134
50460
50830
49675
49842
48484
48691
50248
50497
51052
48874
50709
51481
50472
49095
50352
50457
49729
49976
50409
49654
48340
51305
51145
50012
50405
51046
49730
49639
49720
49623
49893
49737
51243
50826
51145
48798
51610
50746
51012
50165
49511
47732
50702
48555
48562
51269
50243
52037
48769
50010
50184
49522
49743
50129
49383
49037
50143
49401
48378
51113
49231
50273
47756
48290
51478
49860
51353
48561
48728
49051
49435
51683
48586
50946
50524
48545
51332
49703
48943
48865
49820
51039
51045
51997
50730
49525
51683
50006
49626
50827
49978
50321
50862
49285
48957
51149
51749
51303
49962
50596
48442
51208
51129
49183
49176
50428
50245
51602
51317
49463
50295
49676
48254
50360
51218
49367
47312
50364
50131
49061
49534
49713
49613
48928
50675
48132
48494
49344
49853
51394
50625
47091
49803
49641
51808
50035
48355
50103
50116
49192
50647
48837
48061
51011
48977
52153
50181
48818
50293
50936
49486
49773
50914
50359
50490
50363
48075
50789
51384
51579
49672
48874
49615
49946
51115
50497
49837
51128
49319
48249
48627
49680
51041
50751
48988
48417
51044
49204
49814
50665
48954
50583
49650
49633
50525
49258
49905
50088
49119
50522
50523
50650
50047
49919
48269
48101
50566
49890
49866
50916
50422
49773
49267
48111
48953
49372
50167
50552
51400
47735
49003
49757
49112
52173
49916
48070
49705
49395
51942
49751
49866
49239
49011
48835
50728
50161
52131
48672
48599
50564
51146
50738
48804
51537
52280
50292
48533
51310
49367
50310
48597
49805
49288
50079
49340
50313
50729
49779
50258
50007
50643
50022
50221
50063
49361
51817
48854
49639
52509
50872
49595
48479
50524
51631
51077
51620
49422
51105
48986
49089
51278
49914
48840
49945
49450
49095
50270
49956
49486
48893
50686
52558
48958
51622
49034
51869
52126
48841
49544
49572
49070
49162
50227
49654
49714
49699
50889
50052
48446
49318
51542
51709
50230
49918
50040
50673
49952
50576
49825
51986
50381
51041
50375
49793
50303
49748
49391
49687
48238
50353
50405
50792
48836
50126
49082
49000
50632
50258
48019
50078
49631
51355
51287
49613
50667
50963
49724
51665
48774
48451
49158
49731
49272
51063
49244
48966
51069
50008
49691
48902
49238
50324
49531
49383
49752
50182
49088
49827
50167
49717
48433
50019
48953
50502
51556
51358
50411
50351
48394
50918
50940
48169
47559
50713
49584
50378
49474
49807
49555
49119
50147
49860
50249
50880
49785
48845
50443
50001
49027
50460
50183
50453
50062
49929
50138
49901
49668
48183
51170
48765
48002
51076
48382
49981
50056
50340
50554
49390
49626
50472
49840
48845
49088
50122
49074
51396
49336
50323
51074
49677
50061
49687
50478
47899
51249
49484
50426
50288
49723
50346
49674
49343
49295
49538
49924
50844
50237
47866
49811
50155
51166
50492
50129
50198
49494
49478
50547
53093
49311
50138
49384
49301
48290
49699
49788
48920
49037
50836
51030
51198
48584
49231
50999
50202
51831
50108
50555
50113
50290
49611
50067
50187
52789
48357
51086
50984
49460
51162
48919
50179
51722
50842
50489
50873
49801
50142
49764
50981
50108
48919
48919
49152
49807
50292
49006
51590
51151
49632
49029
50273
51849
49533
50570
50463
50743
51170
48437
49105
49472
50475
50585
49936
49922
48395
47614
50916
49236
50879
48597
50519
51579
50336
50374
50071
47699
50581
49918
49132
49887
48731
48979
49934
49891
48845
50837
51446
51170
49623
49767
49853
49250
49849
48913
51595
50241
50762
49711
50368
50006
49603
50662
50660
48861
50558
48382
49629
49031
52354
49809
49377
51231
51249
50766
50827
48507
49818
50236
50121
50711
49496
50691
47841
49036
50756
50847
48265
50889
50355
50614
50160
48971
49838
51053
50197
49972
49817
48653
50306
50624
48861
49505
49330
48590
47622
49172
48937
48210
50491
49744
50261
48491
51231
49901
48963
50987
49157
50660
50102
51683
51304
51609
49082
51363
50032
49588
51801
49451
49631
48996
48620
49389
49808
49777
49166
51144
51554
49929
51054
49518
48875
49196
49319
49318
50153
49623
52279
50088
49934
50415
50531
49498
50549
49253
50130
49879
48120
50932
49733
51011
47690
50504
50018
50391
48465
51112
51834
50655
51858
49707
49570
50666
49809
51911
50305
50207
50338
50161
47952
49919
49302
49647
48302
52212
50223
48692
49236
48723
49863
50210
50144
49292
50025
50283
50289
49318
51598
49924
49785
50023
50500
49097
49990
49049
49724
49582
50187
49519
51523
50187
49408
49216
50457
48328
49837
50640
48573
50261
49557
48615
49836
49868
49544
48884
50573
49526
50786
46397
48555
48444
48289
51262
49395
49633
48113
49690
49534
50286
49172
49925
48836
50285
48771
49825
51055
49242
50049
49926
48861
50648
49905
50316
50632
48770
50700
51670
49915
49456
49912
49461
52157
49393
50741
50231
49398
50371
49284
50972
51023
49284
49216
49851
46976
50372
50141
50515
48756
51335
50665
49381
48787
50402
49666
50219
50747
49355
49973
48496
49628
49460
48886
49679
51296
50069
49521
48214
50788
48893
50616
50934
50761
50728
51027
50849
49514
52303
50428
50313
50868
50694
49760
47251
50962
49903
50187
48969
48992
49558
50230
49925
49545
49255
48086
50989
49303
49536
48534
49667
51687
50269
50176
49097
49940
49551
49552
49296
49479
50378
51270
49484
49805
49963
48466
49098
49677
49283
50054
50298
50392
52034
51080
49690
50038
47895
50390
48846
49953
49177
51403
49593
51197
49493
50584
49429
51187
49759
49654
49649
50159
50677
49750
48543
49448
49082
51425
50755
50705
51337
50078
50540
51650
50689
50878
50110
47874
47045
50127
48486
50051
49888
50574
50405
47465
50561
50034
49585
49652
51302
48225
49177
50411
48065
52186
48655
50048
49663
50618
50413
49202
50038
48911
50180
50924
48520
49436
51852
50025
48250
49161
48714
50599
50065
50598
49703
50536
51345
51312
50861
50743
51367
51794
50461
49084
50138
51314
50605
50718
48452
50169
50466
49755
49440
50563
50241
48115
50420
51286
50014
52064
50911
49770
49935
50941
51323
52215
50159
48730
51949
50779
49917
49759
49841
49379
49191
50784
50061
49820
50456
51637
49335
51165
50016
50362
50012
49742
50119
49052
49771
51077
51769
50738
51249
51560
50473
50403
52245
50488
49939
50649
49729
51218
50380
47950
51435
49546
49019
50825
47793
50884
51167
49803
49112
52395
49686
50324
49249
49557
50460
50590
49786
50237
49978
50105
48947
49293
49787
49451
50458
50265
50446
49626
50353
49719
50282
49575
51770
50136
50400
48626
50238
49943
50367
49743
49364
49613
50864
49666
49318
50376
48485
48955
48872
49533
51215
47703
48064
50721
49166
50815
50188
51311
53833
47928
51348
49044
50117
49269
51094
46940
51329
50093
49647
50335
51294
49157
48653
49775
49973
48619
49620
50691
51072
49148
49189
50628
49708
48626
51315
50444
51180
49238
49022
48591
50148
49134
50391
48909
51244
49976
48891
49562
49356
49557
49574
49236
50456
49008
50613
50110
50870
49223
48691
48068
50218
49477
49807
47843
48781
49309
52138
49815
49821
49649
50703
49159
50049
50509
50011
50545
50748
50875
51775
51273
49784
51104
49424
50711
46684
51311
48975
50266
50021
48712
47667
49554
49757
50075
49398
50702
48269
49395
50090
50206
50525
49778
51210
50025
48867
49262
49660
49229
50068
48683
48745
50535
49911
51306
50215
49546
50399
49449
50390
51031
50548
50411
49627
50786
49085
48869
49507
48601
50476
49399
48759
49811
49215
50377
49138
51023
50406
50989
50126
49712
51112
50271
48437
49215
49138
50149
49934
48887
50747
50992
49791
49877
48719
49468
48185
51070
51280
49873
51133
49670
49392
50842
50841
49285
49957
49381
50759
50735
51917
50242
49207
51246
51866
52090
50724
49114
48263
50148
49736
50632
50318
50614
51216
49594
49085
49690
52055
48727
50901
49656
50122
50560
50343
50132
51241
48781
50218
48565
50125
50045
50646
50128
49751
48765
52523
50299
50450
51354
50623
50251
49406
49703
50143
50072
49916
49224
51037
50623
50405
50214
50155
48007
50440
50945
51134
49353
49424
50081
51073
49661
49457
50872
49177
49189
52760
49125
49102
48757
49456
52250
49036
50047
48714
49677
49403
50118
50902
49898
49792
50800
50794
49791
51569
49395
48825
51102
50441
49259
49533
48019
49194
50982
49856
49849
50155
50369
49243
50898
47605
49926
51061
50996
51961
51026
51004
50944
51196
50962
50386
50893
49616
49655
49560
49012
49489
50819
50626
48099
49731
51091
51246
49451
48572
50835
48866
51281
48687
50789
50515
49594
49551
50663
50894
50085
50198
48694
48238
49276
48582
49867
50398
50828
50435
48639
49984
48304
51387
49930
49931
50591
49271
49926
48724
49993
50286
49919
46932
50445
52739
48932
49958
48816
51133
51063
51431
50504
50150
50006
51447
50359
50613
48694
50897
48734
49482
49473
50629
50624
50923
48593
50409
48383
50699
51302
48428
47998
49064
49810
48944
50622
51506
49518
50218
49040
49900
51287
50101
50364
49236
49061
51195
49933
49594
51220
49093
48643
48338
49369
50170
50563
49316
51373
49869
50466
51757
47963
48322
50069
49619
50464
48629
50603
50948
49274
49110
50334
50981
49441
49874
50053
50675
50495
49645
50797
49483
48275
48105
51608
51046
49699
50482
49852
48454
52247
48793
49325
48864
48676
49352
47564
49100
48773
50876
50404
52349
49851
50551
50883
49413
49929
50245
48467
49979
48883
51075
48985
50722
50512
50124
48789
48453
48138
48528
50181
49140
50959
50258
49057
48519
48030
48974
50035
51105
49594
48958
53164
49987
49736
49569
48737
48770
49601
50504
49503
50002
50845
50360
49533
49851
52025
48940
49135
48994
50335
48984
51217
49410
48242
49487
50081
49741
50407
49929
50884
50099
50350
51205
49673
48568
50804
51825
50658
50870
50335
48864
50026
50836
51070
51573
48855
49513
50040
49606
49339
49445
49494
48149
48372
50715
51234
51901
49561
50192
50320
50060
51390
49724
49768
49466
48917
49327
49732
50771
51371
48653
50177
49128
50416
49768
49198
50554
48742
47973
49883
49320
47530
50426
50320
48865
49151
51058
51605
50457
50235
51730
50411
49842
50765
50722
48985
51222
49170
49996
51015
49488
50269
50519
50543
50386
48928
49740
49457
51975
50220
48309
49711
50400
48392
49728
50771
49730
49169
50904
50529
49573
49198
49922
49042
51131
48944
52084
51393
50357
52117
48541
48090
52084
50127
51374
50177
48573
49001
51009
49587
48079
51343
48740
51022
49453
49197
49578
50189
49727
50052
51019
50449
49229
50137
50158
49329
50144
51183
48126
49208
49817
51449
51680
50216
51275
50858
50464
50998
49885
49247
48859
49331
51048
48160
51919
48437
48653
49933
50643
49695
50933
50630
51734
49017
49169
50814
50697
48622
50453
51466
49844
50604
51810
51044
50171
49332
47615
51123
51175
52073
50810
49687
50232
50821
51242
49768
49065
49007
50876
48444
50538
49281
49579
48915
50879
49657
51061
50093
50241
51257
50075
49720
48770
50851
48715
49289
50857
52081
50240
52096
48667
48805
50258
48633
50430
49789
52080
50795
49214
49825
48871
52112
50074
49965
49038
47457
48698
49117
48495
51978
49902
50478
50982
51232
51684
49927
50160
51066
49849
50482
49204
51834
50335
51616
49690
50358
49753
50752
50581
50940
48362
50242
49403
50938
50254
50975
50206
50481
51222
51158
49611
47459
49520
49713
51682
49220
50862
50137
50773
49307
47459
49134
49306
49063
49871
51138
49687
50206
48833
49283
50415
49526
50068
50370
48616
49812
50144
50379
50372
50132
49973
50792
49104
50069
48583
49849
50492
49604
49429
50434
50626
49007
51246
49046
51080
50942
49089
51095
50749
49607
50703
50248
50616
49897
49844
52247
50236
50098
50300
49318
51180
49759
49133
49504
50439
50545
49792
50158
50006
49066
47557
50266
48296
50256
50758
51535
48756
48784
49729
50608
49593
48733
49098
50703
50189
49804
51623
49987
49637
49361
51684
50057
50053
50076
50887
48046
50096
51211
49043
48997
49574
49065
48586
49562
49436
50835
51781
49970
49033
49278
50871
51231
49995
49349
50420
49809
49558
50050
48371
49898
51085
49797
50630
50046
48438
49163
48142
50518
51166
51042
48740
50374
48808
49663
50389
48546
50089
51408
50091
50294
51284
49101
50199
51405
50509
50823
51094
49730
49692
49003
48092
49812
46986
51256
50870
51176
50450
49466
48239
49699
50018
49597
50280
50288
50958
48657
50529
51022
50624
48435
51513
49981
48683
48553
50241
49032
49919
50322
50587
49507
47688
50780
47690
50561
51303
49727
50333
49361
49882
49300
51719
49147
48365
49816
49390
48496
50677
51638
51546
50046
49651
48288
48427
49346
49024
49270
50516
48747
49112
48653
50575
50524
49185
50390
49431
49726
51136
49836
49928
49179
50364
49275
49987
51052
49047
49894
50480
50685
50904
52017
49919
50586
49397
48879
50348
49904
51116
50854
48764
51330
50955
50637
49702
52676
50891
51063
48913
49286
50389
51946
50799
51769
50898
48866
50597
49681
51889
49234
49935
50496
49043
50706
48168
48504
50699
49966
49119
50270
49929
49187
50295
49790
51203
50531
50509
49622
49718
50600
48273
50555
49687
51100
49197
47506
50900
49977
48991
50701
49630
49109
49278
50512
51898
51069
50781
50298
49510
49052
50093
47572
48942
51070
49419
51576
50298
50814
49663
49838
49017
48645
49874
50587
49834
51417
49983
48783
48613
50906
49098
49799
49798
48444
50757
49776
49892
50140
53356
47631
49903
49885
50099
50191
50978
50339
48740
51317
50653
49918
51360
49544
50836
49866
50837
50816
50775
49035
51212
49000
50463
51439
50186
49937
48333
51433
47213
51377
48963
51634
50946
49194
48054
51819
50957
50439
49208
48671
49940
49818
50402
48014
50119
51068
50419
51889
50066
47636
49246
51388
50173
49863
50010
49524
50173
50324
49132
50180
49808
50508
49260
48477
50229
50230
49110
52720
49374
46789
49486
51085
49812
49989
50325
49061
50839
49314
51681
50916
51252
49922
48722
49476
50075
49399
50449
49493
49615
49953
50131
50876
50269
48513
49787
49163
50417
51294
49310
48136
49471
51633
50339
51395
50050
50405
49344
49757
49774
49700
52602
51090
50929
50286
49264
48262
51106
49207
50511
52581
48338
49293
51525
50069
50092
49273
50709
51702
49226
50807
48789
49706
50094
49972
48598
49184
50666
50096
49205
49431
50672
51809
50260
52434
50012
48708
49688
49549
50025
49791
49102
50192
51106
50915
49214
50236
49738
51032
50941
50228
49398
50252
48942
51071
49022
49904
50217
51292
49742
48342
49281
49599
49877
49412
48146
49603
47917
51240
49741
49733
50500
48477
51888
51100
48823
49320
50723
50482
48877
49350
49349
50426
50981
50733
49052
50004
50582
49203
48760
51082
49263
51148
48394
50757
51872
50591
50365
50622
50037
50389
48217
50440
50025
50805
50285
49283
50991
50576
49647
49390
50226
50023
50048
50625
50837
50072
47767
50174
50579
49400
50550
50136
49036
48728
49978
52389
49936
50517
50131
49178
49612
51251
50393
51004
50686
50481
49190
49772
47550
50980
49353
50893
50140
50801
49681
50287
51448
50250
49247
51083
48832
51132
51774
49275
51131
50777
46770
50057
51598
51568
49841
49809
51507
51610
50589
48878
49533
50905
49489
50127
52003
49273
51206
50976
50464
50216
50959
50766
50661
49529
49991
51078
50179
48501
50173
49536
49601
50965
48219
50601
50178
49670
48285
49306
49962
50924
47870
49113
49136
50735
50051
50252
50144
49919
49298
49651
48736
49894
51511
49398
49240
51600
49391
48946
49038
50088
50442
48864
49742
50079
50066
50934
50034
49960
49779
49727
51350
47715
48147
50113
51612
50404
50008
49285
51764
48417
49261
49514
49426
50414
50062
50781
49081
48816
48408
50547
49753
49967
48283
50179
51121
50372
50109
50510
47349
49764
50712
48980
49819
50942
52626
49946
49982
51298
50357
49641
49712
49947
49455
50229
50916
49910
50945
50986
51100
51563
50384
49340
48692
50060
50054
51512
50192
51604
51205
49221
50374
50278
48716
48949
49962
51139
49964
50086
50097
49762
49205
49164
49338
49609
50921
50716
50175
49625
48028
50084
50501
50007
50186
49888
49932
49636
50405
50148
49324
49619
50429
48625
49033
49332
51511
48878
51463
51007
50218
49301
50971
48866
51502
50295
49227
49444
51214
49799
47961
50538
50468
50153
49632
49847
50386
49829
51482
50208
49712
49162
50009
49082
52704
49856
49260
50001
52140
49917
50805
49883
50891
50265
50171
50989
50274
49730
50479
49904
51182
50507
48042
52662
48653
49574
50227
49768
49976
48903
49692
49370
50773
49721
49949
49416
48908
48925
50592
47762
49175
49302
49106
51830
50507
50820
48987
50730
51553
50035
50813
50413
50380
48485
50922
49842
50847
49361
50496
52184
48805
50280
49784
50384
50175
50516
52328
50698
50331
49856
49117
50048
49778
49165
52013
50004
51050
49958
50163
51435
51484
49971
50524
49772
50975
49197
48157
50768
51311
50770
49036
51461
50660
51272
49689
50599
50639
49589
48893
50081
49870
50535
50918
49708
49973
50169
50595
50960
48831
49439
51220
51443
49803
48504
49420
49976
48727
50602
49684
48081
50307
50985
48547
49062
50244
49916
49253
50008
49234
52179
50169
50585
49259
52288
50730
48156
49747
49109
50842
50675
49872
50998
49377
50248
50747
50224
51034
51066
49220
52328
49487
51769
47576
49302
50246
49565
49054
47785
48977
49096
49716
48590
49963
49962
49364
49626
52044
48993
49815
49341
49748
49404
49918
50504
50946
49681
49416
50528
49824
48616
50002
51571
50712
51082
50089
49600
50116
47378
50332
50985
48627
47217
51048
49447
50499
49297
48985
50608
49880
50413
49023
50169
51204
50085
48260
49709
49194
50346
49729
50226
49807
50665
49622
48687
48459
51206
49111
48901
48751
51054
49314
49811
49175
47834
52164
49738
50346
50022
52651
49444
51458
51194
48747
50561
50494
50941
50048
50030
49915
48976
49368
49607
49486
50798
48450
50328
51063
49697
49888
48729
49060
50284
51863
49124
50522
49749
51213
49244
50737
50428
50057
49780
50827
50203
49201
49721
48823
50264
50297
50534
49641
50945
49608
50355
50539
48543
50370
50572
50490
50710
49122
51090
49526
50432
49604
51222
50021
52599
50087
50599
49500
50695
48476
51534
49612
48649
50183
49600
50007
50690
49589
49683
50558
51221
50727
50236
49485
51182
49301
51362
49614
49845
49300
50507
48924
49760
50557
51295
51119
50854
50685
49629
51135
50554
48383
48730
50050
50322
47603
50603
48772
49582
48746
48972
50407
50763
49725
49928
49456
49844
50002
49374
48404
49722
49442
49582
51800
48910
48932
51268
49266
51960
49015
49779
49143
49035
52270
50349
50681
48595
51506
49299
49044
49423
51590
49998
50687
50431
49679
50372
50265
50631
50745
49392
50581
49422
49421
50806
49686
51488
51040
51219
49424
51523
49163
51885
48768
50875
50559
50615
50617
49530
48673
50588
50257
50308
48800
48338
48841
50086
50254
49587
50965
50420
50979
48767
49912
52984
50527
50893
49853
51946
49749
50011
50454
50256
49211
50149
49809
50821
49828
48719
50898
49493
51235
51081
49717
49519
53035
49075
51647
49347
49919
49542
50086
50059
51273
51018
49335
50351
49802
50823
50416
49472
51824
51088
49589
47801
48014
51252
49506
48986
50177
48972
49581
51245
51427
48662
52339
49580
49799
51215
49498
48523
49379
50157
49892
49136
52232
49510
50933
50135
50948
49114
48871
48025
51450
50350
50091
50208
49294
51156
50180
48971
50410
50348
52289
49852
50026
49274
52284
50295
50288
49157
48643
50929
51283
50106
48697
50330
49946
49784
50246
50603
48825
50650
52049
50993
49183
49796
50373
49064
50987
50953
50279
51793
48014
49296
49327
50862
47763
50472
50193
49964
50785
50176
49997
50575
50941
50447
50760
49246
50064
51535
49882
50626
50710
48242
49100
50199
49575
51639
50596
49387
50827
48176
48779
49086
48205
50930
49311
48937
49267
49489
51222
49092
50593
50417
50829
50993
50701
49835
52470
51402
48987
49266
49193
48233
49065
50212
50691
49769
49110
50981
49084
49494
49227
50112
50780
49761
50630
48202
49386
49144
50274
49958
50423
51927
49720
50070
49302
50545
49311
49730
52129
50322
50168
49967
47559
50352
50225
51061
52300
48923
50702
48105
49869
49259
50490
50991
50404
51067
48605
50788
52246
51206
48809
47806
49014
48440
49474
48671
48733
51203
49480
48986
50662
48224
48866
51312
50673
49682
48977
50141
50782
50815
50385
48425
50719
49880
50094
49426
50100
51593
52727
50076
48822
48718
49226
48918
50044
50700
50428
50582
48844
48913
49453
50623
51150
49682
50171
49711
48650
49603
51203
51213
48774
47968
49339
48870
49525
50119
48859
51900
49849
49464
49753
46807
50711
49917
49194
50545
51490
48218
49219
50879
49296
50553
48493
51328
50323
48982
50624
50967
48157
49131
48900
50466
49722
49057
49099
49497
49789
50512
50029
51419
51421
49843
49177
50974
49787
48975
49090
48997
50505
49767
49393
49976
49590
51632
50234
52550
48828
49092
50948
51876
49929
51363
51254
51303
49448
49851
51793
50107
50746
49094
51436
49331
49417
50288
52050
50187
49693
50410
49386
50545
50994
48493
48067
51212
48895
48503
49641
49776
49315
50473
50143
50209
48273
50654
49068
50000
48706
49827
52494
51460
49045
49814
49909
50016
49756
50407
51057
49644
48293
49068
50235
49052
51014
50492
48717
49095
50526
51617
49394
50017
50621
49758
48193
51839
49784
48785
49128
50743
50491
49970
49225
49281
50759
52059
49919
48720
51364
50438
49486
52809
49898
48500
50012
48456
49957
50529
51504
48690
49651
51564
50082
49659
50806
50208
48063
50328
48091
50212
48427
51299
48970
51654
49395
50534
50300
50580
48859
49335
49799
50289
51613
51101
50601
50750
50095
48808
49832
49796
50699
50170
50291
49335
49062
49855
50608
49708
50265
50155
50577
50621
49358
51054
51069
49287
51253
49682
49475
51400
50931
50010
49920
49475
50947
49111
50356
48973
50364
50179
50574
49566
50973
50428
50435
50531
49014
48677
49692
50195
47882
49533
49763
51210
50890
50335
50325
50123
50878
48927
50922
49541
47926
50319
51163
51122
50358
48757
51211
49543
48800
49221
49901
50863
48465
49861
49914
49143
51213
50629
49185
50745
51161
50808
49840
49493
49563
49944
48666
48460
49682
50176
50026
49512
50708
49555
48937
49798
50321
50149
50462
48658
52926
49216
49970
50196
50609
50717
50175
51407
51749
49126
49060
50455
49134
49202
49539
48756
51552
49916
48806
50474
50030
51176
49256
48668
48564
48351
48717
49253
48713
49809
48759
49165
49835
50368
50808
49937
49529
48750
47885
48281
50874
49628
49536
48446
51417
48171
48867
49138
50853
50356
50238
50344
48867
49956
49958
49865
51340
50805
48999
49995
50136
50750
48633
51139
48590
50798
50470
49382
48700
50558
49737
50062
48894
48516
51166
52040
49858
48606
50462
51100
48537
49138
48172
50420
51557
48571
48937
50717
50645
50496
49849
49170
50904
49737
49297
50471
49203
49102
51360
49575
50373
49517
51121
49802
50575
51067
50106
49008
49801
51801
50461
49760
48389
50624
50246
49771
51087
49862
50277
49871
52062
51154
49571
51323
50185
49790
50299
51089
50701
49123
49187
51367
50413
50062
49281
49470
49108
52151
49337
50055
48811
48838
50948
50466
50802
49976
50321
48730
48900
50674
50488
49993
50264
49083
49640
48508
49290
48905
50907
51019
49639
49570
49858
50466
50881
49540
49898
51549
49131
48034
50147
48530
50267
50001
48332
49181
50383
49876
49618
50207
51206
50243
50339
48751
50156
50750
50849
50567
51475
49694
49418
51221
50659
50286
50128
48919
49059
51882
49882
50425
48913
51476
51508
50905
50336
49983
51453
49989
48689
49883
48923
50821
50541
48536
48959
50494
49429
50171
51122
51282
48594
49783
50760
49711
51345
48974
48588
48949
49150
50818
49667
51139
50961
49986
51118
49994
49331
49065
51526
49109
51876
49558
49124
51286
49815
51112
48724
51454
51055
50622
47907
51325
52581
49978
51093
49790
50055
49300
49447
47807
49108
50141
49474
51895
50913
49047
47939
48387
49336
52478
49952
51360
48769
48971
49904
49388
50122
50652
50068
49517
48256
49707
50517
49410
49125
49819
49415
50739
51268
48298
49581
49599
49572
51004
50088
47635
48991
51306
49413
48607
48986
50672
49412
49761
50841
50127
50642
48669
48399
47877
48486
50381
48872
51303
51471
49750
50736
51415
50607
50054
53092
47785
48945
49682
50882
50678
53118
49733
51178
50526
49562
49854
49751
50707
50038
50593
51081
49281
50595
50887
49617
50750
48874
50140
51356
51441
49879
51163
50800
51453
51662
49520
50343
50231
49979
50294
50599
50504
50704
50821
49917
49379
49849
49523
51838
50063
49518
50057
49116
50760
49413
50090
49847
50854
50119
48747
50035
51077
50300
50322
51038
51679
50248
48921
50065
48882
50305
50511
50375
48491
48661
50461
50987
49342
49547
49264
51328
50115
51778
50932
50451
50527
50963
50836
50184
49530
50688
50799
51450
51168
51060
50008
49049
52067
48738
49928
50649
47666
49940
49955
48348
50471
49784
49682
50213
50102
48965
49593
49427
49231
48415
51316
49563
51550
49448
48620
48952
49578
48844
49775
49368
49249
50257
50349
49518
50222
50398
50869
48508
50266
49936
51467
50124
47690
50334
49520
51250
50664
51745
50249
50668
49198
49246
51066
50701
50695
50392
50326
50042
51272
49877
48388
47305
49060
49217
49251
49294
49989
49729
50136
50924
49937
51272
49732
50913
49145
49180
49965
51754
50856
51206
49735
50806
50266
49231
48859
50296
50375
50969
50118
50464
49104
51300
51028
51178
46935
50780
51310
49375
50806
51802
50629
48793
48408
50689
51032
49332
51528
50821
49488
50583
49913
50621
50778
49455
48922
51276
48293
50968
48916
49991
50825
49884
50657
49220
50554
50218
48714
49206
49659
49739
51783
49056
51472
49115
50504
48407
50300
50992
48877
50719
51038
49792
51103
50755
50860
50752
48876
50120
50286
51649
49415
49252
50853
50690
49919
52147
50302
49219
51948
49315
49345
49787
50477
50157
49094
51469
50190
50923
50027
49990
48316
50081
50150
48909
51433
47393
49534
50040
49234
49798
49516
49685
49555
48452
49729
50296
50377
50067
49603
49894
50189
49334
51242
49819
49884
49808
49323
48672
50798
50344
50895
50892
50418
48702
48819
50541
51486
51285
50239
49966
49082
51168
49090
49140
50336
49108
50824
50111
51419
49603
50469
52210
50541
49421
50742
49713
47617
50141
48780
50549
50841
49019
50580
49481
50287
51344
52701
49592
50374
50518
50072
49404
49487
51167
49704
50680
51420
48528
50031
49605
49596
50777
50089
50031
50480
48893
50957
50225
48864
49477
49951
50325
51150
50565
48395
51326
50993
49808
50755
49292
49390
50516
47666
49305
50667
49941
49959
49386
49158
48826
51590
49321
50441
50630
50574
51070
49495
50473
50715
49587
51156
50167
49641
50801
48512
50023
49815
50852
50800
49990
49701
50136
48375
48559
49400
49048
50438
47996
49880
49526
51200
49866
48414
49139
48969
48543
51472
51400
49604
50705
51278
52214
49269
51045
50351
50855
49528
50854
50383
51302
49682
53624
49060
49057
50607
50153
49957
50805
49423
50677
49483
48965
47838
50480
50789
49385
50111
50701
49597
49406
51274
51236
49940
50298
50829
49150
49507
47581
51071
49713
51868
49917
48025
51992
49816
49333
51337
49715
49725
49189
50448
50710
50379
50444
49137
48485
50181
50560
49673
49409
49296
49992
49494
49573
50174
50655
50350
47725
50433
49781
49499
50053
50535
48927
49236
51090
50345
48062
49242
50047
49654
51074
49264
50814
50161
48646
49222
47810
50861
50600
50475
47497
49401
50492
50820
50494
47903
49580
49394
50739
49745
50800
49919
50670
48986
50564
50078
50971
49508
50492
50390
49820
49849
52260
49721
48699
49816
50164
49193
49633
49676
48961
49813
49093
50558
48622
50433
48576
49788
48279
49095
52993
50580
50390
48327
49229
51722
49509
50494
50700
50544
48098
51658
48924
50627
50483
48185
50405
49900
49602
51115
50727
51421
49339
51953
48320
49410
49493
49429
50409
48605
49741
49752
51212
50276
50239
50595
50275
50227
47940
50202
50670
49647
50818
50066
47979
50986
49972
50102
48452
49057
51213
49774
49362
50733
50280
49537
49963
49801
50170
50766
48804
47620
51061
50694
50020
51318
50605
48713
51191
50537
49041
50587
50333
49755
51064
49448
49420
52359
48058
50544
50760
49619
49822
49822
50426
49887
50076
50619
50953
50188
49098
51338
49290
49714
49392
51275
51265
48954
46754
49989
50335
50999
51244
48767
49676
49271
50095
51156
49776
50053
49664
51261
51572
49808
49604
50655
47482
50715
48980
50924
50624
49173
49945
49561
50066
50756
49827
50789
51278
50281
48228
50831
49476
49772
49977
50610
49905
52066
48173
49681
47580
52000
49873
51691
50763
50923
50580
50528
50250
49781
50952
49839
50467
51868
51954
49061
50790
51017
49050
50894
50317
50465
50062
49624
48874
49578
49477
50259
48964
49896
50665
49616
51115
49357
50072
51117
50915
50432
49248
46929
49818
52194
49350
49561
48962
48333
49615
51002
50993
49780
49053
50777
49616
52077
49237
51145
49836
48828
49908
48752
50878
51004
49533
49406
50849
50453
48773
48993
46596
50125
48397
50776
50880
51656
50822
50391
51369
49678
50877
50507
49418
49178
50077
49329
50857
49424
48390
49130
51226
50960
51352
49082
49358
50188
49896
49170
51541
49926
52419
49808
51480
50325
50805
48351
50604
49844
48730
48649
51510
50368
49237
48492
49976
50858
48969
50083
49632
49019
51101
50228
50330
49694
50755
50377
47611
51471
49924
49784
50440
49466
52395
49989
49757
49823
50349
50381
49307
49199
49498
49371
50574
50494
51025
49304
47789
49942
51543
50234
48775
48718
50302
48618
49220
50367
50334
49570
50548
47567
48827
49420
49963
50600
49623
49589
48849
49566
49742
51313
50110
50134
50826
51390
50229
49314
48392
48305
48557
51180
51118
49491
49039
47639
51194
52036
48442
49315
49348
50546
50211
49215
50481
49926
49356
49037
49445
49727
49828
50776
50725
50282
49873
51314
52268
49296
51491
49380
50212
49852
51435
49582
50372
49718
49014
49614
50274
49560
49486
50141
50863
52212
47734
49659
49173
49773
46927
50312
49174
49036
51715
51004
50577
50163
50981
48684
49728
50435
50084
49859
50833
52723
50148
50438
49901
50772
49875
49146
50746
51270
50665
50345
49751
48919
48976
49543
50099
52469
48746
49381
49467
49544
50594
49674
48015
51515
48536
49826
48284
50665
50420
49536
50868
50061
50713
50379
50269
49411
47943
49867
50201
50230
50195
50979
50907
48787
51056
49237
48917
50712
49471
50246
48625
48682
49700
49595
49522
50975
51655
50516
50392
49121
48342
50507
49655
49142
48841
49014
50396
51678
49816
50600
50026
52657
51953
50349
48796
48852
50528
49199
50094
50037
50070
50630
49747
49827
49451
50194
49797
50867
50141
50978
50199
50621
50780
50333
49309
48620
51605
49571
49717
51838
50125
49577
50534
50200
48292
51387
50524
49293
51071
51082
49172
50307
49185
51097
51191
50405
51814
52315
50571
48717
50920
50332
50118
48540
48517
49417
49096
51767
49709
49427
51574
50021
50629
51076
50196
51633
51103
49837
48414
48930
50591
51969
49904
48359
47229
51731
48427
51194
50631
49540
49280
50280
51114
50414
49724
49034
49547
49100
49269
50712
48994
50121
49247
51076
48885
50908
48848
50158
48589
47906
49390
50423
52499
49507
49194
49669
48374
49853
49876
49327
50005
51051
50069
49020
49883
51606
49698
48478
50910
49439
49431
49236
52671
48628
48224
50975
49572
50865
48915
49309
50763
48893
52093
48274
51274
49918
50327
50037
49572
49361
48744
50031
50454
48629
49174
50262
51767
51675
49946
49092
49387
50193
49653
48522
48616
51747
50160
48452
50663
49207
49137
49984
48139
51446
49343
50035
50290
50736
51113
50849
48222
50177
49680
49811
48533
50966
50457
50351
49657
50818
49749
48928
48745
50442
50031
51496
50883
48211
50395
48891
48569
49707
50023
48920
49233
49288
50087
48837
50045
49800
49106
49031
51090
50156
50502
51904
49802
50322
50541
52165
49802
49555
50305
50966
51372
51372
50086
50405
49116
49372
50050
50637
47877
49196
49813
49901
50453
51151
49462
51181
50671
49158
50791
51557
48949
50942
50173
49732
50310
50279
49740
48388
50110
49646
50069
50418
48384
49423
50192
50836
49730
50375
50189
48556
49930
49773
49503
49590
49714
51198
49470
51215
51199
49171
51911
50818
49713
50442
51175
50811
50901
49913
49269
50316
49445
48780
49869
50899
50689
49185
49881
48984
49267
49111
50022
50077
51338
49312
49946
51820
49511
51885
50694
48942
50582
48438
49555
50920
48512
50983
49228
49488
50804
50011
49108
50364
49954
49762
48358
50861
50514
50768
49466
49318
50430
51889
51183
49721
49799
51163
49034
48393
50776
50774
50130
47778
49693
50782
49617
50029
49113
49662
49756
50117
50404
49696
47831
49719
49260
49765
51140
50519
48425
50082
48482
49547
49551
51212
49732
49529
50256
50050
49854
49978
52020
51323
51378
50275
50912
50078
49851
50500
48017
51358
51443
48178
49611
51688
51917
49195
51320
49347
51841
50690
51763
50286
50791
50317
51449
49033
51238
50265
50742
49600
50063
50286
52225
50998
48348
49745
51634
50582
50149
50720
51467
50937
49961
48910
50112
48578
48338
50700
49079
49783
49975
50300
51101
48599
49709
49539
49555
51018
51086
49257
48542
50867
49688
48267
50613
50243
49061
50912
50084
51203
50303
49063
51365
51246
50275
50622
49616
49440
51010
49698
49830
48354
49302
50180
50838
51505
49527
48248
51673
49685
50202
51293
51434
51084
48810
50534
50986
48910
50143
50015
50106
50183
49828
49423
50091
49772
48791
48823
49240
48898
49920
49990
47972
49895
51296
49725
51307
49975
50552
50662
48083
48756
49895
49342
50905
49834
51301
48693
48845
50622
49741
51777
49785
48733
49948
50415
49777
49885
48923
49172
48961
49966
50303
49260
49301
50294
49164
49100
50683
50697
48097
50626
51289
50625
50793
49633
49367
50408
50324
48506
50810
50900
49607
51781
50002
49529
49381
49426
50081
49878
50482
50908
50745
51970
49182
50149
48171
50503
50517
50614
47215
50165
50911
49266
49631
49415
48790
48939
52616
50340
49304
49238
48884
50198
51194
49385
51199
52944
49331
50759
49291
49395
50110
52320
51315
50691
48771
48468
49261
50430
50598
51896
51813
51089
51597
49831
51099
49495
50118
51132
49888
47712
48452
49463
49480
49895
50146
50740
51883
50955
50681
50182
50159
52034
48401
53460
50193
51704
50082
49512
48617
50554
49002
49867
50497
50197
49285
48302
50821
49787
50019
49942
51225
50162
50724
50941
50679
49527
51978
49724
51235
50667
50388
49093
50242
49082
49374
48768
48870
51034
51483
49006
50501
49537
50539
49287
49539
48151
49858
49480
52027
51027
49739
48742
48410
48021
50119
51003
49431
49828
49854
51696
49873
50194
49895
50989
50977
49181
49274
51197
52715
49141
50029
50857
49294
51262
49967
49894
49274
50219
49414
49063
50144
49614
48704
49662
48587
50031
50049
50554
49389
50060
50258
51090
50317
50124
50331
48966
50871
51682
50506
50054
49191
49026
49321
48045
50236
50874
49918
49696
51192
49521
50191
50410
50471
49606
48646
50772
50372
50106
48825
48525
49938
51489
50028
49514
48940
51490
47761
51197
49875
50406
49780
51663
49444
48989
50444
50281
48416
50764
50157
49326
50429
49290
48731
49649
48101
50775
49605
50062
49974
