53825
30454
92602
17332
75565
89214
82862
20928
40579
88153
83328
29510
21374
69963
52940
21686
64274
39348
58393
33097
16922
70739
53089
25027
35290
98149
69400
45435
33590
53417
56850
1750
73005
12556
46273
53253
50651
64764
93309
82582
11471
61595
67605
54773
6262
13984
18822
94905
65322
86379
77092
74265
80855
74912
34685
4065
4238
53266
36343
83803
54137
50096
34684
45707
95986
76041
86301
77569
5500
66243
87331
15045
39075
92068
80639
93448
15433
39535
69529
73358
71699
66796
55558
42010
8044
92385
1141
98559
80569
57946
14287
78121
69241
48667
14383
27185
67880
38767
96667
85331
66616
15890
74303
8172
78973
87182
30538
7087
46509
47386
13010
23342
16270
24389
96327
81469
68335
16255
77626
65775
78853
72104
76898
10942
18821
27256
44047
98188
88719
97887
22674
58966
41298
76288
81335
66185
99205
16215
78225
41053
71913
98638
5952
81181
3981
7651
51285
49079
96593
76047
85068
91635
18520
40941
81553
78321
26843
21945
31485
77530
10080
47308
3764
27848
25270
49427
44558
59095
43310
56515
36420
15597
23836
76883
50906
14688
25818
15754
63808
41918
94504
78696
58389
84256
52493
93532
21813
74664
19315
89962
67872
30994
31416
28283
38288
39128
36819
23568
47924
43906
97753
48209
89997
39782
4477
54551
94554
85708
53101
50492
14940
24839
73732
58998
53209
41032
82713
84452
62721
12650
38813
81188
81328
72910
9796
28324
25790
37091
66619
72072
28012
63388
67289
37411
4135
23306
34289
78369
6136
37466
36636
83782
85135
49527
77068
56665
24905
90093
40151
54226
32528
29888
56654
98351
29611
39471
85537
47608
96260
41825
7913
14832
57980
5595
29771
27741
53181
61024
69579
97254
92611
84903
87618
35687
64038
29062
447
56390
29716
67649
50288
74684
34704
41275
23107
3955
39760
64006
75796
97179
97539
51626
39593
66619
54929
57617
13935
68808
92881
12001
83107
22401
4432
63017
16409
1882
90177
24251
84534
18227
36206
34398
30536
45978
56334
73348
77228
4183
37814
61304
43934
48735
83797
95932
5657
57603
85707
80269
92207
64487
79424
39833
74251
48554
61520
3351
28916
40751
63971
32951
82414
25324
33497
77617
40252
54385
65968
68799
35663
67993
62473
79854
44897
64664
35338
96842
65943
46384
50568
51503
62312
48062
15175
79923
26546
71592
46850
39135
40384
55053
19589
6976
10169
84928
32741
30661
29329
92461
48641
20136
81974
63693
38132
63212
60265
88147
72819
69323
83321
78828
94024
30664
68624
68071
61980
31269
54444
50589
76887
4779
67307
35622
28033
63685
80472
49775
16493
62916
32680
4874
9896
77533
17660
66582
50934
78383
25774
39794
42262
40035
48891
81883
30324
85538
6559
46208
62280
89112
32859
31256
46257
63403
5608
27061
66125
35314
42062
49677
67577
6440
13200
603
24374
12411
41042
93244
34947
64086
78452
77319
5535
1376
67474
22713
72381
73261
81228
45618
31145
15905
95162
25746
84614
36044
98026
2589
52937
43019
58118
17093
6025
63268
87463
44044
71934
59941
54557
75588
1966
90430
75152
18524
34678
33408
4047
51233
140
26487
99389
74744
23129
64459
85396
83473
24924
79154
65255
61238
35154
96365
38325
34075
33389
92656
26432
62511
77976
43081
51122
81552
68464
11851
34129
40677
18568
16977
41052
98264
26817
35648
41157
26701
80876
35796
56847
63668
81773
81929
68783
57149
30646
56601
97483
75024
51320
68711
44320
71378
71599
53214
18883
95437
35093
32373
60212
2652
73908
35910
34627
87294
64080
28357
36732
32343
16250
45062
90061
56434
82067
94351
63116
26235
37061
42054
91789
57674
42881
17695
13529
15525
3936
32660
56722
65438
45357
67069
90062
41533
85266
29373
36682
31995
57924
53852
72818
94396
13261
81745
93852
83488
37107
92481
26852
36689
47069
32977
60950
72691
57548
729
40867
15155
9759
14633
49583
7066
45807
36799
17069
94811
16953
25867
47280
21921
27690
13766
39102
56656
11021
35559
55960
50467
60117
20312
37513
26605
75145
11224
98098
14844
44293
84994
15925
38145
72942
14405
72329
2861
16856
96910
44003
59582
59322
37833
30188
31582
20690
62364
64330
89618
9435
12412
58588
33091
54953
25057
8010
3561
62403
51581
68067
58614
67431
32680
14405
53705
25483
94105
97398
13069
3575
75701
51346
37505
78504
38034
17729
43871
70713
74476
81016
47032
47877
41174
29594
19083
96629
3537
45803
62599
87403
12574
53616
89371
65938
56570
4850
79858
4432
57865
69031
74368
70709
24596
43653
41672
81916
91091
49862
2260
25575
35682
76960
81452
35896
21889
89337
11816
6402
25472
35239
55638
59788
6447
97976
23616
10616
54513
3407
71060
6943
76055
57714
24750
4450
87849
5275
85390
39365
96965
74161
28588
59937
66975
64018
10928
11929
91415
35789
43317
33037
27170
18125
81488
31286
48136
62191
27680
38661
77000
5356
62682
57552
40821
86851
28520
45571
40652
70984
75188
3452
45022
9999
11973
30741
99612
56247
63899
19803
7919
31419
40711
31341
93840
50918
5802
29066
35942
53207
95192
96263
33848
21705
81908
79978
25786
22852
89830
94484
26120
54815
5378
52670
50871
58473
22136
27706
45331
50985
37130
22359
32496
53942
19540
9298
15632
19578
82879
5522
82661
754
24450
77110
67140
84482
20032
95782
71342
52902
12614
55166
44233
42979
42936
67002
62389
38466
58930
45298
43577
25246
59876
8119
36939
55135
81018
28097
36764
89626
20186
45369
78791
53278
14160
68268
88150
76905
61416
63993
3873
62979
90716
26527
8662
87347
69653
61507
5962
750
27884
25473
11247
30416
35509
41943
8189
36129
33477
5581
65738
33910
84383
64209
35272
14986
11272
37086
86901
17172
64449
15454
62896
14887
61458
71036
95409
12301
97962
34772
40334
50437
6758
46121
39230
66655
97632
58411
1413
37807
45519
13814
34489
85535
39300
3798
28576
95530
21666
27073
56656
70459
39147
70585
40319
13795
45570
68464
90380
16272
68882
75086
51210
10700
66590
84832
80711
55855
94910
84454
15461
22180
95862
39096
18718
47511
64328
44399
99559
54512
31973
90083
16896
24253
76045
67520
27316
18367
16328
5544
9928
45958
82530
4580
72579
37052
1540
74823
25889
60819
9841
55092
87641
68734
19813
31220
33792
46162
17737
61295
70022
44843
65309
98856
74340
12325
87984
75279
94462
88439
57669
34373
24965
10985
33361
26702
23537
90707
76717
18211
61850
82637
37157
68782
34757
52008
34080
10710
42978
12177
68368
22888
49843
58731
10467
55578
78636
95911
45893
81399
30773
55568
58933
44228
36375
71480
60469
3974
55121
35629
40987
60835
46745
88674
12466
64871
31975
17076
31216
73627
49660
75841
81659
51067
93736
75724
37818
79713
1090
81312
56885
29874
362
86000
86743
99236
49098
31286
50542
28727
41814
80466
91192
56482
31275
78266
82382
70197
50391
19013
63130
42056
45436
51976
53366
86031
25942
50367
15973
57764
26671
32632
55129
96015
8073
79983
88149
83599
81340
71257
77065
91557
16746
81114
17365
67273
57506
85074
93280
66799
89133
83373
94933
44408
34828
29272
51620
79581
33069
46253
80923
78558
83849
92405
54594
98513
5874
22871
2008
80602
11651
93743
56888
86545
75664
88793
7304
46080
44667
44773
18318
15971
13892
45065
16330
18920
52976
67336
33696
39356
10002
17819
21544
73979
88794
93005
81834
47142
57886
10075
83244
67631
35782
34295
45006
13792
80270
58905
39519
30169
58609
88082
85692
6666
90551
35504
22445
58529
63892
54942
30942
16159
19934
17252
6642
3386
49698
93760
57448
45419
13263
70740
1877
20596
76582
67332
62752
78582
55074
61288
57088
95357
63177
17707
26864
29579
27292
74799
21470
31335
79402
51753
73216
88157
43477
66735
60635
28801
88802
68078
8320
69914
21925
15707
58628
56229
29339
28914
42238
78670
69275
25353
4611
81896
73171
6972
34872
79956
13607
11321
13010
44567
5686
67418
19927
12244
37979
2867
41634
59463
30320
91997
55090
80694
99287
11374
52862
59878
98319
3820
81113
39117
47488
30589
21862
55314
95816
89153
43712
31420
56782
26676
85491
91802
68082
56135
7061
74571
60785
89926
36554
59826
89402
5328
12730
81319
86067
8170
4885
77022
409
18943
23668
90468
31429
71081
93136
75966
90406
10189
28292
49733
78757
83005
28939
54118
6038
42554
42604
51249
92078
66554
66436
64715
83045
60257
78062
95283
59233
80823
55369
1086
16725
2717
5558
41142
54920
14013
44672
72583
14899
8081
83307
15593
48949
95791
27570
15584
45084
17964
95799
42991
2995
63100
80359
98027
14009
91928
98361
75624
498
6385
22003
82433
26479
46209
38179
17567
44034
74467
25711
16370
77814
82249
3384
45203
31970
22629
61350
6663
38591
43974
74547
82994
22243
30630
82624
32257
90850
74265
67946
38697
45548
20513
22130
40229
28010
3381
20764
71568
15455
99054
84077
49511
30558
11074
60494
44228
92754
70929
72911
51993
3091
34275
81045
36186
54169
44709
6645
22123
54065
56113
47971
94908
77565
96900
33958
2282
92030
78779
39781
8099
16976
74686
90947
55327
5996
86971
625
75589
24952
53309
43766
53773
75308
36572
9153
19687
90952
89249
23404
73790
42966
97857
75436
56269
90753
50487
52491
2829
85546
78539
955
39226
18898
19036
60058
62957
92926
68876
40157
42540
23901
75040
33575
79378
16357
79110
37135
19924
46164
44459
6719
32940
10119
20792
48764
98730
49798
95032
65303
18584
93706
29883
68846
69875
18767
91502
99306
44497
40544
1706
55988
29404
54741
20496
26249
42450
76458
98954
8932
59313
33008
69453
47981
52970
12707
98595
97398
94692
78560
65668
42917
44512
19214
92294
84545
82755
61245
20129
67824
86328
99998
50186
59668
17495
43031
99069
86808
88852
82439
79307
54330
29284
8617
22807
52293
86236
53719
45123
24064
97421
85697
5285
43499
118
43461
83353
36221
30560
27451
98513
4331
61916
82223
47105
33878
79838
10558
86073
13212
96912
42095
5397
2526
29886
94919
29511
83241
1276
38101
99980
77511
95972
67663
20630
72144
40374
22380
34127
1746
28439
64793
66392
12695
57232
87843
40025
91879
36680
6941
99306
6043
29953
64050
78463
40154
56169
91359
21404
7129
13692
79491
87881
83070
38658
76754
63909
36228
76279
11440
704
41706
44465
61259
83602
15647
36310
89697
9755
80
45731
29978
91420
92323
44273
5086
24532
36741
23340
62259
25374
76377
92104
87239
42041
17335
85366
32679
44661
47125
36422
67615
44057
78508
31870
36007
65172
29538
81740
39575
73144
74041
23072
9451
91262
58856
74873
88119
8079
6531
65778
99354
16495
45938
93113
77859
71764
9434
83276
40093
50880
54936
68831
44125
82462
66724
30185
75318
88251
20844
52654
60030
33587
60055
90966
43754
20745
46604
92499
74198
72330
4589
20313
94760
264
63916
79939
52819
93562
76828
37550
99048
29648
33024
80788
56438
9299
79041
49599
83748
21429
53615
8717
41974
58124
28111
69894
35621
81017
81504
37307
62907
82796
63894
94039
30857
92967
56161
13015
48204
62528
32431
53395
41107
36087
87988
7868
7533
22551
76906
46761
67645
55223
94391
96415
40209
71958
92599
42713
98021
24771
76967
42860
10307
59341
19368
66762
69727
32586
18549
49238
90086
82248
41672
29607
43067
37238
77829
22169
90986
45772
6842
63503
67520
73524
28202
68254
71919
14572
92454
43757
90433
17129
14693
11081
13670
3143
89633
30891
84389
7327
68909
11252
59199
58183
48139
31156
11068
8329
12627
75779
8840
1554
22819
4462
22025
10266
34730
52969
18322
74121
66655
41528
10751
93984
15230
17291
5588
62397
18565
21098
94608
68575
44015
54919
76032
31065
25228
45721
94572
62849
88407
81331
9383
67122
46491
37589
70667
34529
67710
62799
19167
50535
79837
32936
54555
7664
23918
5774
95173
57876
92331
28337
28396
97286
99615
64480
74655
90168
87612
28639
60321
53407
52394
56335
4771
28152
83411
95651
88692
24122
14196
3387
50032
57457
82476
68298
90455
91670
24873
4977
9535
65998
50895
46992
6881
81526
84891
23993
81556
16330
6685
57199
39358
39240
34304
39074
59592
30390
14314
4715
89391
59003
70480
21912
56800
18492
15825
14988
93440
86031
84525
80606
17029
39141
50239
29853
9005
49534
64860
41213
13913
74089
32998
74467
83509
27503
60001
3503
15186
89187
94088
96129
83973
95499
38490
90692
80044
46662
28419
69911
88805
14210
63616
86843
13033
12313
18585
86349
25277
69925
37358
23850
74838
13098
36306
40003
52687
6410
27739
39111
25707
42397
74707
34392
85385
40986
1985
9132
79560
78146
53231
73097
79843
51270
95741
48726
64724
51906
72214
81275
69588
86731
89605
8416
56904
1504
54954
43232
95615
68232
76123
1920
90603
69079
93411
24659
3516
78164
39132
33749
30960
4192
8354
20929
62479
59574
3801
90973
46963
406
69645
72898
91854
1457
65815
59761
98391
57190
943
43001
37427
31110
16585
74986
11341
1434
76868
99743
99104
48696
41729
6670
21507
21536
11064
53623
102
83418
81784
3164
43079
31733
57870
98706
38696
21652
87172
51034
46031
93582
98264
88142
1741
18200
84956
88887
49639
66607
79995
73625
80884
94707
23159
47488
33814
27650
96735
93531
88108
13904
89913
18108
15360
11957
86510
75647
62015
70268
87581
24860
49478
8475
9208
32699
99444
66268
34283
10650
89449
34992
92618
29875
44859
85611
11154
49913
48478
26413
94660
42981
8586
77880
81552
18044
21986
51416
3652
9018
53224
18636
93391
77088
95907
61714
39385
82842
26585
20117
84055
65552
85593
24540
50507
87056
61702
89123
29069
1919
19772
28565
20675
26496
38662
53954
46249
45550
13706
67523
41363
556
18063
51234
38001
65309
34189
65376
80748
16031
92228
957
56241
46026
2409
73695
72242
77816
93913
289
53153
52826
15120
4055
86196
25692
12267
72100
40677
34721
32994
87547
38426
61774
73617
98970
17226
5259
55918
31960
65194
73582
7181
67218
68879
50842
39313
87049
39519
49827
62161
64506
17780
53626
14002
12722
98618
78883
67356
78517
88175
32314
27336
29812
96790
21172
393
41937
97868
33640
83390
19389
51496
79884
39693
96510
64000
12652
60146
85224
83802
68836
31498
29735
18465
7903
52515
47506
87699
63765
70568
36900
97627
82527
49964
95013
37084
50568
4149
18041
49700
21833
26118
34798
77618
7660
40253
27478
26706
72885
40284
89701
92529
27296
48929
24468
72209
72364
48291
69559
22050
35514
20626
55191
44529
81132
64829
84771
33004
44418
78811
32534
96673
94702
36212
1569
3679
95787
58050
28093
84431
82201
67684
56912
38849
89463
81696
96975
56249
83898
27981
31102
87134
86702
54911
18267
38879
43731
27517
60913
65892
96249
41491
90423
51696
5374
19034
8011
85465
20777
22301
46243
12556
17065
54636
60331
22546
39896
27919
67334
64806
83828
37460
55143
59500
97363
93227
45169
14836
29537
27500
96614
34103
99333
54395
70595
97729
99561
84569
29676
58366
55974
12759
90897
64957
4682
34499
6719
37112
62920
98336
65290
4613
21840
37499
97076
70951
27960
4585
13418
91993
52665
7824
5260
58912
20256
93573
811
58005
22823
28358
17744
60281
55337
49236
90545
55436
55013
54224
10842
57958
4587
93062
28445
77173
43289
6570
54255
59206
59182
61476
62377
20090
97430
77816
85298
42314
21867
91305
96566
54983
60638
837
15649
61388
8587
82524
72997
61700
15481
9719
81705
8952
20372
17193
70854
55587
98511
37864
18307
66899
37922
41769
24954
76850
25056
7856
20925
70720
78259
2083
6545
65327
9187
38436
23522
30487
98631
33289
94728
48774
67982
31848
87327
17179
66212
9897
13889
90169
23019
81512
24250
34652
35300
11668
9959
19313
92018
94992
52947
31855
27741
62714
52680
77873
3180
83489
89035
65615
76875
42687
58660
59683
99503
93814
6862
71935
14362
36389
48032
13333
10290
17438
92420
91395
32714
84348
38325
58856
85674
51379
14899
91249
56115
77396
9960
53715
87454
94045
40846
6247
42836
30168
13490
79427
75818
69334
16936
52493
54085
50222
72302
90813
93468
1830
90434
94282
96813
66520
37539
50842
20888
86639
18028
12342
62391
3504
87996
21582
86851
30382
61307
34565
84131
28440
95494
81409
81220
22760
28268
57775
46869
43918
5013
55782
23313
42658
30036
93247
55167
41630
90572
44773
15085
22670
1454
80149
68195
84691
89088
51863
51639
69034
11923
42188
11784
12068
40297
69322
65625
25669
15686
86986
26597
80583
26111
31214
81409
9776
48694
74056
78550
36221
46376
28281
1330
62252
54555
76123
19571
25658
96229
79398
15687
53136
163
37931
56045
31606
82336
19010
56874
74792
95295
12101
36787
65804
26570
37387
62103
37498
24571
42689
19121
48912
89302
33609
78796
99389
81360
32656
47413
35193
60999
29762
82973
71117
24968
61983
37405
62041
84730
54768
6281
68994
55295
95155
71464
86863
68173
43042
57531
62552
10627
21583
16977
53750
66523
20139
6737
75055
76629
66175
84273
71924
79752
28336
40706
28396
76147
51744
61909
58341
30833
65894
24129
80097
6123
2835
8991
6662
16700
84951
90303
63998
59353
23605
21624
85753
53072
30475
18084
77478
59116
34852
79001
77409
64579
40273
68879
61640
80961
21975
60458
96335
40301
93075
44883
77621
69531
35949
5056
51926
43353
41598
54698
82269
5895
37731
10938
34024
33539
29547
63763
81755
12742
33692
79516
47447
34114
56128
41695
94979
3519
72176
24484
1259
21676
78374
15338
777
35551
60254
61404
4590
20354
28329
36932
29805
87600
40948
30682
64373
7295
64362
81932
2977
82000
51014
57636
18987
74744
83108
27097
41582
62181
18791
96322
67978
45249
79632
12324
61433
67100
49506
72590
70974
59017
12342
9676
36398
19283
55440
87779
62201
11361
54939
97193
27204
38714
59683
67122
18105
4183
36148
70701
50615
80327
82079
79042
55557
45904
82206
93624
11884
48289
75753
66388
33104
89888
38799
45329
92240
89929
45009
25360
31643
74782
96697
20312
11301
67139
26427
97839
12369
88048
68508
51684
86470
85709
5849
10467
12511
60735
40640
98588
81793
55959
97665
1238
64800
90988
27497
3377
29562
65263
85489
77948
36619
92222
28092
13549
17713
45323
99492
74939
18240
88307
6867
17075
13217
66190
89077
48246
15799
76768
63299
67667
38027
13112
50223
92697
16409
92998
67513
99826
80448
57773
93642
13475
11530
86100
68409
79656
59875
89189
88745
42292
13444
520
45298
2861
15869
87000
64550
49660
61933
62163
76599
46392
82619
45459
52588
22080
37337
25976
50510
27315
80607
6460
78068
80016
54741
77956
32192
78855
72231
21347
21787
97472
58982
73704
21742
31133
67432
42363
7989
35885
38190
10173
87221
21203
72245
42765
2261
80062
61162
93169
70064
55727
54952
85854
60713
69325
78771
82160
43266
35319
4729
13716
24104
36767
62061
7565
92174
17885
9761
42615
38382
75917
12003
57117
43916
12048
85165
55611
68928
68920
96331
21428
45456
36864
74783
86097
48005
77981
26441
52124
62264
85475
99354
76397
72695
65057
26145
65788
35359
14535
46644
62202
90742
10168
73942
76509
59496
82055
12252
39293
4643
25009
60398
22091
56743
23887
81122
51442
43478
43207
83214
10001
89070
41705
72155
49973
1119
9739
22136
73622
10433
3857
62609
46788
68970
72776
98706
23625
67290
25390
62074
27073
70387
7489
79264
66854
7247
34245
99094
41085
84087
25102
37656
58764
6648
50458
45448
10767
22472
99979
20843
58823
71870
59310
37252
17093
24618
97237
68564
52836
92946
31033
50523
47130
51613
46268
78075
5507
15265
69057
26042
75034
69601
72743
252
32936
16292
55951
71336
56957
6228
11292
48253
14363
13210
5473
59713
25045
46124
13364
52015
15961
49339
59494
73127
81463
79792
66086
94053
91826
55356
41002
13021
12604
64905
82943
2729
8325
82332
42648
36975
29248
99730
5665
48767
60899
98223
53468
44619
28760
86913
25177
51877
24489
60843
40859
59444
70950
9237
33051
53463
56560
30410
46697
50071
27617
47129
69267
2770
83090
86584
77117
63551
74073
69192
93641
45580
13600
93453
26145
37398
39646
46207
22893
2861
13469
77911
67207
65150
25361
91678
85524
62903
38087
9441
33277
16166
35934
84390
91387
80946
72680
98740
83892
89674
34914
40467
11967
49344
93386
63031
24225
19820
5479
57770
64836
22688
63717
13176
65253
29624
26961
81883
90086
26433
95583
39919
98647
69214
22105
53907
74231
37851
88925
13403
28800
10985
85957
677
37751
94356
88975
92483
28175
24407
7814
68281
6989
60437
3357
57584
79497
64570
51921
96717
34664
53852
23135
47726
40537
44260
3592
60047
13538
15461
87729
52728
396
26052
11946
83859
22968
74372
23
79043
73624
89458
54265
86978
54757
85375
1042
70285
17405
69095
77053
7028
97814
30439
20196
6914
80379
57281
48142
55159
59117
80986
73885
65579
54796
2017
13181
56375
77074
40757
35193
79150
1458
61916
65045
47294
1920
39175
44504
98758
75100
19273
97960
16430
43210
73605
78479
49525
44484
98237
43485
58938
71242
34608
60615
54242
38846
38968
13119
96001
29445
16599
76771
82830
48962
50747
70665
96870
8884
51881
90830
191
80971
31736
30547
20118
75618
26671
41004
74062
76744
17209
2814
2760
16701
35392
68618
74023
49482
5327
68245
80788
31085
61588
18396
3398
8371
96326
69357
98341
85121
8811
90232
74011
50957
54342
31356
34580
54961
72821
43915
88613
62560
60605
52640
42179
67584
31761
62524
96940
51980
88090
98844
44715
66874
68065
77735
47821
77871
8875
13627
69812
15010
3282
49432
33946
10888
23620
66709
4358
22066
16981
34852
19043
77899
43805
51990
11590
15511
95263
97244
57423
48865
39805
19097
72282
44934
85809
78929
8987
57881
374
11311
69811
50994
54086
71600
26486
53928
15671
13894
46847
33671
80986
60719
60893
70556
16688
78135
940
6888
1294
54330
91103
34084
67460
74211
5549
4265
25393
53131
73722
13899
37892
77793
64662
5833
64841
62784
88553
87528
93109
81535
31057
24905
55983
76532
51463
88455
87188
62430
7141
22379
32988
40401
68212
78242
51170
45101
10015
69150
46683
73833
64082
9531
4255
30408
56428
46439
83529
81531
57746
98052
10409
14240
81142
85328
44890
70436
29227
36710
67444
58398
52733
87554
14041
40051
69537
30843
90953
29583
59612
14125
10304
52687
26323
84644
69901
31840
61106
69654
36695
1064
53931
33734
55071
78110
93129
75517
35883
14978
67695
63209
16511
36833
7214
68799
3845
20758
49932
16893
60380
14035
71738
27712
7541
74788
91347
15582
63065
94376
81395
27847
86641
28678
86452
89471
51798
71806
60969
17673
64330
60096
27381
24052
3245
77190
99620
84619
33407
28056
85791
91448
83179
81865
62948
78268
83017
99830
29114
48390
9611
94857
79166
40265
1316
49162
25818
67613
58701
25881
67301
63716
84750
32419
11026
33380
93724
54787
84220
64153
36089
6001
15231
14810
90928
23407
50919
52381
15365
42598
96144
11108
29247
488
49155
8137
47861
96369
82987
78047
65272
11297
64428
27870
18685
36891
51776
40463
27643
67640
95494
37303
17395
23283
9162
54409
44435
49295
9909
4495
29242
93190
62714
67392
26097
62870
57953
48156
12904
11563
82938
20145
50429
43123
2802
57058
61189
18985
14907
94197
28392
31530
93568
12994
84001
97275
74420
38385
26358
75746
85280
47550
22652
6319
23797
10382
83471
63679
99765
18574
5582
57347
77871
81377
98140
74782
36074
86251
81476
67665
66369
98479
74332
82310
27862
48055
17755
87968
25073
30466
74676
6979
43326
8129
13006
48421
69280
81974
15124
26932
60539
74208
96222
90583
61933
53221
22302
3493
6442
19298
77883
46071
23611
86126
76217
35699
58175
17156
42569
78507
39990
42133
33021
25288
51986
183
46898
84897
42453
93930
33521
37552
86015
10206
57788
8062
97396
5197
45578
25858
27972
35851
24917
11572
55108
71054
59895
8383
84831
32017
26584
90815
55790
79604
5595
45897
70598
94899
59883
56311
81937
69595
55877
67197
84490
29046
96332
12665
27948
83403
83533
5689
74279
72610
25494
95124
41899
75003
62933
88437
54511
35932
8729
17016
93123
63621
46978
25608
94803
55973
30974
42765
56542
39342
59676
27485
72283
38123
10646
25197
4892
10352
87499
24046
18625
49398
8031
22722
42848
68299
81948
71495
38284
62147
62193
28711
27326
85913
30677
37993
91456
47784
49540
41783
72547
17121
10084
30018
96096
38561
28648
21416
1683
32041
1817
69587
13433
8905
66496
59772
50658
34584
97786
63888
24597
65378
56370
60925
73292
57933
26512
6018
79492
74828
79716
5354
64198
53501
74388
48700
42058
40563
18895
1854
67109
33335
54656
38852
51358
5036
74858
95181
17002
62582
30973
26152
15539
66462
64740
68879
31749
77559
31773
98349
14860
88951
46632
72998
15631
95847
83384
7650
90644
52213
52152
47593
9406
69405
31632
98993
93195
34656
97641
86323
88372
47304
26988
45618
36759
38799
32328
41067
86780
40390
34853
31848
44891
82980
76914
7354
44448
39923
7904
16164
97287
13647
39722
82333
4695
45218
12233
77972
31958
97811
51809
15184
6372
82951
98358
55766
12440
61359
66938
81097
54065
39162
50570
50996
41999
54196
49639
43315
15620
28014
28439
59791
89383
2830
79396
94439
8525
98488
556
24410
31369
14124
38996
66677
47814
64817
10286
40090
85911
24449
12313
54787
21483
62554
30641
294
48396
13604
94374
34557
23093
86496
82958
62894
75249
53969
20670
14571
32299
12999
31303
4883
576
59862
97159
96509
45639
92545
54387
79135
74021
45177
88693
1724
18573
91946
72566
72253
31404
45070
33565
88424
75745
23510
45337
35635
75685
19502
29602
73843
28031
72202
54961
67497
1447
28041
39736
35274
65873
16598
33975
33772
10466
9350
15976
58783
46328
53456
66364
62003
23261
55488
67635
18150
25030
8664
28862
44589
49786
63599
96947
93255
83300
58520
32058
76174
99106
13312
26022
17360
70582
75801
33648
44793
93345
15251
27990
25353
82441
6711
3635
57464
41806
26886
16102
72394
32860
78995
26388
31365
80365
45981
52465
42258
45190
55532
99349
40519
94408
51944
69787
59355
10360
81933
73408
24152
59740
77110
20178
21743
49130
34781
80900
1859
57063
17459
63655
45569
68828
70211
15685
98193
80806
34655
66070
92917
42272
88239
60853
69929
38983
63886
30319
15875
80546
69972
20031
88485
25094
7911
28110
45682
82540
92411
9114
88811
57206
49130
75289
25829
50000
34698
56044
75570
73614
84174
64683
72519
85912
35973
43450
69381
248
72252
85930
94924
36943
77235
40897
23986
73599
98434
11902
37283
9033
50764
2853
72575
52739
18551
67781
7659
88298
89897
88560
35247
31760
48724
93621
29758
81447
85342
22951
39241
71129
43142
61957
30426
79042
95109
79208
99854
17400
97799
19109
48716
4561
50772
66135
89982
1856
1456
64082
55035
10365
30867
4953
16983
41594
83203
5549
40176
39383
13488
54228
18899
63803
24428
73137
65868
76090
23798
9122
2517
67421
6085
64225
34742
57858
39021
88390
50144
63256
49198
20639
70864
69673
34927
34377
87119
38252
49792
29789
59984
86702
50450
38977
58406
39050
38012
74786
22633
6647
80289
25194
58814
3837
44827
32217
87899
45624
95143
2100
79366
46462
53419
79437
47501
63327
81040
28555
20017
58582
16440
52043
68348
5335
44914
29849
118
48245
73653
24666
90140
34237
91001
96134
54064
19647
14291
99649
76159
71189
37890
3662
48190
75003
89637
26395
60741
64010
82265
78695
64362
8198
1228
32885
26599
79975
36799
91856
13622
38075
51401
31687
12896
29023
55975
79248
65696
73650
70670
16676
37241
22183
20452
27083
59702
9453
33060
42129
93759
43802
55628
65083
66848
12039
34216
44671
65337
11411
88418
93994
2668
66088
32129
88560
18927
49496
39986
46842
5323
22219
16225
28253
19652
8659
39639
60886
42020
81319
96039
38733
82139
68968
98710
99770
97406
8712
51861
3371
35266
40117
43548
95364
3046
53463
37328
79693
11444
15517
35702
12116
82454
49434
43183
46517
2041
15325
11305
58773
63689
11430
79665
98521
72717
91177
57872
26010
9203
79022
78412
71340
33965
19755
55773
31350
65530
63953
78020
30729
46166
48158
31130
39131
73137
88752
88816
18885
54795
55597
85983
56424
88301
62307
23656
26320
56602
19682
10072
65733
43697
95672
91101
31143
26541
58469
54946
84098
32235
64137
26070
3060
16087
88011
92926
71037
51973
2157
27402
62462
90443
718
76031
97510
44152
41184
71848
89971
6270
61626
14513
97550
73585
13592
88200
96956
34345
51955
19003
39868
60882
60882
18340
70082
59819
97922
57199
23474
44598
70508
42492
37038
23095
85442
90523
70938
45271
1338
44672
55649
71230
82613
75978
32831
90203
6679
51138
71779
85050
89206
11174
81247
81766
19065
73338
31444
54746
95015
73949
58774
21437
55439
10548
98395
46622
36589
98684
9444
79598
21820
36019
1959
89668
24161
77633
44024
59433
65195
25187
41369
45242
60166
67913
72469
77248
26389
55379
44541
111
72309
23144
93299
92313
12511
35949
85323
11364
21694
15454
69701
86565
6077
40675
52951
54418
72827
95791
9000
66731
70068
24577
24854
42934
60155
58268
16595
25464
63972
73416
69912
5446
12716
6030
442
4897
49527
59675
99297
39032
36741
66122
18440
195
83338
45294
6369
37648
19095
59464
46370
65138
54178
19257
40653
26674
8814
28784
87342
75151
57466
30500
59962
97461
28104
62933
45965
20910
16057
55796
51058
25004
92466
6066
7213
11691
65360
10051
2782
62591
95608
12895
61317
80425
2584
67740
14215
41905
75376
61768
74818
57626
11094
37158
34203
21445
45943
42881
67560
97120
6556
10744
39374
13425
43705
62296
8114
7515
9497
61260
83531
65591
16935
75196
94521
67370
67035
32193
22329
96324
90606
96497
25801
52683
68860
86023
85287
75691
54680
26909
33685
16454
28755
82617
87667
65124
73138
19662
51270
42427
26983
54706
19024
99576
51932
62704
62187
77579
4349
64893
25760
36913
98272
10892
31572
36431
66889
57708
39677
17545
91828
80056
78505
31122
47606
49065
27458
11513
79316
42385
92207
45523
38896
95253
32688
62450
56967
11325
28716
10256
34060
16778
85496
75458
85956
9537
8233
7422
18222
26612
44449
47858
41312
88127
23001
6596
77153
6416
82479
9587
59008
56278
5948
82558
19519
7989
45400
11500
44192
47846
56594
57566
80158
14712
56271
45126
43859
92272
16155
34642
47424
10213
40340
30839
71922
93674
74099
18168
5873
16893
30937
50094
84307
63169
98609
8128
99001
99388
12800
18452
56464
17813
5406
24616
77750
66295
61753
21785
57208
15131
84566
72249
24405
82176
78657
12726
80278
51929
84105
54302
52625
80077
7980
35309
33903
33889
25220
55642
96943
54911
36306
96107
65333
62434
50637
12397
1718
60124
88173
18981
84523
52982
84462
53096
61936
12508
92126
21585
91131
81520
38777
1854
54249
62665
95775
10387
13931
94299
74677
11576
56460
93929
82244
50430
68768
25026
1554
61363
86655
83972
47137
1727
43316
18387
85327
3366
31549
98490
16163
55982
42563
22078
47352
16027
97696
30375
90563
42365
42454
33770
82986
15308
70988
53823
27411
98011
8028
96515
73539
20330
53135
76530
93655
64596
77417
59621
1498
94927
65585
77415
93878
44662
5606
13230
74958
8411
6292
1734
58009
66570
7721
99344
49516
93978
78882
16792
18450
13641
71480
51856
76493
75794
44409
6859
80884
27729
77496
21973
70262
94115
8110
71021
9187
61698
10485
85229
31748
29806
69180
21053
41773
37354
5619
1824
25692
70504
84867
71375
80386
64470
77443
6869
21686
46248
13258
9141
74849
93437
73778
49822
29550
38045
36287
80377
58777
47905
49646
3479
47169
87844
96119
32157
60853
63816
88629
8373
56879
26439
55271
81957
11519
51354
21706
68609
81464
15247
51764
58649
73706
91865
72260
63635
18820
69879
39096
12088
99955
60081
88932
20907
65882
71614
55372
85536
8112
76629
98798
43442
61148
31817
16747
19854
86373
28855
14423
34950
63705
76777
11389
56744
13533
32413
22277
17458
95774
52464
63266
18264
13823
20571
14135
33006
29571
1272
14797
61338
48829
74340
81127
74722
3759
87175
90010
98916
78012
89478
52765
7642
77670
74037
90012
68327
32813
79483
10678
98358
99781
12004
75083
85286
92817
45532
85939
6823
22425
73519
14285
90616
28981
76852
67897
63816
64053
66643
86648
94894
45661
54181
96820
33180
81696
48539
69325
17319
76767
2397
55286
39122
46237
31139
25508
38517
63375
64798
80419
36786
33512
88938
89445
53486
10068
64770
96085
54693
43794
54767
80639
30433
3317
50291
50656
70449
44933
98517
66876
65117
8406
52621
26288
86564
62408
18776
54344
90456
21371
15966
40440
25859
57863
23208
36142
76987
68291
77064
15736
84787
57804
71061
31205
63736
12375
32330
14224
72264
69305
97446
72568
50263
95215
88465
54600
94896
63440
17639
7077
89979
62673
30471
11843
36714
31267
1160
84178
38863
92224
45019
30281
73944
75096
6576
4833
3559
71618
79896
76269
61778
76981
4723
35370
48260
10540
83496
8165
90195
17354
59360
37581
8334
56860
29394
69326
14298
97089
75124
36647
21712
43158
10333
18213
49652
46823
79534
83907
34386
72454
20426
63527
9557
5921
14747
584
75674
95968
94121
93341
4899
14869
57694
66789
56245
2990
73358
72826
75836
27730
64318
44879
44511
47747
5700
76802
5102
62152
26321
60399
12351
20811
89351
63376
95357
1621
58889
73557
87913
30806
15990
64318
1908
15611
50014
56305
90284
88163
174
27425
87737
84837
75520
20326
20267
14451
2690
56791
93050
9342
73444
8486
15811
79202
16812
65564
40747
83380
21817
38138
73912
88491
28110
55148
58025
75770
92957
56927
86316
51289
39644
34275
60700
64027
21996
10239
81684
62501
96717
84095
32760
62193
77367
39754
69054
43961
16986
31523
6689
49049
53725
38539
88273
30911
6046
96797
64187
60453
22912
44844
41357
2417
98106
81562
25689
46872
79797
66045
94152
41141
75680
84582
53900
28167
44611
28445
35956
97789
86004
82346
95449
53618
28588
77204
76848
2957
84882
87725
88104
57280
53816
10101
11852
255
52922
79206
21051
67664
85744
71601
9002
94154
47612
13706
38838
13903
25161
5734
25634
62752
14632
6749
27382
70626
88282
67682
12846
30182
75435
37962
16098
81726
51333
94376
15378
82563
55285
35335
87882
65911
54606
96006
28956
13190
96979
41493
20884
8521
72215
91246
99834
40080
65301
91616
63045
55611
91481
85522
42557
85285
26895
21122
98810
34545
24267
92954
37975
33347
92342
4308
74865
16452
49823
22195
99238
20031
63764
90162
47098
38169
54597
45321
92607
80522
42168
88989
89422
56002
72072
24097
97039
8629
88357
7400
15441
34992
13035
67329
20537
98908
49885
43224
94688
47771
78856
9789
93856
86146
94856
67246
61010
56763
24870
36663
10609
23037
86869
99106
60219
69259
29951
76656
29962
86646
93797
40881
45616
9683
45194
82917
31944
77952
9606
46962
88267
5094
3924
59536
64629
50933
82612
21326
19977
90463
13148
52437
17606
92222
67841
6472
70579
27980
30242
14914
20357
7602
22081
45375
548
44593
68747
42579
29028
63060
99952
4128
80381
75514
41525
59604
65925
70751
22623
87943
87688
68691
15284
17627
41351
49321
89219
83271
5105
37052
65955
47171
78983
31789
58001
50538
72722
8907
76105
69956
81256
71043
76351
91572
4304
16075
66341
24524
78315
25725
21806
30832
38136
77107
62830
59763
28591
94506
97884
33311
82461
11104
40250
5236
29148
36794
55706
56910
53365
71506
20827
65117
2917
93149
68407
61756
80035
99320
41750
84545
45957
52732
16171
65670
69897
89860
37385
41887
62653
55954
69516
58441
88146
52711
76543
78110
44599
49428
10745
11152
2489
17202
85897
27237
31279
4727
96450
27207
43948
7008
61712
22327
66602
11632
84822
65612
42901
39253
89717
49361
68502
97529
15767
5458
43916
58239
29401
88902
15439
35919
76200
82460
68863
70084
52599
65179
53427
64519
68980
93977
22988
24250
18754
69087
41473
33099
94841
19016
44529
36663
43721
48279
80597
26699
19859
64674
43703
66038
82945
57398
54565
25282
39305
87430
138
68332
42165
30781
94621
5246
46702
2630
55357
63366
44216
57133
39641
57134
68453
72051
68574
85103
92335
63110
22241
85552
24911
55492
31633
67948
62254
73952
93123
6723
21132
19600
12108
97873
5173
83996
75095
80788
71516
56775
26948
17989
99119
88482
22134
99790
35595
57356
93422
63975
51123
80587
55471
6677
10453
5037
87167
9746
41978
30885
44711
68804
38788
27795
47281
83938
14403
79455
73629
91431
73349
83649
75643
51416
85035
71811
83633
83397
16364
13000
96636
90200
38322
96796
52917
22346
20014
99465
73526
18329
82225
31780
2296
48570
62597
98073
3980
44603
11395
54131
51195
36662
74061
42608
76190
24988
54551
76281
81373
53535
35762
55452
98080
61338
60851
2193
8857
39984
85521
70344
7032
90949
77834
5758
8225
87243
79212
20900
29065
14283
27833
13286
16871
61070
73280
77958
80275
19682
6990
74822
15927
92013
63912
35950
13204
78967
62266
85523
5803
21006
95875
56078
1998
93465
12598
84042
28471
26889
17017
2154
1750
72366
85392
92790
73420
24972
13577
63595
28276
79310
43949
73730
43919
19952
10485
28950
74250
58093
95140
62755
61955
4756
31861
32566
24083
92394
75012
71661
42726
50749
24675
62264
31480
37671
94005
44211
28668
96329
20665
92897
76995
21577
62246
87752
19675
8235
39742
96286
5345
4572
47378
65893
94182
50221
73441
81286
25133
2316
14974
70122
50662
78649
94229
12769
3136
925
17656
44658
70012
81485
20406
35199
15283
21669
67373
8344
89189
17973
29426
87738
17433
40928
16469
54374
60886
78989
98435
16421
14194
52709
45063
77758
91605
47498
6718
67397
19819
54117
98889
11115
85984
36529
4248
77912
41146
45226
29533
6621
79825
12502
97457
30615
9343
13510
13473
46983
4556
45727
30548
58934
23169
11088
97117
17295
49321
6379
52846
30864
45031
93244
63198
32586
92424
26099
44125
39445
57804
41268
62936
45765
25125
549
87492
63546
41423
70662
81278
11193
58637
71149
69873
8772
12923
91272
72974
10857
43486
18120
63496
9098
38459
81246
30230
12937
3827
89735
7702
9572
90959
14339
29403
23092
70779
47114
44720
78892
9331
80795
55926
96774
99761
15086
77435
59924
92510
13067
53580
68290
51115
87944
59766
27271
47830
63468
28033
3924
99656
32504
87961
94506
24690
13015
30218
19978
64727
44549
33651
68124
45783
57871
81212
29213
75340
64083
93008
48631
62602
5723
55241
38811
80423
80394
13317
45055
59121
94138
38884
35694
60356
22337
14753
99901
9348
97496
17124
20446
40724
62863
6109
13948
85192
13851
23220
62988
34461
17478
59657
49645
59567
34069
7266
84814
84130
19542
43306
4089
4170
59861
94640
61512
55569
46627
17141
78122
11896
66741
54025
40674
92215
72755
23834
20761
22113
85851
84609
38652
74713
17493
20531
48813
62332
56113
63827
70456
71635
94238
34822
42858
93920
13013
74439
76390
73913
97581
66244
39699
64961
58954
5986
71698
234
4208
51898
39019
82228
15093
38270
34535
71471
99618
74876
22136
97842
16436
30145
42485
11383
98446
13173
52103
96899
87849
48026
47817
24370
1635
54762
27647
4356
38911
319
12056
20761
70093
36597
82345
86557
62852
27898
65671
79364
92357
87076
33803
68350
96043
45624
71083
37787
62134
70447
69878
34980
13177
39922
84120
65112
52914
96875
86065
11502
76382
17150
41121
27406
93962
37649
55152
92497
21403
65211
26539
57619
98035
71803
10952
54455
45674
56398
99023
39834
48995
90625
96035
85338
17565
440
66553
82516
94812
57366
91840
54727
24438
4163
61057
71785
7500
31557
80836
66025
66034
80960
17888
87493
67271
70348
38997
46785
78300
63522
99795
45770
77624
34474
48833
1596
80968
43048
384
32881
94684
60483
61214
25247
65293
37558
17140
72492
17065
75746
5271
31106
39446
14172
99664
89500
15922
38065
513
13262
54754
66820
65192
68589
33980
95102
77880
30158
71648
72395
31432
8340
70713
8725
46444
24191
75137
86095
39075
63543
39313
16778
30793
62
43936
19466
28638
99182
80532
36836
98437
3438
46597
68821
24524
58323
12167
90459
5163
65775
10923
27097
23362
8117
22328
67453
86444
52548
96861
42242
80206
47227
32556
49878
48360
16131
65306
83018
70928
88048
55124
37977
9495
37952
44341
44131
81412
43687
15222
74854
67302
52605
51836
63392
37169
74713
91425
58652
94219
97085
13534
26151
82136
89367
77049
70881
23777
45554
53386
26005
52531
93436
7017
6552
53241
56623
28375
99001
79625
14793
44061
48508
83051
30912
32712
76115
12838
27490
97257
92746
82007
48968
58618
86967
50569
33777
26839
16919
57206
2154
32468
22255
77596
18466
13186
13448
53241
72094
91505
26672
61512
45914
93168
58657
67710
39472
20468
58853
68277
22351
33630
6044
20394
36797
73248
47017
54555
11683
82139
36918
60372
73150
2669
57886
42943
83758
60578
24499
84804
44305
20726
76310
59448
14788
89663
31730
63431
76595
19567
71921
97241
56319
7292
3330
45243
17026
84785
62797
42473
20175
13200
77340
8678
76401
28828
41651
83164
28983
96680
94855
51594
19943
48969
3423
69415
79048
99725
89014
76790
32981
6798
95330
30085
36132
15677
41470
62868
47425
25584
92673
47262
3910
34742
77804
34866
85354
41389
43570
1735
81668
7697
91973
38751
3601
12470
83044
18195
14278
99515
86991
75368
75752
37621
74375
25208
53833
74895
95876
22543
58332
88638
27830
22171
2348
25967
96676
79209
28156
84810
39310
78749
1244
4802
13546
53440
67127
1206
33647
36266
86991
36015
48599
99793
69116
96434
24019
29222
8828
13392
72902
98335
59876
51606
90823
70589
13322
33810
99838
50098
71463
89086
83238
61957
85594
89543
92488
83383
48424
25278
74068
80299
82000
22394
5368
62440
47089
23171
23154
16915
47305
20527
36314
44932
57205
26131
51376
53
67053
81408
1019
89141
91573
30645
28173
14267
32057
77170
96371
42482
54921
37746
26969
11676
77034
14803
37551
98158
88740
8188
22261
7717
52105
44030
77612
32942
43697
23065
39759
57671
99397
27922
39298
30254
34069
89341
4285
10086
6938
67693
84992
22286
46413
97631
50348
86230
52261
57039
60742
33224
64383
53866
75353
98454
74184
47078
3161
18773
24224
91615
13223
17961
82253
81822
10002
44292
52242
17678
86566
89175
92161
9605
86895
51884
18916
18376
50697
1740
30043
91565
12021
39978
63135
53579
58184
33462
19203
49971
39660
52837
21939
17550
24454
10801
32799
34911
43501
77614
8866
79717
4290
87076
16082
62710
49996
79537
10115
14361
20644
77557
94659
89113
9633
7867
33911
600
24539
27673
35103
54450
11585
12282
50410
60136
47655
83885
48298
58190
16005
27255
54972
49550
19712
65557
16513
95787
76731
28730
65103
14870
23669
18669
68206
42067
20539
34828
2781
14636
49953
56322
18362
66552
74043
13190
81133
80449
66430
22502
64096
74029
90040
91122
94949
3805
8435
67253
10407
35364
45946
96691
88518
43030
53979
98719
34199
64927
54339
70978
29007
78856
53247
43958
93299
86971
55709
14539
4220
28815
43911
90353
59938
35909
21206
32044
906
34047
14777
83396
43780
58034
36207
972
22092
16251
12570
13677
19539
19883
50525
15808
9756
44896
57205
24706
32139
75940
24520
62585
11668
75255
59436
82884
65695
81137
64036
89232
81218
2418
53422
59975
31092
64899
40278
93858
96509
84365
19074
74114
4863
72552
73694
45103
66888
22742
85481
31136
34625
51598
23277
50626
318
98995
54382
18575
75616
45060
77462
98314
12509
17702
85410
72332
13536
5099
29831
36767
66099
34203
13183
30473
74527
39583
4349
11825
22668
15308
8454
96148
6449
98396
74675
23607
54659
50724
74292
71955
41398
52300
17009
4294
17152
75631
92185
371
95376
10277
17822
76400
6542
70698
31503
34054
74124
87570
37645
45075
2797
55072
40496
16997
90738
76834
94903
74774
55071
21251
58791
19164
54898
64786
85823
76426
77173
98844
88758
19997
48253
90875
79460
24648
2516
4659
77224
15062
65242
23392
2965
37190
41021
32389
41413
66796
28573
90733
23553
57387
39208
61403
7506
63987
92788
72167
50036
6858
24415
15104
10569
13989
69472
28581
11771
5192
48306
84676
80851
95367
85054
42112
53480
35484
70819
46167
81886
80449
31882
43707
19748
17052
2223
10669
20361
80534
64434
64892
95307
42973
87629
78948
74918
70201
89821
16551
48904
62675
11300
39533
10652
74350
81164
39171
34085
27586
36057
1588
32337
31756
44117
69
31549
10004
52409
11684
10211
42065
8801
53279
43214
19890
53725
98344
55918
63429
73771
68943
40729
91815
65396
45679
76629
48411
42739
94552
43587
61043
86496
80565
56322
50236
67482
81197
61389
55364
61620
67122
34503
25232
4657
44399
37474
40141
6230
72276
73541
47205
20129
35
16495
85973
30877
69977
94690
83784
18416
90350
2716
69026
75975
94251
7773
25502
23069
32151
62804
37545
75776
7336
53236
97690
73804
12638
50701
48713
63350
32708
63583
40010
57719
98289
61853
41590
92950
31558
19820
17513
42096
41592
52604
26941
10093
36761
6773
66959
62941
90325
68486
29599
30601
88100
97705
78872
23748
41343
33612
25629
59934
2782
72019
34822
30922
35926
29746
49323
30744
23125
72875
53356
97456
42115
23856
12658
78469
84097
28162
90787
38228
33928
7638
87748
2043
35854
45686
28957
44693
56087
63212
51075
97794
65656
54467
92846
90364
43351
86470
54117
6913
72776
56024
95510
9085
75861
9247
28308
26833
71717
38597
36672
64303
7896
66545
96367
54811
12458
32104
95838
46509
18880
67732
67289
43572
52760
50396
96919
91463
52727
33218
81768
8713
35893
26267
93980
89309
97247
39578
40558
80088
90166
29947
63772
76166
82747
22897
58460
26518
58570
39083
81487
30070
39892
38033
75150
28949
97634
81712
94517
63579
69566
78238
47129
77627
71452
11919
13390
99891
64627
20568
89910
43900
36048
31281
95294
47137
28531
40252
20889
25888
86317
59392
89651
96292
28847
20411
46235
27603
726
31185
95078
97628
9771
20496
79770
22718
15876
55816
55810
98337
28403
64736
60717
22058
76115
39235
89606
48572
86747
28840
53662
85339
45245
84600
42396
66976
12520
18485
94300
65769
34805
58484
23773
5116
57448
25870
64936
61310
65934
90650
96996
55510
51961
53729
73234
35056
72439
6712
5411
67786
5463
51661
76152
71490
75472
99845
76928
37850
9821
62539
90279
22810
61463
82181
48953
17580
72826
70587
62950
86579
61469
87694
39695
52996
25629
56986
41288
84416
15314
77892
72590
54173
83902
93808
94075
66920
24733
31455
5694
33619
39976
76050
6885
77076
66517
40002
39463
83846
67503
57699
19388
3919
84123
33282
91833
45265
35102
83485
41634
88718
74599
52261
52552
16935
30746
30702
86085
24108
98611
99915
36585
7617
72234
1126
19967
15089
89912
54879
72752
1541
45658
50317
80383
24728
23658
56924
8730
38987
66421
28214
41751
76447
74911
95715
76359
85296
14247
63013
94671
23617
25319
66557
44044
75021
98078
68736
9945
72744
35450
81135
60003
31395
12848
78416
27891
78300
84063
24181
63242
25395
66334
27864
46398
42337
52653
18839
20660
16152
54986
19569
42361
13755
65637
20782
28307
33365
12657
83270
99874
83724
30345
88348
44867
90943
28485
28515
76345
17464
70430
5378
58627
1449
13230
42502
22461
52475
59130
72151
40263
97571
15290
19712
35033
83123
22400
52757
67909
9070
59493
47547
64110
20518
42232
45888
52403
66407
41072
65471
2881
26253
41891
56090
74787
71587
13783
96272
30505
43124
10461
86265
81143
24243
19895
63550
63921
33112
85335
81312
15247
76255
95887
21653
33911
41767
339
59145
46417
5305
62766
80896
69748
7065
71824
17140
12254
99467
10650
61178
95594
35066
40340
39422
66053
91306
99842
17352
90244
40522
88508
72654
80372
62541
25865
23250
44791
61354
59536
57941
86899
81967
26131
79934
53630
42196
37425
84895
88451
42097
5131
7985
13465
21937
44494
1956
26117
70152
57707
74536
58167
87068
66734
11665
27532
19924
94674
23514
7147
30114
63254
96319
58491
35849
1750
94057
41159
80703
17538
78402
17739
46565
65262
25008
57340
71633
92186
32363
97933
19460
1328
48424
3065
28292
96102
45821
2496
39251
84672
36371
75145
74871
14140
13489
17433
44449
13982
15085
53251
30712
1371
40164
67888
74675
8991
90044
26186
54563
99035
72238
91296
29728
67830
21127
86721
2169
97228
46884
64261
87629
85871
60293
89885
18738
8369
60380
88387
83203
8645
53461
30998
27499
58826
53255
74669
28971
3822
57428
35420
96277
29690
50926
63683
48068
38267
95684
11205
2629
635
93370
23790
85232
35691
85393
18264
32070
74445
29710
52108
7668
35435
50400
87448
46452
8559
12987
84744
71858
55768
8012
49877
74485
90418
63788
80636
36516
22566
84907
34027
80136
50513
47896
52397
5641
81454
97492
99175
70355
50129
71593
69686
60176
63721
17641
46483
75960
4029
81834
19962
1913
99607
29384
78864
30916
12950
71047
46579
81573
35302
86990
53380
86310
29245
47104
86269
41365
90792
17047
73665
36675
9699
53676
21650
9362
80224
49240
39228
82044
36082
76593
97194
31478
78720
45736
3837
99492
47188
90413
58586
42307
27628
37814
49790
30946
21817
11977
49004
21697
17773
56600
12313
14502
72392
18251
73609
57272
88193
91024
67844
39654
52663
39097
79534
45927
64584
55575
48122
94582
5613
19607
30517
63399
35774
44934
71348
81992
99480
74665
19231
465
8440
19480
22648
10713
9306
43881
29331
92250
43393
95216
37705
55874
84779
68342
67825
83207
61714
77832
59494
65474
27764
39233
19778
2161
61143
62595
53014
68240
20539
84588
88332
81340
49890
75370
63941
144
62292
30190
3527
79127
23876
22408
31980
36319
50528
69710
27507
67201
56806
24034
8144
37339
4838
58875
21772
67154
39351
65563
22398
22470
40456
28808
1556
57814
78435
48697
32887
36555
50053
2775
31226
79144
53122
80052
95146
41275
14406
82999
83689
24991
3701
98587
20647
92283
4030
968
16014
41433
87722
89758
54075
89912
30105
78647
80513
22948
42718
99505
63910
63347
66332
79372
85310
97616
18836
97761
1495
71289
15774
26643
77807
52116
67632
91916
66466
31777
62961
3173
57616
30730
87300
42384
36480
27804
63711
13422
50905
95343
9422
72052
73595
22747
38924
50444
7173
99655
80105
71694
81095
92248
33972
10874
66666
20451
45624
81019
72201
90276
34052
26407
58005
57223
32085
2402
36354
25534
14973
30612
51676
82018
51472
40281
79921
15854
62533
45740
56561
47856
47345
41756
67780
81313
17310
43072
48883
74790
24661
11972
21051
90955
46915
53466
35742
35357
45743
8371
7446
60704
316
87237
64060
20530
65239
57985
43268
52888
90094
52801
20572
8323
35043
79519
52852
59481
70342
57745
5505
89802
32311
55087
96565
25947
49292
10635
98767
75430
51089
69161
11153
14146
44499
31944
96019
56402
15036
48059
43200
53184
91874
25007
24755
86858
19111
74204
37785
19016
85413
65087
4659
43175
37
96897
81024
58094
89722
30692
86825
44643
65309
8791
98149
10898
30602
83745
15581
16226
57355
1022
39247
90461
60539
29229
3554
41860
57861
11433
13703
87280
98562
92754
6278
94497
90234
78860
68270
95485
86010
96887
46548
84864
70157
42087
49769
23570
66986
88934
84489
77477
98164
17492
22634
11333
99280
49755
8111
31591
6674
1432
99028
36475
79545
60209
90190
12622
64103
67210
84087
86226
58583
85775
78121
98925
4881
33613
92979
51287
9441
54264
75796
86908
89433
69584
29255
88904
74241
36792
30907
16386
68972
78770
77539
36583
25840
20381
8883
67043
3338
31554
28895
9679
78437
31454
34243
5863
2425
74089
27760
38839
186
93426
36782
71553
60961
10466
18238
54181
89567
71562
64695
40093
59217
35143
67860
62119
28262
44453
99400
29732
33423
21002
8854
60249
60120
83995
88898
80354
72750
66125
94904
48711
4229
19687
69283
2085
81519
75373
77866
31875
85217
89932
45245
43302
57696
72644
2940
19394
32573
55755
44421
97653
26435
22732
7571
13534
99834
36981
7453
83784
17395
53638
62827
36642
91819
30412
60418
79740
6431
98806
76467
15907
91308
49880
1784
41434
53539
25438
59937
71010
52840
37142
73569
15704
51649
9225
57944
4857
63460
47913
57955
30997
54363
50762
21611
93267
46249
94215
55913
40757
16574
89937
93003
41169
25138
42898
41245
71136
43573
66317
88536
73306
67739
90009
46197
1442
10507
20528
59385
6612
97273
85663
10445
22385
62119
75028
39737
58391
90346
2537
10827
75237
22928
47047
9978
1343
67042
62819
98547
80309
41301
44365
6080
38715
80474
8741
26845
24751
14714
96510
96712
42096
74337
94702
93364
78456
35153
74925
11324
57959
65860
10340
82792
50735
34680
32051
21635
78880
8012
66497
99829
62490
15715
65020
86927
22123
45996
20507
17545
31790
40469
36072
867
37849
46587
55909
33747
31590
71420
69008
57683
7231
45652
64971
92697
34330
10869
93363
56599
70959
71863
91882
52519
79959
75867
74515
69214
73972
29669
54657
29491
40412
23180
39117
58718
57867
21248
36004
14491
49422
42294
23518
51286
54312
62458
60555
22228
98508
78785
50373
67052
20825
61589
81044
61238
98622
88508
60384
8567
5079
59764
85895
19729
64942
27393
38135
8222
98904
54452
15287
51365
89269
39634
10569
39490
87461
51313
76538
77702
14374
73757
76838
31371
92732
17437
11902
35434
921
74798
47688
28172
31715
87323
73716
68532
96215
59797
69424
72260
63051
59031
1341
25189
79757
67470
24917
39768
37263
9374
24787
90258
1591
90825
33596
56882
38918
77857
36409
54890
75103
31151
22444
43510
550
88884
59027
94543
87134
3574
54387
10124
43635
17471
37717
98423
75080
11112
15268
1387
82922
8229
56263
21351
2685
34506
35524
56105
72996
35594
37868
4813
40720
21936
80766
96497
95688
12258
2788
24232
21869
14173
94259
97913
95044
32662
56823
66752
56587
32355
11453
19537
46686
30869
46811
76091
36386
30219
52547
96448
55423
65809
9
64834
84109
28513
37717
79174
89417
34408
9420
76873
89
98663
39455
9326
2617
98415
18807
91618
89463
94637
70274
99509
41986
48120
3772
21007
12909
65909
4245
84260
76340
32878
28556
61720
25053
21981
36498
81399
27973
73849
87431
68791
64137
26613
9007
74891
48770
94114
77620
42545
28171
27705
45369
605
22612
38710
82527
41915
13168
86472
93576
60673
55922
97887
50654
48514
73890
9524
25509
51853
70642
77673
65092
31754
65698
14455
33427
60242
27436
73828
29847
51038
23983
52286
82510
37428
87791
9136
88251
80730
9849
99376
24452
14717
57866
95696
60609
69502
7406
63559
66137
94582
55892
1452
94823
350
64410
44033
53194
9957
78493
49428
53902
21934
40998
25617
87575
82810
29814
43463
4051
99856
91438
83243
71459
78717
19331
3149
41175
32317
39526
10893
54889
72404
48557
15294
92514
24353
67069
78343
64883
38373
49624
36272
81570
8246
54360
2294
26340
9251
44220
14064
59102
30778
50066
66731
92888
27410
16832
39414
40950
37992
85608
64123
17129
50372
26746
45044
66024
22591
46592
69803
81247
3229
87303
27299
57070
55663
57817
24312
61351
20314
17991
71870
11091
66440
75235
61615
62297
20260
60204
73007
2194
90952
54840
20299
40465
80918
57636
23405
44848
97674
54193
99148
939
55116
86124
39613
71951
17847
44237
41516
20468
19127
3664
13256
60948
76978
91370
81465
46691
26814
44236
32739
72981
46762
78945
21239
12363
7198
88595
55002
32557
58887
83254
23387
20384
4243
6045
49687
49452
11012
3687
20560
72304
31818
87675
36400
11257
59047
9752
65319
11162
66827
84594
31553
35026
85820
43387
50735
8254
93837
27229
34927
93652
11122
46094
47273
88623
11281
35797
20207
33203
39159
97311
34505
94720
84314
19960
223
35302
13359
62079
51340
37231
50622
57271
5141
87327
73740
80127
29756
30466
91258
60313
66737
18943
14224
98817
4323
63535
52899
44730
94588
66664
90230
73314
48598
10581
10801
3039
83277
44815
12734
61721
68877
26931
58909
44692
1377
42040
48699
55697
25340
11805
43515
74458
14966
30847
46419
36485
78115
57851
24390
16818
90911
84450
84879
48841
78520
12122
22777
79264
26881
170
74027
78814
65208
52879
74133
50223
54799
62759
82494
89590
14091
29834
76925
75082
8456
76396
83706
13652
80149
2561
50375
99928
97151
7171
17028
41206
87149
24269
61373
18513
46107
26283
13716
44836
31710
5595
64213
79130
17329
1856
789
15634
95228
27237
47788
83431
99689
1849
56976
57563
12512
61278
49000
64599
99884
65348
91962
92178
81033
90659
7365
98673
66530
75843
54850
52514
89861
22538
1240
83764
76427
81808
46127
33882
93727
69259
42585
38216
39783
11023
6578
13957
38055
53813
95056
89650
16235
93544
34876
11930
72292
69538
22095
53044
37082
58723
56848
24133
98497
213
66159
10963
22433
96379
6735
95905
46373
8499
23122
61978
30760
85860
20404
857
25761
410
62682
10871
11489
38484
85350
27137
40135
30632
10408
79280
37892
10923
81527
14674
42236
38073
58085
74515
64846
27066
68686
79038
97481
46669
33043
66425
70040
12405
30733
37621
18056
71361
54100
60718
69825
74829
34579
86847
75343
9544
10313
42437
29686
13895
47181
8359
2676
51477
84025
23557
56174
4592
58388
54751
5341
37719
16419
24102
12190
75213
85502
86457
78830
49853
68024
78269
89044
65881
89042
1803
29734
36071
35605
17030
79318
96169
38876
85755
91557
92954
62455
64367
62078
76142
79085
60954
34507
36254
97641
57784
93814
43845
27733
65665
93480
82952
53855
38056
700
73983
54789
96228
15400
52178
89106
45761
45377
46922
71895
59253
69170
39881
8643
39680
84691
53746
36327
53401
92472
67910
85085
40983
47175
14966
69887
36115
23625
65194
60820
77541
62471
45925
83791
81154
19239
3893
63069
68300
6598
26242
59411
43842
96206
27433
76787
64931
76575
32016
20804
41332
70713
65506
65276
56992
21497
28750
3334
90358
78819
25576
34872
24339
11233
60883
92314
51332
72984
97710
95910
40157
26745
17094
54416
90152
20890
35393
46883
30795
81502
5264
84265
20180
51723
98748
13581
52414
18765
19928
83720
35023
86682
95147
3203
35266
87825
48796
1243
85947
92375
86449
28374
70164
46443
42067
73710
39491
8112
27649
21613
72714
50560
31063
93296
52507
24309
13156
44924
83112
89353
72979
25751
99758
1691
47736
47779
88809
55089
83462
80692
71099
76442
65022
58057
29874
94203
22065
76668
2322
30024
78175
67241
77748
41771
10108
47827
64934
68811
83694
88067
55519
190
42329
97796
23257
33345
40806
12651
66963
24950
43652
22179
38620
95278
84652
21468
81671
7172
11927
47608
14599
92513
5192
35180
12771
56443
31604
15792
77362
96909
7698
80692
51741
3002
1710
93845
2972
49108
75435
3382
22565
27455
65823
51715
20938
46056
76867
21355
62711
71893
66998
51795
70664
69355
35518
71761
15061
86811
3074
42339
80518
47857
5850
29718
75112
89855
75107
79994
15548
59947
34637
93087
68825
59526
62749
83230
15019
79901
53166
95483
41472
43273
24509
89072
83
17820
23296
84000
81814
32790
90199
81179
36017
5890
6524
84719
95175
34582
79833
86391
35978
62364
39379
1386
15597
27611
70408
44992
97433
37975
27812
32908
66764
53338
60190
48301
6134
15498
77973
11275
22152
40
48477
11660
32589
18397
25305
1155
85730
49320
63107
26275
95494
66472
40057
34460
93051
32128
71189
50734
47718
78630
47890
46715
75868
36870
71181
73123
18546
32151
36608
82190
40015
36617
323
8512
69525
62593
59744
60341
14733
30143
53060
35901
10465
27224
15851
58658
99820
13388
21796
18537
99854
58428
34633
13709
96455
64199
14190
49347
59396
72245
38965
71717
86328
86619
48994
17164
24413
20418
13952
34931
72096
64740
51174
58131
57634
46781
74044
62224
13915
43207
90207
76429
79731
56218
75124
51183
46285
73623
94029
73629
28966
97639
74655
34877
78500
92471
80927
73404
25733
28824
74786
22377
14472
15491
76956
89128
3470
77236
27704
12957
14477
86196
51939
5396
64741
55452
98532
5573
71613
9444
23934
27036
87821
1993
16296
71912
25329
30794
36617
96233
41787
82898
55371
14000
33720
8836
79277
56257
37449
41686
32289
75373
84959
64195
13734
11674
84387
80398
5681
61159
43837
17527
83818
9891
72235
79571
69481
55948
92026
64835
8538
10632
89819
11742
81071
8607
42659
11602
58962
6886
97054
55562
55120
75015
62599
75916
20636
96895
3972
23845
7
12586
92669
2855
65262
78312
42592
40399
51956
72534
69663
25294
76130
528
68909
92225
12525
85324
1192
88855
45549
91764
11814
97450
60205
11417
60957
60351
32882
99148
18972
72281
92249
91
31862
43201
46185
51889
17468
10199
87246
21339
44256
43563
73425
14624
91886
85679
20083
17686
26333
4052
33802
96145
82111
5733
67951
91606
17207
32474
9218
76457
59730
22128
5023
26909
40623
94817
34378
82334
21305
60771
18591
76375
78370
33629
48948
78942
55629
42043
61803
77957
22377
63205
71530
51824
8011
38272
36367
35134
80135
92225
4053
98509
39449
49138
22602
38112
265
85612
56574
22839
76038
48293
79828
87593
80196
77042
24800
7474
65080
62111
51499
1855
90307
8573
14099
89206
1204
15593
17397
1186
367
61180
89434
22753
95057
40386
25639
21810
25949
8976
6893
78068
53055
24362
72985
16589
37355
85829
56224
72631
22125
60837
47008
63556
38367
49483
61842
56141
48513
8631
71418
17455
8174
33912
77846
52452
80156
83592
30650
90531
25667
73919
34877
73900
89804
91795
4951
53462
30093
70843
6469
28407
76814
88879
4685
86225
49672
53526
31866
65700
64088
2336
69979
291
18666
13514
86314
18961
62282
29939
45823
11831
69423
89516
51396
94022
71613
9367
29433
49124
62875
53356
4372
4589
79047
54362
54723
48364
16985
45464
52480
43472
84089
37841
46734
42476
20998
66138
95361
77294
68207
60990
8738
21206
23432
45095
36497
7130
74464
12648
83138
37813
83445
4645
20849
35627
60681
37850
87263
96619
93445
15586
5132
1904
93774
68040
50337
712
47935
34477
52226
56288
74604
99462
89588
44948
38026
80303
83567
11090
60386
55811
29739
70061
38072
59760
34907
25569
74426
66420
79540
27309
11460
63376
54242
40050
73309
35312
37550
7855
69414
19911
16570
42421
38222
20475
80665
37204
32131
61572
56208
23403
8866
34830
16164
97317
59279
64706
74930
11122
46836
70060
95440
97946
67110
32034
55281
54115
97849
46641
68139
50310
37595
29960
15617
98372
823
27157
41336
37677
4361
26824
28926
77592
25824
4866
87568
71051
10356
16806
23621
69963
79720
37116
3977
16587
3671
72262
55293
39637
78975
85113
14789
61086
73806
20089
63130
53649
67733
13178
74754
47848
34395
96534
86833
4441
26578
24094
64499
36142
2787
90573
16938
11732
80889
41957
77571
44343
79888
68446
86698
84601
45896
74970
11393
39839
21316
25378
29264
99141
11953
48123
81803
98775
2131
13399
12978
89571
73370
98044
23123
16710
44339
56667
63113
17557
39881
81363
6358
80229
40269
81592
89493
92512
70965
12111
77990
63692
39624
54508
89621
19600
67513
62039
19379
79331
40109
82796
4754
78562
95693
94551
67690
67068
19398
15215
66179
11784
72721
72916
48213
76222
28568
92496
22902
35643
78307
56259
58351
35832
57257
22321
94308
53251
11376
94729
33728
89301
81475
85344
41883
93665
2570
16608
77809
71744
15420
35117
24752
57769
36501
92866
48791
8139
11466
67282
21288
38329
47124
71952
7565
62090
94536
10359
20631
65151
15104
96703
95805
7759
69155
95048
99167
42114
9455
89160
54832
34504
56409
7893
60140
98463
3978
10415
44093
73744
45551
91148
17123
60391
25133
23063
44546
21684
52109
26088
74016
43006
48135
61884
74319
44502
68132
60789
94354
83211
28216
16176
1084
24051
59428
26266
67224
83781
43925
62871
93327
73686
92217
48746
59665
34512
26572
75347
10326
71939
81661
49355
50123
3482
28447
39373
79156
55278
26293
46312
77380
3028
71193
22665
29454
89541
45190
80692
