98265
236
6201
81938
82039
45405
94877
10657
27910
23470
51281
95241
36756
71898
43523
16529
65754
151
49423
67154
69499
77447
69801
99289
94754
37344
32058
14480
95127
36486
29477
99824
36674
19400
25585
2722
82589
24823
97521
56833
96380
96991
9163
74991
34358
90943
13346
68087
67312
81179
71676
63841
13861
8762
83228
22040
60361
68126
50137
60539
97754
45996
2284
67252
97818
39448
76831
49410
75821
19487
53832
49866
88340
76120
90532
80240
54511
91466
85035
78284
88641
60803
95944
79632
91342
20985
35816
48144
77542
2648
29855
80944
73393
29410
35618
79187
73642
74190
29742
1732
