50342
47724
49919
49684
50543
50566
48519
48735
49742
49615
48559
50674
51077
48803
50553
48755
49907
49380
51630
51281
49669
51183
48310
51104
49896
49789
50695
49209
51750
51202
48322
51262
48554
48749
51166
51000
48902
49677
50139
47536
48868
50757
49704
49504
49574
47298
49110
49738
50841
50164
49180
47721
49597
50077
47520
51099
49059
50238
48550
50395
49259
48309
48794
49884
51119
50219
50131
50693
49261
50190
48804
50908
51087
48158
52001
51150
50897
49327
49698
48826
50934
50101
51051
48482
50318
49885
49528
49606
50984
48932
48689
48212
48376
47616
49838
50771
52861
51348
49852
50440
50271
49495
51655
50596
49664
49332
50452
51238
49071
50002
49285
51514
51379
49687
49611
49725
50410
49691
50728
49826
49231
49819
49012
50027
50482
50411
50983
48894
48783
49588
51835
49004
50580
50862
49154
50906
49507
51396
49568
50071
50036
50416
51361
50043
48435
50136
48617
51832
49990
49592
51084
50662
51603
48689
51619
49970
48816
50047
50547
48641
51024
50433
50126
48729
47866
51309
49692
51135
49578
49662
50081
50441
49036
49991
49937
51603
50107
49921
50125
48200
49676
51106
50736
49132
50621
51354
49781
49101
49975
48768
48689
48808
49247
51127
49783
49927
50324
50631
48629
49068
50429
50060
50633
50592
47466
52292
49157
50352
49881
50680
48673
50911
52087
49990
49211
49501
50590
49318
49491
49765
49481
50784
49666
50329
49979
50340
49371
49830
51831
50139
50382
48838
49357
50623
49698
50558
49231
48639
51005
48257
51441
50882
50409
50326
49811
50958
52424
50833
50015
49850
50493
51482
50633
50196
48887
51737
51789
48576
50684
48886
48004
51207
50219
50782
50411
49636
50177
48029
50864
49896
51659
49695
50773
48209
50724
49041
49950
49926
49156
50925
50481
50317
49385
48835
50496
51000
49823
49835
49649
50038
50048
48068
50636
50515
48955
50628
48706
51460
51627
50222
49687
49327
48513
51016
49528
49943
49856
49625
47868
50431
51238
50620
50692
50320
50478
50320
49981
51496
49865
51298
50602
47029
50495
49125
49533
49936
51354
49898
50017
50486
48541
49793
50713
50501
49571
49251
48910
50823
49223
48543
51524
51480
51302
50595
49727
50314
49281
49730
51152
51836
48909
51403
49681
49173
48153
51383
50310
48370
49797
49044
49114
49165
49339
49607
51155
50871
50820
50007
49767
50366
52013
49424
50448
50616
50774
49989
49664
50027
51055
48932
51791
49063
50283
52574
50647
48847
49236
51088
50184
52794
50499
51789
51404
49530
49858
49153
50521
51268
51232
49403
50853
49535
50106
51634
50838
49648
49844
48761
51654
49444
50849
52751
49604
49350
49594
49558
51794
50584
50625
50212
51080
49412
49993
48283
49901
50864
49487
50480
50283
49824
50737
49622
50920
49706
51314
51529
50733
49941
50836
50900
49250
48147
49827
46818
49440
50760
49352
50765
48720
49596
49118
50874
52585
50092
49903
50702
50406
52674
50325
49858
50895
50474
49349
50883
50127
50718
49886
50316
48412
50626
51501
48242
48527
49904
48285
50434
50602
49868
50245
50417
50877
51883
49420
49134
50544
49716
49079
49071
49114
49767
47991
50580
51581
49330
50633
49674
50940
49722
50008
49819
49753
48141
50661
49862
52231
49051
50707
50001
49023
49436
50428
50451
49200
53002
48946
50840
49436
49252
50787
49859
48952
49550
50172
49945
49768
49090
50061
49240
48759
50356
51104
50103
50128
51429
50363
52202
50020
49879
49403
49264
51259
49091
50468
49807
50330
49785
51586
50800
49234
49339
50978
48910
50013
50071
50485
48641
50016
51541
48448
49482
49537
50401
50219
50269
49488
49564
49761
49069
50946
49201
49452
51366
50597
48491
51561
50740
50519
48342
50605
50907
47267
48613
48540
50445
51128
51021
49688
50100
48887
50954
49673
51302
48788
50212
50899
49055
51464
50850
49798
50484
50272
50403
49193
48831
50114
49567
50333
49990
51241
50863
49269
47837
50090
49554
49105
50859
49306
52035
49881
47958
51114
49573
49704
51231
50883
50303
49139
51013
50162
48828
50335
48446
48727
48737
50347
50116
49110
51084
49198
49630
47409
49998
51374
50054
51263
49762
50053
48843
47690
51428
48104
48923
48586
50562
49042
49782
48783
49769
48157
48813
50400
48856
52792
49129
49704
51459
49435
50319
51038
50783
49335
48501
49554
49199
51250
50139
51481
49848
48669
51018
49385
48383
51281
50802
50052
48650
50444
48942
52122
51727
49872
50189
51195
48516
51879
50208
49593
50117
51883
47925
49535
48784
50145
49531
50858
49918
51339
49645
50960
48802
50073
50131
50553
52055
49366
51320
48695
50109
49641
48316
50045
51667
50500
49374
50372
50442
49841
49403
49090
50912
49104
50938
49448
49345
50134
49856
47408
48927
50182
49216
49648
49901
50693
51066
50011
48541
48874
49733
50084
49009
49822
50568
49154
48755
50160
49639
47723
51932
51802
50224
50121
50881
49683
48915
48957
49547
50937
50336
50163
50368
50142
48907
48372
51048
50598
51786
49866
49692
52593
52972
50132
51204
51696
49260
50750
49459
49762
49683
49530
50609
49295
50527
50078
48066
50006
51325
49630
49295
50718
48947
48739
50026
50705
49066
49814
49835
48725
51112
49984
50778
49127
51132
49130
49915
50504
49609
50932
48794
49130
50089
50971
49359
50182
50127
49608
50329
52016
48381
50096
49404
50736
51510
47457
51871
49160
49123
48664
49984
50349
49862
50788
49720
49570
51377
50847
49749
49986
51793
49764
51410
51222
49510
50010
51282
49049
48487
49434
51324
49675
48449
49379
49148
49897
49688
48628
50083
48167
51378
49695
50055
49481
51088
49321
48320
49682
49530
50841
50870
49615
48883
49479
48089
50927
50829
48840
50018
49303
49671
50973
50365
49640
49003
50337
51716
51136
50487
49031
50561
50592
49350
49999
50707
50520
49851
48233
51256
50882
50729
50850
48629
50332
49621
49160
48995
51216
48590
50257
50337
50429
50737
51218
51226
49624
50705
50958
47996
50079
50747
49834
50152
50909
48477
50188
49990
48772
48688
49661
49224
50385
49478
50640
50442
49955
49723
52141
49431
50884
50455
49232
49265
48857
50031
50391
49029
50656
49413
49624
49948
48739
49964
47997
49509
51746
49338
51439
50347
50220
50481
50916
48513
48872
49410
51574
51768
49367
49698
49530
50227
49882
51209
51589
48979
50771
49512
51006
49755
50189
50880
50750
51419
52212
49941
51199
50526
52185
51061
48766
48234
51002
48857
