50243
50086
51055
50715
50286
52071
50896
49406
51763
48550
50426
51376
49492
50166
51182
52225
49115
51404
50624
50637
50064
50257
50885
49988
49671
50881
48641
49731
48267
50731
49898
48731
50003
51287
49788
49786
50768
48630
48551
48188
50622
50111
49649
49142
47714
50589
49450
50258
50543
50163
49271
49551
50673
49829
50545
49790
51022
49763
49064
49332
49669
51484
49065
50962
50842
49198
48687
49852
49947
49899
49480
49647
48838
50272
49733
51072
49413
50452
49367
48321
49070
48330
49909
49635
49008
48612
50486
49855
50672
49643
48057
50409
49137
49771
50951
49203
49211
49233
49393
50106
49873
49546
49118
50248
50084
48979
51563
48279
49749
49872
49360
50268
52062
49594
52490
49454
47460
49767
50577
50845
50494
49656
49495
49052
49883
51084
50750
49079
51797
49318
50323
50102
51341
50441
50847
51561
48784
49278
50377
46908
50421
49470
50776
50299
50140
50206
49723
50686
48871
50974
48529
50386
48925
50186
50320
51160
49994
51347
49972
50104
50492
49403
50903
51132
48666
50192
50211
50348
49585
50490
50285
49350
49712
52265
49542
49765
49015
49610
49218
49408
49294
49710
50568
47399
49738
50521
50144
49260
50542
50738
51155
50540
51818
50450
47815
49888
50726
48374
48240
50647
48922
49045
48444
49700
49109
50869
51399
48903
50895
49947
51901
49618
48434
48420
49882
48267
48223
51257
50136
49482
50013
49137
49748
52309
52419
49636
50709
48592
50985
50705
49891
49238
50220
51013
51094
48655
49955
50450
48844
50030
49860
49230
49779
49981
49188
51082
49540
50074
51609
51479
49223
49913
49358
48161
50259
49049
50082
50234
48693
48246
49847
50619
48765
48870
49333
47792
50347
49727
49065
50054
49628
49245
49118
49856
49477
51097
50409
49636
48437
50405
49869
48580
48654
49557
48844
50654
51341
49524
50788
49971
50678
49910
50541
50984
50185
49740
49777
50911
50838
51082
50573
49066
49395
48590
49268
50785
49944
49995
49997
50731
50530
50787
51241
50150
50268
51408
51498
49031
49790
50319
50077
48621
49159
49709
49564
50999
51153
48774
50542
50644
51826
50002
50140
50054
50182
50921
51007
49934
51489
51147
51237
50646
51287
50617
49178
49380
50838
49438
52111
51630
49271
49381
50184
49024
48919
50874
49783
49407
50801
49601
50265
49806
51963
49494
49248
50223
51841
49629
49291
50093
49823
49430
49762
49450
48966
49357
50686
49074
52495
49232
51993
49839
50019
49348
50287
51234
50228
50635
49785
51933
49592
50268
49965
50228
49786
47365
51231
50292
50365
50439
49634
50850
50504
49127
48358
49529
49199
48009
49523
49798
50280
52401
51822
49777
51178
51059
52550
50748
50851
50595
49788
51136
48678
49617
51352
49991
49991
50316
49234
49426
48862
50491
50905
51073
50234
48967
49597
51668
49312
49808
50728
48950
49612
50198
50496
48819
50554
49352
50017
49307
50689
48663
49382
50316
48327
49605
51084
49682
49602
51147
50168
50431
51023
49415
51006
49459
49217
49358
50717
50735
49890
49484
49646
49814
49711
48500
49765
48077
49655
49541
51768
51267
50733
50192
51125
49510
50135
47522
49870
49154
52587
50097
49758
49021
48767
49966
48894
49773
50373
50659
50173
50866
49981
50190
51980
49528
47601
50634
49916
47992
51376
51804
50067
49177
49303
49103
50229
50241
51154
48986
50671
49917
49498
50625
49708
51092
49930
49890
50590
51789
49664
50291
50296
51875
49789
50557
50717
50580
48591
48849
51460
49972
47722
51693
49573
48119
49428
48566
48386
51607
49176
50934
52477
51046
50563
49824
51325
48170
50504
49898
51257
51190
50264
48524
51082
49624
50874
51245
50031
50392
48845
49509
49770
49945
50977
49275
50435
50913
49168
52092
49623
49279
50810
48773
48757
49327
49172
48528
48658
50957
51585
49318
49143
50968
48619
50323
50659
48900
50696
48851
49523
48456
52057
49905
50973
50192
49697
48799
50080
49754
50197
50502
49309
49639
48387
50655
49198
50950
49768
49740
49259
50899
50628
49968
50297
51786
48871
49906
51651
50116
50221
49974
50398
51075
51096
50088
49885
50231
49304
48750
52136
50507
47848
49510
50861
49436
51431
51038
48154
49849
51219
51855
48836
49023
50357
48033
51250
50801
48834
50617
49865
49689
50758
50394
49851
51485
51508
50842
49789
48497
48865
49538
50186
49766
49409
50903
49487
50405
49812
51869
48115
50150
50745
50167
50954
49263
48804
49280
49815
50744
49170
51163
50040
49310
50124
47927
49641
49865
49650
49747
49603
50431
48695
51086
50336
50476
50474
49304
49170
50002
49140
50637
49323
49762
49507
49620
50316
52000
50826
50052
49711
50251
51450
49999
51160
49620
50121
49913
50533
50903
49231
51322
48783
50191
50569
49387
51154
50373
51323
48913
49659
49140
50574
52643
48554
51842
50489
50022
49667
49616
50139
49643
49521
48337
50055
49662
50153
49090
49567
48859
50730
49314
49877
50665
49854
48688
49845
49702
51642
50488
49998
50069
49126
50787
49679
50093
50519
50992
49004
50018
51809
50143
51777
49708
50178
51197
48364
48902
50713
51679
50755
49820
50790
49665
50732
48839
49821
50455
50938
49828
50381
50032
50965
49531
49889
49050
49067
48513
50578
49552
50270
48873
48147
50952
49981
49002
48998
51849
48584
49245
49916
49649
48712
50613
51336
49593
50256
49371
50143
49427
48726
51793
49277
49388
48482
49579
51284
49985
47825
49674
49970
49436
49650
51514
51006
50586
50025
49106
50710
51871
49539
50006
49640
50327
50387
50212
48944
50601
51464
52073
50500
49597
50594
50221
49557
50174
50021
49421
49072
49821
51066
49570
47770
52225
50705
50260
48986
51672
49131
50007
49436
49735
48722
50746
49987
49359
49677
50399
49150
49994
48848
49929
50437
49643
50160
48967
49990
48806
51122
49248
50832
50798
50425
49888
50435
51723
48899
49322
48752
52146
50002
49726
50575
49906
51643
49366
51768
48851
50902
49436
50331
49254
49092
49280
51269
51124
48600
50042
47747
49497
49128
49644
51095
48264
50664
50084
50091
49686
49505
48615
49083
49394
48862
50484
51760
50068
49128
50580
49587
50807
48856
51417
48742
50254
49332
49574
52370
48936
49105
49012
49775
49579
48783
50477
50282
48578
49904
49183
50717
50531
48793
50277
49457
48262
49467
49392
50530
48942
50274
50734
51428
50129
49641
50704
50490
49994
50337
50388
50408
50955
48600
49492
50845
50392
51087
49843
50764
49857
47702
49741
