48872
51208
50205
48340
50452
50388
49918
49324
49774
51574
49736
48047
49532
50726
48836
50482
50296
48559
50980
49119
51599
49571
49135
49983
50747
50309
50108
50451
49998
50115
49874
49312
50781
50719
49785
49236
48849
51336
50548
50375
49350
50657
50134
51118
49347
50936
48611
49460
50994
49177
51389
50879
50299
50574
50836
49250
50641
48973
50635
47794
50849
51369
50774
49906
50526
50606
52307
49438
51313
49626
50456
50484
48434
48106
49437
49177
50292
51085
51354
49690
50457
49914
50295
49925
51809
50176
49041
51532
51377
51568
49846
51759
48780
49239
49946
49320
50196
48366
50674
50219
50830
49612
49928
49370
50926
49398
51297
51645
49676
50276
50076
50462
49121
51718
50577
48369
48097
51053
48441
49857
49517
47939
49031
48605
50127
51057
50090
49762
49736
49815
49678
49343
50665
48945
49489
50555
51069
49146
49744
50639
49176
49671
50041
49726
50333
50589
50706
49769
50561
49751
50502
50486
49110
50611
50787
51098
50024
49615
50547
48788
47822
49507
48098
50520
49261
49110
50031
51587
50942
52471
50211
50232
51385
50281
49075
50700
51017
50760
50297
48810
48740
50102
50955
49841
50351
49771
49748
49546
50341
47838
48182
51281
48569
49672
51652
50166
50082
49528
49498
48588
51092
49024
48663
49939
49335
49065
49991
50971
50455
50020
49742
51202
49805
50004
49386
50879
48749
50783
50089
49658
48272
50234
48458
51280
50471
49300
49667
51592
48818
50263
49492
49086
51039
48982
49738
50359
49591
49745
49286
50235
49670
49850
48217
48932
49691
50863
50907
49791
51705
50157
51274
49495
49403
49663
51042
51269
50952
49300
49504
51092
50506
52373
50614
50740
47941
49493
50389
49023
49573
50771
49806
49487
50863
51757
50239
49721
50519
49823
51601
49491
50138
49570
51427
51453
49982
50571
49810
48545
51884
50684
50394
51066
51211
50974
48819
48482
50194
49903
51285
49811
50886
48287
49104
49300
50779
49131
49849
51056
51037
52339
50338
48741
50792
50111
51662
50067
48989
52143
49724
50212
49108
47156
49167
49782
48349
50564
48714
51165
51122
49470
49951
47946
48651
50784
49690
49726
50625
50200
50082
48837
49678
48644
51103
49757
51193
49109
50456
51627
50662
51316
49913
49068
51209
50674
49128
49468
49521
49627
51320
48563
50094
50578
48959
52437
51369
50632
49119
51245
49350
50013
50969
49254
50472
49521
50059
48628
49232
51114
49610
50230
50644
49494
50246
52045
48878
50002
50061
49885
49011
49656
48992
47939
49331
51592
50745
50874
49053
51625
48389
50698
49776
50841
50493
50612
48874
50136
50428
48652
51683
48104
49544
50884
49936
48842
50095
52033
50406
48598
51191
50553
50412
49193
48728
49666
49158
49230
50002
48571
50884
51762
50565
49146
49763
51990
51152
51668
48594
51223
50994
50573
49493
50557
51256
50122
50254
50392
50226
50282
48901
47957
49813
50574
52068
49054
49425
51013
49019
50571
49495
51261
50285
49416
48358
49521
48711
50598
49844
49589
48808
49322
49640
51141
50162
50612
47498
50467
51633
50396
49915
49762
50505
49437
49971
48574
49140
49649
50721
49543
49950
50379
49293
50853
48796
50385
50181
50245
49852
50513
49491
50576
50728
49702
48651
48795
48475
48726
49076
50257
50707
48322
48771
50243
51487
48329
51355
51195
48362
51014
48731
50436
50268
49641
51908
48433
49164
51026
48396
49709
49978
47853
53265
50053
49422
48407
50434
50524
51160
50036
51284
50538
50771
49576
50253
49308
48917
51129
50887
50378
52214
50319
50460
49317
49531
51193
50527
51555
50862
49577
50344
49036
51608
50575
48890
50240
50595
50447
51167
51888
49485
50588
49097
50759
48202
51175
48427
49494
49612
50813
48424
50271
49971
51120
49442
50870
49944
49412
48765
49854
48164
49568
50189
48229
51046
51183
49244
48816
49759
49107
49049
51418
50336
49454
49924
49262
49794
49453
50013
49170
49410
49531
49503
48673
49392
50782
49627
47929
49581
52218
51979
48683
49578
49276
48680
49531
49106
49839
50819
48316
50339
49077
49628
53093
47423
50248
49482
49946
49166
50812
50020
50215
48506
50398
50043
48339
50734
52054
50339
49377
49773
50710
49713
47884
49775
50545
50828
51598
51950
49136
49766
48631
49244
49723
50279
49079
51082
49022
51014
50154
51461
49990
50669
50120
50182
49988
50774
49136
49228
52208
51183
50375
49126
48018
50103
50526
50654
49671
50029
49238
50434
51538
50904
49011
51337
49810
49882
49532
50699
50609
50205
50059
51623
50141
50152
48439
47328
51773
48698
48510
51085
50990
50049
49730
50021
50090
49113
48874
48955
50326
49014
48555
50756
50312
50302
52655
50157
48792
50151
49246
49056
50177
50108
51875
49311
48162
51554
49934
50209
52473
49374
50098
50241
49687
49015
49284
49209
51775
48887
50125
50393
49947
50024
49680
51537
50787
48449
49659
50536
50944
48756
51335
49760
49194
49890
52176
48159
50587
51381
50458
48894
48302
50755
50133
49393
51133
50520
51513
49556
49642
51415
50426
51252
47468
48004
48361
50142
49542
49049
48942
50109
50098
51123
52121
50284
49118
50638
51107
51659
48921
49600
49788
48647
48610
49754
51352
50265
50475
49509
48726
48957
51117
49452
48758
50308
50978
50186
49371
50928
51519
50765
49707
48588
50083
48775
48512
50373
50904
49603
48908
49713
52197
48278
50427
49780
50245
52048
49490
50400
49406
50288
49626
49674
51137
49160
49619
49803
49351
50712
48697
49006
49490
51578
50189
49047
49715
50034
48803
50731
48852
48346
49802
50380
49620
48588
49804
48398
50769
52742
49461
49792
49209
47368
48253
50105
51173
49696
48749
49414
49475
49955
49751
49321
51150
51454
49180
50839
50586
48321
50675
48310
50766
50618
50790
50743
49926
48815
49296
47183
51808
49437
50207
48388
49455
50054
51025
49414
52287
51028
47904
49839
49044
49764
49963
50887
50735
47494
48944
48112
49211
48010
51025
50344
49776
49252
51606
50669
49671
50596
47719
47984
47966
50257
49967
49958
50944
49230
48681
49298
49836
50024
50782
48928
51270
49647
51001
52514
51490
50354
51842
50770
49268
49434
50448
51379
49501
50437
49319
50492
49701
51987
50008
49969
49145
48275
51747
50448
50245
50723
51307
49189
50398
50418
47921
50250
50101
50299
49721
50137
50390
49919
49168
50028
50279
50506
49641
49799
49150
49512
48831
49741
48304
50318
50078
48094
49600
51364
50330
50210
50968
50876
49190
51300
47920
49187
49974
49134
49996
50817
50207
51267
49004
50497
51933
50921
50835
49048
48552
51064
49833
50724
51063
50138
51515
51172
49398
49155
51816
49725
51725
49391
48919
50734
50671
50549
50226
48413
50061
49749
48471
49497
48552
52461
50442
51929
48847
49788
50192
49045
48277
50354
49503
50948
50862
49364
50561
51135
50418
48520
49356
48752
49914
50252
48720
51906
50108
49485
51076
50942
49312
47872
51581
50541
49217
49646
52145
49813
49097
48813
50153
50648
50088
49402
50144
48865
48714
48606
50382
49725
49643
48840
51417
49290
50456
49737
49809
49898
48737
47660
50967
50781
50096
51902
50848
50877
51562
48175
48994
49596
50927
50056
52227
49923
49759
50217
50341
51386
49406
50529
49441
49051
49467
49845
49837
49487
49501
51169
50943
52041
49749
49248
51326
51559
49792
49682
49271
49736
51152
50957
49744
50763
51628
51750
51397
51435
49984
48884
48088
52839
51003
51091
48945
51074
51344
48718
48098
48368
51081
49526
50124
49687
50910
48552
50221
50812
50976
48150
48712
50737
49867
50067
48681
50854
49319
50103
51620
50162
50706
49309
48629
49575
49863
49563
49589
48594
51258
50688
50323
49007
50625
50791
50271
49852
50758
50174
49497
50305
49421
50811
50303
49584
52520
48043
50018
51621
49458
47823
50088
48971
49032
48943
51068
48123
50907
49705
50274
50812
50248
48317
50305
50395
49114
47993
48695
47327
49518
48606
50316
50708
49882
51319
49519
49032
48793
48842
49035
50482
49505
49514
51200
51148
51229
51322
50139
49994
49233
51037
51618
50696
51018
49806
50266
49523
50223
49904
52096
48982
49807
50144
49281
50421
49666
51921
51291
50155
49884
52565
51416
48484
49647
49004
50274
52819
51993
50696
51506
51404
50182
49046
50401
48528
50648
53130
49493
49557
50721
51138
50319
49784
50942
49694
51082
50801
50947
48306
50601
51216
51750
50768
49397
48686
50014
49654
48917
49627
49611
51582
49994
50250
48510
49575
49965
50294
49910
50494
50728
49273
49832
48912
49450
48571
48824
51831
51670
49675
49297
50601
50871
48848
49443
49212
50975
49772
50202
51797
51491
50296
47664
49256
49356
50791
48918
50139
49531
50141
48978
50717
47528
50051
51361
50389
49670
49008
49519
48818
50242
49927
51775
49971
48785
50461
50106
47635
50345
49495
48092
49772
50941
50525
51428
49531
49375
49665
48838
50712
48882
47367
50829
50237
49858
49548
50355
48411
50723
49762
50118
50969
48714
51535
49965
47591
49004
50876
50427
49771
49692
50606
49684
49850
50313
49165
50384
50462
50286
49845
50221
51732
50057
49487
51057
49683
49867
49639
48380
48373
49432
51171
50506
49931
49132
49768
50028
51483
47422
49917
49800
48753
50135
50563
49200
50505
48599
48936
49649
48912
50171
48961
49807
48781
49966
49547
48688
51083
51071
48971
50167
50054
49135
50722
49442
49309
48179
50843
47806
49658
51837
49958
50524
50106
50079
49796
49741
48169
50475
49997
49702
50278
51194
50129
50291
51361
49663
50010
49255
51131
49444
49610
50454
50039
49143
51728
50254
50665
51209
50607
50337
49094
51153
50115
49786
51815
50773
50846
51659
52338
50657
49855
49875
51539
50882
50687
48271
49755
49033
48582
50457
50137
51717
48358
50780
49695
52507
52005
48720
49934
48683
49148
49429
53249
51000
52061
50592
49351
50173
50341
51352
49180
49080
49434
50859
49680
49460
50066
50034
50224
50333
51537
49906
49688
49866
50007
49297
49982
49913
49955
50146
51830
51156
50591
48130
51644
48995
50698
49905
51257
49977
51412
50083
49918
48499
50427
51411
51242
49380
50237
50162
50980
52252
48118
48352
50711
49931
49376
49728
49289
50484
50318
49704
50494
51593
52122
50138
50849
50747
51582
50010
48589
51990
48392
50688
49625
51440
49654
50952
50047
49757
49520
50507
49575
51607
50331
49980
48780
49558
51190
50376
50768
48910
51331
49063
49354
49019
50134
50518
49301
50787
50065
49521
49303
50818
50585
49372
50087
50865
50651
50697
49910
50579
50441
48396
50583
49114
51637
51387
51297
48854
48053
51724
50302
49877
49342
51154
49738
51541
50391
49091
50511
50365
53044
49115
50022
51089
50740
49978
49223
49980
49294
48952
48589
50975
51646
50630
48376
51295
50567
49785
50177
51010
48889
49548
49973
51062
49848
50382
49865
50994
50010
49625
51702
49844
49992
48791
50457
49960
49887
51132
50723
51403
49485
50492
48673
50237
51043
51548
49021
50648
50601
52757
49402
48686
52420
49096
50248
51227
49993
48995
48819
50039
50468
50268
49965
49465
49658
51536
49678
49755
48900
50462
48200
48985
49952
47694
49857
49782
49760
50284
50058
50098
49291
49753
49477
50251
50562
49400
50681
50837
49669
50896
50231
49211
49480
48607
47320
50608
49668
49106
50615
49960
50277
49939
48831
51652
52467
48685
51271
49482
49185
50423
51161
49305
49891
51489
49443
49125
50158
48874
48996
49171
50467
48983
48919
50527
48386
50640
49244
50293
49935
49546
48909
49457
49978
48332
49849
49814
48445
50263
50414
50441
49921
51524
48712
49260
51790
49496
48730
49331
50222
50319
49994
51650
49831
48563
49704
49108
51582
48872
50645
49782
50018
50661
50436
52901
50712
50000
51308
50291
48794
49448
51099
50645
50374
51718
49972
49878
49770
51052
48985
49517
50752
49586
51848
50679
50216
49982
49814
49092
48146
51179
49928
48551
51093
49488
48952
48541
51506
50487
51712
49909
48519
49312
48879
50257
49711
50571
49613
49678
49805
48875
52364
50683
49028
51696
52059
50964
49366
48288
50156
50275
48964
50664
49079
51054
50918
48510
50300
50030
51206
49170
50533
49143
51364
51196
50218
50318
49345
49738
50446
50407
49323
50548
50523
48874
51152
51870
50366
51874
49431
51934
50296
48837
49237
50602
50801
49895
50096
50866
49362
50310
50341
50405
51918
50480
48751
52549
50650
49274
51123
49818
51022
51163
49762
51286
51487
49470
49566
49175
49233
50216
49669
50639
50524
49062
50734
50434
49140
48439
51448
50438
51285
47775
50638
49314
50272
48814
49325
50095
48981
50195
49341
50163
50975
49120
50729
49221
48220
51304
50344
48299
49222
51493
51143
49643
51630
50952
49957
50925
50100
50019
50173
48657
52129
50662
50944
49840
51248
48261
49444
49725
49498
48486
48453
51242
51728
49682
49460
48197
50766
50331
48800
51885
51807
48149
49326
49812
49642
48550
50448
49944
51688
50423
49048
50993
49032
50720
48687
48852
50098
51164
47975
49431
50724
48934
50911
48805
51283
50872
50288
49749
51629
51329
50245
49375
50803
51675
49759
49988
49598
49151
50037
48641
48161
49392
49289
49954
49960
51692
48698
52374
49553
51152
50748
50233
48532
50070
51441
49170
51134
49274
50673
49004
49781
49376
52109
50376
49829
49860
49851
49483
49776
49835
49795
50180
50013
50098
48892
49913
49982
50141
48996
50315
49853
50419
49546
50481
50973
50437
50487
49617
48153
51726
49013
49410
50669
50092
50169
49736
49800
51033
50326
48638
50296
50294
49395
48749
49123
50962
49783
48384
51464
49795
49859
48857
50688
49287
50283
49241
50955
48729
48739
48347
49928
50034
50534
50622
50744
49388
49525
50303
48943
51245
48494
49961
50107
50371
49822
49020
50079
50575
50721
49115
49268
49642
48956
51951
50673
50856
49718
48505
50301
49356
50461
50630
49030
50864
50416
50928
49277
51779
49933
50950
47661
50812
48643
50151
49573
50760
50600
49921
50068
51631
48550
50381
48739
51456
50139
48824
50359
50945
49990
50652
51838
50675
47830
50446
49153
49001
51607
51456
51431
50035
50360
49464
51816
49589
50338
49266
49883
48369
50155
48275
50924
49565
51412
49671
51605
49435
48795
48193
49982
49761
50460
51303
49958
50690
47710
49216
51745
49876
49055
50280
48411
48375
49834
50879
49004
50116
50853
49459
47211
50088
49413
49746
49875
51447
50153
50886
49487
49760
50455
50436
48607
50726
49826
48727
49813
48986
51216
49370
50445
50340
49850
50328
53212
48573
49480
51221
48969
48727
50553
48188
50347
51357
48941
50093
50204
49100
50816
51392
51198
49136
51894
50356
49148
49747
49646
50970
48703
49834
48549
50728
48862
51650
50453
49621
50528
49227
49991
50785
49806
49315
49943
48358
51672
50789
49854
48916
49896
49250
50785
50870
48554
50817
50160
50613
48809
49367
49498
50377
49678
50041
49346
51009
48595
50513
52704
49910
50425
50898
50303
48546
50035
50074
50267
50070
49782
51361
50298
48569
49229
48247
49214
50317
49196
48827
50917
50998
51465
49090
49645
50750
49071
51129
48546
49572
48461
50466
49110
49716
50335
50367
51143
50554
50900
49502
51419
51161
50742
51733
50257
52504
48661
51083
49888
48759
51343
49599
48823
48620
50142
50804
49647
48770
49332
50628
51110
49654
48697
49024
51121
48847
50978
50966
50173
49138
50658
51412
51774
50653
49740
49328
52804
49590
51411
51141
49580
50649
52168
48634
50926
50412
50612
50221
49729
52975
48441
50097
50045
50373
49301
49618
50511
51144
51063
50164
51227
51369
49551
49213
48389
51163
50507
50593
50340
49986
50022
49645
51222
49253
48966
47177
47735
50054
51092
48448
48706
49950
48603
50566
50763
48910
50940
51342
48890
50604
49878
50245
51498
47648
51022
48362
49234
50861
48879
47690
52848
49891
49367
50203
49716
50136
50056
50070
50815
48557
51107
50266
49717
51151
51347
49654
48627
49246
48349
51550
49943
49287
49307
52286
51377
50643
50174
50835
50528
49686
48971
50300
49215
49586
49060
50646
49265
49978
49615
52895
50134
50929
49546
49191
51033
49985
50162
50451
51126
50293
50579
50034
50462
49374
48030
48445
50778
50756
52879
50545
50662
50138
49487
51480
49512
51340
49606
50734
49918
51511
49114
50496
50872
49726
49841
49629
51244
50586
50933
50177
51476
50215
49981
50866
49777
49461
48871
50892
50595
50246
50942
48103
49570
50444
49834
49204
49169
49586
50634
49726
50803
49273
50023
51784
48296
50426
50050
49915
51192
49618
51256
50792
50361
51284
49384
50672
50136
51424
50809
49290
48484
49668
50395
48112
48548
49729
49555
50665
50181
51322
51446
50114
48089
51067
50695
50110
50717
51282
48925
51494
49175
50835
49796
49186
51353
52020
49817
50051
51589
49181
51285
50884
49684
52912
48769
49165
48800
50001
50900
49404
49238
49570
50474
49547
49296
51224
49391
48410
49439
51822
50278
49054
51812
50757
49959
50559
50234
49945
50365
50821
51235
50715
49394
50075
50775
50338
50237
50908
51897
49972
50017
50108
49938
47027
50532
50036
49829
49471
49089
49700
49486
51919
49525
51109
49071
49189
49937
50647
49739
49400
49100
50315
48425
49381
50763
50152
49489
50998
49770
49847
49934
50235
50680
49933
51539
51054
49330
49158
47822
49910
50243
49795
48652
50517
48594
49338
46326
49763
49918
48708
51444
49343
49292
50096
48493
49879
51143
49652
49662
49677
50104
50172
51739
49458
48995
47723
49638
51478
49679
49742
48905
50204
48957
49591
49597
51066
49345
50031
50043
50816
50472
48986
48749
50626
50149
50807
49405
49604
50110
50562
49515
50492
52024
50263
51288
48071
50488
51028
49804
51519
49175
49404
49021
47727
49368
50767
49152
50886
50367
52199
51956
49828
48765
49254
49561
49824
50047
49872
49455
49958
50445
50863
49158
50379
49570
49786
50831
50322
50707
50241
51083
48805
49596
49350
51708
48722
49798
49985
49355
50920
49835
52883
49428
50137
50934
49060
50925
52080
50907
49116
49287
52119
49420
50933
50858
52039
48300
52588
49305
50424
50279
50492
51167
50413
50373
48400
50380
49587
50684
51195
51184
50222
50118
47743
48980
48576
52010
49572
49957
50233
48225
51535
49422
49830
48631
50884
49980
49794
48900
50134
48515
49435
51768
51001
49872
48667
48389
51159
51081
50395
50788
48801
50863
50351
49319
51029
50686
49000
47323
51171
49920
49851
50214
50690
50222
47991
49842
51594
49352
48616
49707
50487
50344
51076
48362
50199
49942
50168
50688
49964
48478
50145
50661
47714
50055
49845
51112
50443
51087
49000
49707
50603
49608
50287
50949
50018
49201
50549
50234
48894
50141
50322
50942
50472
50238
49190
51412
50408
50518
49462
51235
52045
48246
48528
50720
51356
50115
47895
49435
50921
49892
48554
50699
48935
50996
51251
50479
50167
50423
52194
49430
50558
48947
51909
50304
49569
48348
49429
49026
48451
50127
49993
50747
51225
50142
50173
49794
50220
49758
49827
49881
51383
49399
50030
50950
49936
50869
49487
50417
48895
50695
50284
50122
50325
47482
49985
49579
49937
49084
49911
50017
49822
49670
50608
49465
50131
49549
50433
51231
50787
49794
50644
50145
50369
49148
51075
48614
48762
50042
49703
50267
49767
50307
51254
48007
50217
50669
49236
51272
48704
49300
50659
49761
50057
50207
49618
49856
49273
48835
50514
48798
50949
52199
48982
49612
49843
50846
49200
50464
48690
48445
48568
50540
49685
49625
50308
50444
49135
48138
47050
49530
50449
50518
51099
48398
50204
49503
49609
49293
50510
51576
49248
51759
48730
49835
50416
51339
50576
52286
49405
51007
51533
49059
50675
51403
49079
49333
50138
50370
49075
49988
49847
51550
50917
49789
50445
50740
48983
50053
51558
50580
47194
50018
50283
49402
50597
50516
48452
49687
49619
49657
52053
50527
50955
49466
49876
50084
50306
49324
49382
51464
48952
51722
49026
49195
51027
49484
50302
49318
49209
49716
49253
49062
48588
51556
50847
49243
47512
50780
49712
49607
49572
50810
49706
49123
49301
49362
49716
48864
49395
49559
49824
49924
49873
48512
51066
51798
50721
49986
50420
48717
49510
50860
49946
48538
48875
49871
50632
52023
48760
49514
50090
49390
50124
50219
50204
49195
49664
49865
50047
50481
49408
48961
52685
49587
48922
48847
48777
49806
50954
51209
49563
49406
50289
48863
50108
49732
50459
48253
48290
50257
50915
50698
48678
50649
53685
49377
52418
50711
49088
51174
50640
50432
49869
50427
50563
49363
49327
48731
47834
49228
48928
50809
47978
49938
48920
50625
47952
49734
50366
50660
51233
49204
50683
50054
49877
48472
50559
50081
50887
49642
51986
50432
49471
49100
48239
50392
50762
48669
48566
49829
49459
49454
50412
49458
48212
49907
50382
49700
49488
49586
48944
49531
49521
49749
50151
50356
48973
48568
49577
48610
50129
50373
49383
50026
48516
51887
48821
48560
50713
50384
49692
51202
50540
50248
48641
50143
48204
50636
48727
49265
50608
50372
49452
49982
50232
50814
50965
50045
50831
49799
47669
49087
52107
50363
50257
49435
49609
50162
49684
51245
48790
50030
48336
50144
50228
48513
50133
49200
47522
50805
51487
50167
50138
49038
50031
50526
50769
50651
50115
49228
48665
49274
47842
51132
48597
48772
48657
48998
50202
50815
49287
51601
49410
51668
50495
49457
49889
50046
48147
50290
48296
49559
50364
48795
49374
49870
49901
50323
49062
48457
50521
49101
49777
51200
51397
51250
51376
47745
50061
50065
51680
47840
51250
46863
48561
50072
50135
47135
50450
50319
48386
49995
49960
51037
50782
48928
50867
50596
50222
49584
49211
50026
49109
48234
49674
49650
49964
50324
49729
49600
50444
49145
50649
49592
51897
47754
50583
51142
47668
50042
50585
50672
49684
49792
50264
49797
49287
50450
49214
49575
50920
50336
52309
49128
48779
48795
50615
50695
50610
48775
50948
50641
48750
51590
49833
51743
51039
48958
48798
49599
50567
48989
51527
51164
50614
50954
49865
50092
48609
50276
51412
50051
51368
50667
51079
48194
48958
50013
49871
50449
50723
50453
49112
48319
48447
49885
49171
49064
49911
48410
49490
48453
50076
50355
48917
50045
50461
50879
49151
51727
50084
50305
51812
51871
49178
52138
49887
49816
49470
51096
50849
48761
51014
50747
51066
50715
48424
50954
50927
50908
49117
50375
49409
49530
49661
50956
50053
49207
51101
49108
48027
51119
50019
49682
50718
48619
49006
51373
48592
50669
50989
50572
49146
48826
50140
49725
50757
49730
49699
48646
49213
49651
50703
49697
51541
48162
51274
49283
50593
49046
49387
49019
48418
50488
49327
49685
49821
49471
50401
50798
50609
47435
49731
50531
49047
49043
49560
49715
50351
49798
50495
50526
50539
50986
47397
49324
48853
48040
50863
50130
50516
50691
52386
49238
50539
50697
50350
52578
50411
49670
49876
49918
48311
50103
51121
50045
50561
52440
50510
51020
49882
50241
51101
49362
50416
48291
51476
51861
49527
51858
49385
50180
49366
48990
50367
48806
49577
50060
50518
51866
51197
51311
48886
49182
51225
50286
49399
51360
48538
49194
49841
50921
51945
50515
51414
50489
49127
50820
48849
49204
51919
48245
48469
49182
50322
50881
49186
50047
51193
49886
49823
51491
50515
49659
48497
48967
49386
49677
50805
50187
49693
51532
51664
49556
49599
50805
51507
48360
50068
49757
51325
50312
51419
51092
49974
48935
48902
50032
51793
51166
50525
51276
49697
48767
51693
48988
48606
48796
50044
49449
47101
50553
51870
50016
50708
50019
49549
48543
50495
49312
49919
50147
48563
50667
49511
51167
51056
49029
52295
51379
48404
51759
49117
50213
49293
47621
51658
51408
49199
49953
51327
54383
51441
49044
49767
51215
48727
49402
50626
51107
49531
49382
50100
51121
48993
49773
47208
50530
49796
51028
50998
49787
50722
49286
50920
49270
50232
48344
51543
49745
50683
51676
50594
50275
50940
48579
49236
50084
51078
50143
49698
50197
49976
51477
49084
50837
50847
50630
49044
49972
52272
48767
49545
48429
50983
49424
49862
50735
48997
49570
49274
47929
51585
50280
48000
49480
50008
49867
50317
49474
51063
49689
51628
49114
49066
49515
49037
50483
49194
51855
50018
51624
49808
49809
49791
50086
49673
51686
50482
49016
50490
49226
50922
50785
48909
50784
50050
50053
50619
51351
49191
48957
50385
50901
51072
50337
50824
50648
50972
47590
49924
50274
51314
49663
49821
50332
49094
50482
51462
50484
48941
49577
49592
50574
50536
50822
47606
49046
50129
51682
49466
49052
48978
50525
51844
49412
51114
51617
48941
51015
51205
49550
48530
49882
48142
49445
49337
51183
50553
49927
48738
50690
51183
51441
49097
49128
49603
51737
51676
48455
49847
51238
51943
51678
48641
51286
51224
49474
48502
49572
49383
49725
51094
49982
50788
52567
50915
51878
50564
50303
49520
48623
49545
48444
47847
50523
50676
50881
49244
49046
51865
49386
49829
50270
49703
49082
50333
50749
50098
49953
50029
50503
51450
50099
50762
49102
49798
52380
50689
48699
50865
49096
49755
49981
50518
50927
49817
51263
47853
49635
49433
50540
51103
51166
50691
49374
51851
48993
47747
49562
48475
52257
48985
49508
49069
48383
48793
49802
49579
49768
50715
50304
51314
49105
51091
50333
51236
50078
49706
51469
48993
49513
49722
50614
50054
49013
48589
50339
50177
50380
50739
49882
50132
50781
50408
50182
50999
51633
49910
50903
49053
50948
49546
50079
49936
48382
51400
49634
51016
49880
50150
51264
49728
49031
49816
51836
48465
49550
51127
50547
50750
51348
50964
50474
49820
50099
48581
50538
50605
50614
49390
48434
50102
49066
49329
49931
50002
49906
49892
51130
50683
50953
51301
48961
50810
50382
49370
49439
51320
50451
51426
49672
51683
47836
49761
53066
50736
50471
50337
50949
48511
49909
50065
50395
50481
49658
48785
50492
50097
48577
48870
49174
47718
47913
50397
50186
51527
50428
50209
48746
48216
48359
49362
49485
51738
49803
48382
50367
48861
50601
49773
50192
47502
51365
51117
50113
50393
49516
49832
51619
50512
49503
50075
51631
49546
49675
49490
49441
51602
50016
49945
50286
49979
51557
50570
49864
50146
49958
49819
50059
51146
49030
51286
48739
47874
51059
49694
50442
49975
49708
48293
51126
49629
49510
48998
49178
48312
50350
49935
50889
51537
49706
48193
49762
49173
48490
49834
49316
51712
50384
49343
49850
50763
51113
52042
48768
50335
50559
48061
50770
48929
50706
49947
48817
51841
49392
50199
49122
50350
50867
47942
49819
51140
49154
50297
49091
51185
50124
49182
48888
50932
51327
49853
50265
49187
48434
51201
49744
48854
49916
48234
50133
49185
50000
50526
49732
49470
48800
49820
52735
50159
49285
51606
50388
50656
50062
50620
48487
48782
49124
49277
50105
51994
50298
51195
49419
49813
50406
48398
49790
47817
47978
49097
49514
50093
51011
48274
48599
49705
51128
49257
50942
50055
51475
49464
49982
50512
49599
51617
50032
50973
51433
49125
51235
50632
49087
48810
47990
48977
50489
50298
50019
51002
49771
51235
51266
48421
49825
49918
48277
51532
50671
50044
49772
49830
49433
51060
50489
51187
48410
51060
49819
51517
48823
48823
50491
51082
48859
50196
49521
49315
51001
50496
49887
48850
49391
48884
49946
48958
49423
47814
48341
51145
49917
51427
50247
50036
49279
50263
49536
50994
50139
50459
49552
49105
50294
49095
49942
48873
49487
50041
49433
49239
49909
50543
48045
51139
48778
48262
50290
48999
48964
50687
50011
50321
49921
48833
49567
50585
51393
49858
51271
48642
50602
50689
50800
52725
48787
49410
50565
48537
49002
49880
49774
52138
49974
49872
48818
50529
50992
48142
50805
50431
50814
49604
51088
48604
49234
50877
48429
50345
49718
49222
50843
51913
50177
50558
49681
50891
50506
49713
52030
51740
50811
50572
50182
50133
49861
49831
49574
49805
49940
49551
50660
51723
50567
49486
49727
51442
51289
50074
48450
50048
50590
49475
50137
47647
51869
48592
48294
49288
50071
49778
49137
50383
49661
50146
51934
50181
50952
51370
51224
47946
50034
48231
49844
50696
48987
50160
47892
50624
50776
50053
48238
49946
47868
49934
50926
50687
48848
50316
47973
50497
49437
49948
49803
49479
51195
49581
49743
49359
49401
51100
51066
50354
50005
50156
50940
49540
50647
49537
50526
50127
49082
50091
49462
50421
50347
49415
50603
49701
49111
48365
51514
51242
51155
48852
50621
48944
50115
49590
49718
49507
49790
49757
51460
51197
50358
51037
48785
49138
48148
50214
50755
48378
51721
49265
47260
52122
51314
50612
50859
47951
50975
51838
49571
49784
51711
50089
50117
51378
49346
48737
49557
50587
48948
49144
49845
49864
52034
50247
51014
50466
50092
49970
48770
51489
51158
50356
49424
49429
49596
50681
48701
49731
49966
49990
49377
52244
50071
49982
52224
49013
49627
51973
48526
48128
51903
49827
49853
49342
51275
50931
47572
50108
49778
50183
49595
49393
49435
48664
51168
50773
50350
50823
50363
48931
49890
50372
49123
49411
51059
50828
49096
48719
49141
50622
49395
49563
49794
49657
49629
50386
48339
50283
51463
49285
49970
48754
49672
50676
49559
49656
51258
49885
50722
48740
51172
49616
50129
49537
50657
49741
48398
49703
50059
50063
51212
50714
49744
49465
50476
50827
50160
49628
49244
48787
50942
50302
50716
48138
50159
49950
50475
49804
50534
50011
50296
48433
49177
49095
51906
48897
49245
51975
52329
49924
47786
49749
50167
50521
49143
52445
49465
49215
50152
50834
50109
48545
49754
49062
48302
50046
50284
50198
48918
49408
50670
50057
51513
50121
50045
50068
48566
49944
50941
49783
50633
48278
50738
51679
49753
50090
49914
49101
49890
47693
48794
51659
49618
50495
50023
49762
49759
49009
48843
48843
49626
49686
49370
50195
49636
50616
49468
49665
51577
50398
49849
49586
48207
47746
49663
50609
51524
50661
47419
50388
51357
49107
50040
48229
49054
49906
48540
50120
50629
47083
49581
49385
50394
47866
49614
52014
49360
50178
51375
49818
50132
50486
51135
49875
48852
51477
48894
50945
49032
49841
48396
48446
50588
50884
51602
51105
49513
49224
49370
50412
48585
50063
49565
49849
51838
49459
49402
50718
48095
48443
49634
49769
49600
48621
49779
49092
50923
48915
48765
51399
49759
50747
50005
49758
48217
50849
49815
51702
49315
50231
50871
49886
51208
50646
48481
49241
49294
50096
50052
49399
50859
49549
52580
49453
49485
48872
50444
49899
49179
49317
49985
51357
49737
51285
49232
49719
50521
49864
49221
49981
49184
51883
50879
49755
50045
50087
50985
50241
49309
50474
50103
50659
51682
48744
49044
47855
49237
49529
50323
52352
50210
51473
50025
48912
50191
50794
50540
52118
49746
50963
49286
48614
51174
50319
50535
49139
49088
50182
50097
50903
50527
48534
51374
49868
50798
51300
49866
48747
48238
49916
49922
48964
50104
50276
49975
50486
49741
49245
48950
49017
51431
48256
49545
49102
52168
50502
49167
49445
49606
48363
51122
49537
50006
49414
50527
49917
50113
50524
50334
48140
50755
49518
49288
51027
48768
49258
50750
50481
50267
50991
49892
48113
49975
50545
49977
49822
49766
50424
50005
49913
49783
49674
49585
48551
49954
49425
48824
48682
48881
51710
50642
52358
51720
50274
50102
48250
49839
50133
49878
49202
49048
50426
50403
47486
50190
48571
51427
49458
49559
49704
49427
50232
49188
50365
49730
48343
51202
49819
49868
51226
50387
50468
48581
48750
50262
49920
49261
49181
49614
50518
50644
49156
48749
48983
49626
50689
49431
49500
50711
48761
49379
47903
49425
50673
51081
52658
50215
50393
50042
48700
49624
49787
50384
52599
48419
50103
49995
49000
50001
49503
51107
51389
50864
50286
50106
49666
48979
48885
50151
50205
50147
49552
50804
50857
49701
48393
47790
50175
48989
49091
50524
49500
51691
49810
48598
50193
49514
48668
49838
49595
49585
48629
50852
49638
51345
51369
50443
48498
50320
50773
49232
48889
50680
51136
48980
50969
51541
49099
50030
50576
50927
49603
50383
48817
49810
49854
50917
50728
49919
50693
49108
48991
50062
49275
51183
49957
50659
49762
48312
50067
49035
48869
50524
49929
50176
48731
51125
48317
50623
49683
49096
48945
50401
49346
50249
51167
51864
50166
51000
50412
51799
50859
49776
50605
49112
48875
50342
49192
52004
48821
49189
50238
48888
51334
49288
50130
48686
51313
48170
48821
48712
49882
49771
50356
49490
50142
49975
49604
50042
50202
48125
51713
50475
50427
51143
50191
48996
49197
51844
49078
49025
50139
50595
50054
50435
50800
48775
50445
49580
49434
50897
50545
49549
50411
49549
49615
49740
49286
51150
51421
50689
49599
48798
50911
49014
50648
51218
50525
50507
50575
50323
50116
51879
48471
51951
49784
49021
48954
48738
49976
49420
48834
48878
49999
49954
49445
50517
50415
50757
49412
50232
51885
50948
49057
50716
48956
50263
49620
49581
50909
50409
50011
52086
51652
49895
49349
51126
51032
51496
49692
50721
49023
49019
49060
50252
47925
50635
49068
49295
49946
50274
51322
48719
49917
50184
49848
49714
48590
49605
49658
49476
49626
49010
51566
49384
51356
50645
49646
48420
49116
50488
50291
48635
50571
50415
51453
48786
49887
49226
49660
51853
48890
49629
52095
50019
49570
50546
50288
50419
49935
49960
49696
49600
48904
49648
49623
50785
50054
48584
48805
51476
51598
50451
49484
51016
49288
50755
50155
49509
50817
51017
49725
47706
49242
51109
48562
48763
50475
50811
51102
49641
50350
49503
51025
49364
47355
50445
50315
50603
51001
48435
50229
50241
49911
50898
49477
48058
50051
51425
50410
50188
51693
50275
51165
50774
47890
51451
48056
51024
50410
48530
49786
48168
49739
50303
49692
50086
50323
48573
52302
50749
48973
51267
49338
47835
50467
51516
51128
51998
50858
50748
49865
49300
49072
50793
50316
52154
50203
50130
49272
49065
51459
51317
50753
49948
49587
50375
49107
51020
50859
50841
50042
48781
51498
51235
50857
50724
50160
50288
50601
52569
49783
49203
49075
49921
50222
52612
49770
51557
50269
50577
52566
49935
51156
49948
50378
49963
48879
50049
50575
49480
50048
50237
48621
51370
50284
48965
49387
49548
50570
51190
49126
50193
48963
50335
47516
49216
49808
49423
49297
51253
50496
50077
50263
50526
49351
49936
50057
51104
48950
48496
48453
49912
48579
50658
51271
49870
49553
48858
50163
50486
49692
49053
51410
50385
50909
49238
49983
48828
49971
49942
52523
51019
47704
50084
49262
47850
50585
48650
51037
50040
50698
48982
50078
49450
50859
50616
49287
51770
49115
49845
49637
51582
48991
48692
50755
51599
48338
48557
48633
51597
50299
50230
49598
49337
49915
50354
50556
49595
50583
51411
49649
49032
49985
50323
49624
49401
51653
50096
48992
50123
48354
50583
49579
49151
50681
50409
49749
49444
50251
48929
49913
50352
52233
49701
51084
48449
50831
49401
48801
49372
50778
50553
47328
48978
48778
48701
48385
51536
49730
49658
51180
48331
49991
49420
49048
50881
50657
50819
49814
48287
51281
51915
49789
50148
51593
50200
50855
51716
51405
49173
50039
51672
50436
51160
49810
50068
51163
49551
51322
49103
50099
48903
50446
51761
49306
50059
50615
52001
50850
51195
49193
49481
52205
50906
48730
47459
49617
51342
50298
50373
50515
49788
48904
49225
48323
50789
49889
48791
49931
50033
50247
50206
50513
50287
51045
50101
49127
48218
50602
49447
48232
49388
50614
49359
50248
50362
48668
51992
51631
51716
48860
51001
52537
48306
48809
49393
50446
49419
49962
50386
49468
49834
51058
49683
49781
50737
51065
49823
48997
52720
49726
51756
50695
49538
50322
50107
50764
51332
50861
51416
50512
49982
50046
50541
50210
52092
50664
50783
48333
49871
49416
49172
49625
51336
48851
49319
49705
49779
51034
49372
49826
49676
49446
49163
46575
51903
49149
50840
50578
51223
49665
48879
48491
50132
49875
51318
50076
49459
50239
49956
48657
49206
49444
49778
50483
50716
50878
49379
50106
50681
50248
50803
50713
49610
48618
50996
49807
50169
49652
50713
49319
50281
51934
48941
49630
50161
52378
49946
50696
51313
50008
49534
51603
50357
47865
48716
50953
49953
51151
50157
50783
48659
50591
49435
50079
50486
50066
51229
48159
47878
49347
49559
49495
48382
49059
49205
50047
50988
50657
50729
50320
49000
50896
49223
50459
49060
47506
48432
50136
49437
52934
51265
49799
49664
52563
50649
49960
49190
50826
51340
50133
50147
49976
52586
49647
49755
49494
51599
50151
47175
51608
49572
50590
49764
51680
50648
48949
49131
50788
51549
48783
51677
50524
51302
51471
52144
49632
49401
50268
50297
50484
50432
49487
50088
49390
50586
47397
49960
51152
48428
48987
49829
51426
52013
50367
49707
50440
50754
50558
50707
49655
51383
48649
50025
48964
48839
50711
49224
49661
50075
48383
49383
48637
51101
50135
50335
50413
48934
49871
50012
48567
51974
49909
51033
51292
50963
48755
50535
48783
52621
50813
50201
51098
48963
50702
48526
50108
50175
50899
52116
47929
51667
50179
48317
48925
51383
50634
50675
50305
50570
50087
49994
49116
49743
49594
48022
49404
49670
50148
48361
49903
49631
48745
49541
48318
49854
50437
49545
48570
49463
51228
50034
50495
51367
50374
52260
51456
48730
50270
50054
50399
50457
51993
50416
49817
48672
49146
52673
50776
49842
49864
51272
50584
50584
49966
48778
49107
49679
50687
51004
48315
50379
49825
49652
51470
50421
50572
49630
49488
49764
49459
49874
49818
49929
48646
48776
50508
50429
50571
49932
49032
51113
49838
50934
50431
49127
50113
52297
50437
50789
49011
50429
50680
48466
50492
50531
49585
51492
50979
49129
52263
50060
51039
50697
52028
47661
49988
51083
50639
48918
49219
49702
50962
48145
50118
49849
50396
51319
50390
49326
48992
48772
48286
49604
49044
48985
51500
49369
51724
50279
49666
49083
49562
49804
48462
49754
49323
51273
51341
50531
51662
51233
50410
49114
48943
49109
51581
50568
50742
48999
50366
49542
49345
49994
48963
46925
50104
49000
50649
50326
50689
49782
49604
50390
49645
50204
50451
50980
49495
49236
50687
49928
50175
49212
50276
48570
50726
51046
49841
48964
49970
49733
48813
47876
48514
51688
52313
50140
49538
49425
50379
50896
48366
49673
48253
49425
49002
49970
49764
49437
49062
48802
48929
50161
50972
50668
49777
48596
50343
51182
49471
50258
49603
51267
50741
50741
49992
48769
49878
48995
50654
49916
49648
49227
51451
49814
48313
51367
50771
48905
51633
49665
49877
50549
50307
49951
48441
49141
48681
51354
50676
51548
50410
50440
49325
50017
49156
50297
48948
49493
50601
49778
47645
49344
50210
50256
50008
49256
49699
50314
48729
48885
49719
51581
51110
47710
49107
49141
48045
50577
50779
51231
50486
49462
48823
49700
50278
48882
50256
49240
49015
50534
49697
47823
50131
48681
50969
50394
51505
50995
48583
49342
49856
49838
50850
51590
49280
50084
50053
52356
49837
51340
48905
49823
48966
52008
50007
49801
49940
49413
49840
50636
49094
52299
50886
50450
50726
50379
51039
50627
48601
50941
50983
49643
51412
49590
50067
50273
50600
50562
49807
51047
50106
48913
49215
49112
50083
48457
49042
50455
49587
49643
47648
49653
50201
51156
49098
50089
51012
50319
51695
51664
50361
51001
47494
48381
50724
48378
50959
50434
47846
49942
47602
49005
50153
48581
49465
51161
49293
50257
49642
49751
50322
50274
49981
49780
48990
49203
49789
50405
50912
50188
50718
49251
49769
49289
49072
50989
50575
49515
50154
51727
51098
49383
50913
49963
49805
50014
50169
49355
50714
48561
52173
51002
49219
51800
51196
50298
48789
49936
51047
50287
51017
49511
49823
48139
50305
50239
48269
49097
50214
49118
50211
51042
50668
49585
51188
49764
50271
50818
46730
50071
49672
50927
48331
49664
49330
51799
48686
49147
48233
50807
49471
50119
49882
49422
50235
51376
47708
48222
50383
50734
50434
49751
50314
51114
50786
48397
50334
49394
49752
50192
50460
49822
49303
50691
50962
50769
51492
50771
50603
49761
50350
49441
50268
50572
50442
48622
51055
51607
48863
50030
50400
48766
49439
47153
48848
49555
50680
51536
50363
50765
50692
49614
49773
50267
51309
50994
52088
51257
49443
48976
50993
49517
49512
50966
49560
51221
51141
49759
51084
49018
49159
49910
48717
49837
48668
50311
50532
50401
51446
50450
49319
49838
51428
49209
50756
52066
51275
50299
50979
51533
49671
47765
50413
50563
52235
49140
51109
51050
49222
50199
50876
48687
49086
49670
48488
50234
50290
50926
48080
50570
50227
49173
50350
51233
52058
49297
49124
51255
50319
49207
48732
50950
48923
50647
49595
51499
50915
50222
51489
48751
51219
48865
49976
50090
50420
50988
51241
52169
50070
49001
50606
48748
48627
46686
49754
48955
51153
48586
49672
48158
50295
49978
51566
50438
51765
50490
50576
51336
51303
49615
49976
49479
50219
48401
49554
50034
50318
49153
50704
50758
50128
48194
49307
49069
50607
49715
51783
50801
49081
50335
50801
51576
49633
50006
50604
49586
49121
51563
50276
50223
50948
50869
50421
49452
49572
49519
49539
49475
49475
49898
49483
47804
48119
50481
51291
48807
46834
48986
48739
48256
50060
49043
49646
50618
51046
50620
49475
49214
49369
49932
50071
50619
51937
51562
48734
50201
49989
49998
49482
49179
51168
49689
49726
49464
49920
50515
49748
48760
50384
51395
49195
51182
50758
50543
49107
48866
49702
50019
49533
50172
51090
51533
51459
51123
49745
51034
51652
48195
50189
50281
48517
51179
51874
48697
51611
49387
48646
50517
50517
49463
50694
49358
49063
49062
49719
51300
51409
49611
49154
51847
50255
49747
50775
49204
49967
51075
49362
50371
48984
49416
51554
50445
51091
49445
50101
49768
51831
49600
51111
50761
50058
50185
50773
49383
49795
50118
50689
51532
50437
50439
49539
49972
49278
49230
50456
52172
48619
50412
48676
49347
50115
49550
51536
49209
50505
51489
48424
50109
49814
50808
51074
50754
50141
50099
50222
50239
48619
49428
49707
47571
50582
49545
49728
50444
49845
50627
47808
49067
49441
49544
48494
50430
52119
49106
51209
51953
49731
50430
52057
49406
49576
48401
50246
50024
51482
49582
48947
50438
48998
49046
48886
50899
48515
52619
49268
51506
51567
49920
49774
50005
52936
51194
49216
51645
49908
47743
49200
50249
50505
49537
50081
50370
50246
50185
50458
51154
49225
47901
48881
51541
50576
50805
49435
49493
50479
50694
49734
50047
51105
49490
48605
47239
49701
49024
50289
51423
52004
49455
49082
48208
50966
51239
49447
51057
50053
50291
50176
49839
50127
50252
49583
48239
49316
50602
48761
49676
47481
49432
49631
49234
49259
49500
49222
51480
49637
51018
50160
52324
51879
52158
51948
49435
50013
50110
48997
49340
52406
48976
50040
52020
50014
50676
51449
49604
50807
48733
49314
48237
48467
50611
52076
50258
48655
50765
50141
49271
49007
49475
50687
49966
48640
50364
49081
49991
50794
51113
50542
49860
50057
48954
48688
51833
50202
51995
49180
49278
48697
49360
49390
50247
50069
50059
48680
50723
49514
49375
48448
50313
50578
51189
50180
50900
48981
51153
49290
50616
52165
50749
50109
50156
50091
49426
48477
51282
48166
49543
49197
51019
50186
49205
49505
50281
48747
51605
49412
50145
49799
51086
49164
50658
50113
50267
49806
48903
50637
49950
49772
50518
47842
51215
48898
48354
51561
48114
50333
48783
50098
49493
48785
49059
50391
50580
49342
49152
49338
51657
50761
50312
49316
51440
49859
50509
51893
48965
49587
48230
49262
49553
51043
51126
49981
49039
49802
50225
50303
50276
50282
48478
49460
50115
50015
48344
49992
49361
49325
50058
47426
51552
50881
49818
50935
49852
50842
49134
49696
48629
49618
50119
49580
50688
48818
50562
51056
48163
46769
50256
51323
49846
50933
50403
50006
50081
49051
52725
51349
50113
48654
50722
51471
50691
50455
51895
50143
52097
49347
48930
49848
51644
51061
51003
50434
51201
49066
50289
50191
48727
50784
50180
50525
50502
49758
48755
49794
48926
50820
49095
50849
49904
49063
48912
51283
51425
49531
50032
49296
51598
51790
49830
50424
49882
48342
49454
52154
50519
49946
50562
49448
51055
51301
49781
50620
50746
50941
50644
50408
50027
49540
50779
50458
49902
49376
49952
48333
50691
49115
47239
51646
48657
48730
51413
49710
50900
49253
48786
49944
49225
50266
49570
50165
50041
50131
50588
48426
49996
50343
48842
49948
51709
49568
51029
49186
49480
50342
50592
50242
51231
49139
49199
51181
47970
50560
50375
49180
48484
50550
50390
52292
48225
49963
49714
49702
51021
49696
50337
51049
48053
50054
49705
49700
49543
50124
50130
50592
51503
50379
49930
48859
49673
51040
50353
49910
50633
50083
51872
50395
49501
51462
49783
48858
50355
51440
50201
49403
50752
48057
51998
49827
49085
50723
48298
49347
49308
48874
50970
51002
49465
50041
50283
49811
47545
49599
48367
50912
50130
50553
49537
48535
49682
50423
50347
50792
51271
48887
50667
47524
50088
50258
51612
49107
51551
50366
49215
50004
48812
49786
48740
52263
50530
49948
50605
50113
50015
51185
49488
49955
50095
50609
51139
51455
50434
49172
50826
49893
47575
49391
49842
48469
51074
48342
47504
50151
49159
50538
49788
51230
52588
50040
50219
50969
49971
48877
50816
50513
52447
51029
48679
48732
48902
51558
49459
49842
49419
50071
50152
50404
50378
51932
50167
49325
50199
48437
51032
49833
49954
51675
50348
46856
50465
49266
50055
49182
49015
49022
50160
50993
50518
49080
48132
48733
49012
49701
50246
50791
48328
50612
50729
49159
50605
51394
49555
49336
48770
50905
53855
50238
51863
51078
50133
50045
50017
49435
49173
49285
51760
50164
50800
51842
47530
47683
50966
48722
50648
49143
49326
50349
50176
49496
49289
50410
50625
49577
48017
50497
52340
49842
49408
50157
49753
48796
47790
49541
49847
49403
51123
51202
49755
49610
49778
51059
49074
50629
51542
52510
51606
50609
50928
50522
49551
49088
52328
50133
49145
50973
51069
48346
49471
49969
46782
50999
50178
50775
50609
50020
50603
48939
50190
49664
50336
48969
50501
50903
49264
48879
49952
49875
50430
49422
49908
49105
50883
49567
48910
51854
49168
51420
49251
49439
49603
49346
51449
51854
50734
50153
50347
49959
49666
49418
50386
49927
48394
47886
49751
50230
50169
50648
50308
51584
49010
51510
50506
51709
49842
49292
50113
52103
49640
50372
50361
49568
49538
49813
50825
51458
49391
49374
49256
50716
50241
49782
51662
49864
50039
51657
49841
49842
49683
51016
50448
51651
52193
50745
49596
49069
50553
51138
52139
49395
50046
50523
48694
50100
50522
50712
50335
49315
51348
48767
48600
50570
51734
49957
50465
49169
48785
49441
48508
49986
49844
50648
50605
50786
51202
50878
52130
50605
49585
49631
48666
51957
50746
50387
51795
49461
49136
49571
50981
48827
49952
50238
49891
48929
51146
50282
50304
48306
48807
50042
48756
50230
48448
48921
49478
49835
51369
48840
50744
51733
51821
50424
51066
49366
48518
52561
50058
50500
50314
49927
48632
48839
48032
48959
49640
50078
49508
49430
50809
49517
50359
49934
50976
50757
50195
50499
49311
49664
49039
49231
48716
50085
49754
49670
50514
48988
49205
50727
48395
50366
49229
49465
49798
49534
48931
51059
51358
50419
51143
50590
49040
50370
50326
50794
48764
51333
50572
48435
51403
50763
50010
51534
50529
50777
50326
48583
50372
50498
47912
50620
52077
50483
48407
53617
49954
50311
49029
48715
48869
49210
49835
50240
51609
50099
49596
48784
51162
49088
49773
49887
50798
50257
48780
49738
50863
49180
49548
51168
49375
48991
49943
49995
49957
50607
49834
50813
49808
50732
50019
51414
51179
48999
50339
50103
49595
49623
51569
49822
50295
49477
50294
49645
49476
50441
50321
50941
51193
50485
50073
50965
48956
50087
50040
49035
50358
49323
49897
51761
51850
50847
51602
50370
49302
51319
49935
50667
49639
50587
49240
47637
49356
49393
48819
49502
48206
51455
49898
49112
49478
49550
50620
49613
48127
49080
49551
50268
50096
50849
49713
50328
48850
49005
50068
51745
48991
49805
48669
51825
49581
49083
50312
49828
49806
51853
50887
49499
50436
49531
50347
47859
48868
50619
48940
50206
49738
49727
49530
51945
51388
51680
49868
49349
49539
50473
48968
49308
52441
50010
49424
48698
50007
50451
46823
50740
51176
49982
50275
48895
51860
50953
50570
48957
51293
49966
50429
49298
49445
48748
50835
49213
50304
49712
51062
51655
47680
49143
49266
50540
49894
48941
50970
50307
49333
52389
50433
51074
52073
50898
49817
49336
49079
52175
50592
51043
48561
49372
51258
49671
49550
49054
49379
48746
51339
49834
51032
49097
51160
49015
51828
49927
49664
50916
50181
51758
48459
49356
49352
49064
51186
51063
49444
51273
49141
48216
48999
50906
50122
50648
49917
51379
48606
49882
50721
49407
51304
48494
50044
50000
48937
49112
49064
49462
48792
50825
49919
49041
49345
49027
51087
50124
49595
51827
50210
50244
50766
50353
49986
48991
50113
49356
49557
49947
49650
49297
50358
50420
50110
49600
48021
49876
49522
49575
49390
49101
48391
50420
48638
50712
50943
49781
49111
50853
49172
51044
48631
49721
49059
49213
48923
48906
49953
50597
51446
50329
50688
49950
50080
50774
50826
49028
49398
49319
49812
51439
48436
48080
50410
50421
49842
49505
48804
50215
50575
49442
50160
49779
49695
49327
50285
51689
48791
50227
49667
51594
50845
51434
49284
49643
49952
49637
49863
50709
49768
50448
50254
50040
49889
48943
51057
47989
50228
49889
49511
52027
49383
49652
48529
50491
49963
49827
50569
50420
48457
49780
50238
49573
49615
50303
50835
50358
49140
51088
50294
50366
50196
50330
50598
51234
50986
49718
50940
47215
50823
50158
50948
49872
48619
51180
49180
50777
50480
51107
51307
49062
49673
48810
49957
49693
51136
48110
48775
51578
49912
50125
50783
48741
50379
49602
50012
50424
51399
48861
50682
50228
50661
48529
50389
50006
50210
49918
52070
49731
48736
50216
51240
49877
50560
51080
49186
50782
49883
48702
51382
47822
51040
50806
50147
50588
51591
49725
49102
50901
49843
49806
48889
49669
50101
51349
50180
50269
52089
51365
49297
50336
49598
50742
49554
50524
49489
49636
49217
48658
50340
49137
52326
49583
49792
49828
49581
47942
50074
50770
48844
50504
51615
49550
50357
48901
50376
50182
49029
50553
49321
50686
51152
51151
49444
48263
50258
51096
49992
49820
52452
50325
50112
51822
51462
50668
49390
48791
51057
50876
50595
48153
49041
49504
50606
50183
48627
51620
50678
48973
50353
50987
51461
49658
51354
49187
49965
50395
50235
50145
49931
49345
49592
48831
50544
49401
50352
48508
48586
50452
49707
51207
49848
50363
49057
50202
49049
49771
50746
50693
48207
49412
51699
50454
50618
49270
49577
49904
49806
49405
49917
49699
51950
49230
50597
50908
49551
49362
50032
52565
50087
48432
51310
49545
49190
51034
50313
49828
48776
49144
50387
50757
49817
49732
49170
49592
51337
49953
49168
49161
48932
49059
50522
49238
48794
47430
50176
48739
50072
51351
52946
50652
51225
49573
49767
48985
49134
49978
49923
50654
48042
48674
50155
47569
48615
50323
50950
50743
50048
50787
48332
49596
48412
50440
48518
50521
50194
51122
51055
51477
49318
50256
49377
49870
50456
50075
51068
49370
51187
49209
50542
50809
50297
49530
47619
49382
51038
49298
47970
51482
50834
51000
50370
49543
49116
49608
49697
49795
50637
50667
49120
49521
51642
48840
50407
50002
50945
48903
48863
50760
49625
51793
50897
51143
51164
52081
50057
48404
48478
50027
50230
49609
49876
49021
48217
49647
50667
49288
50899
50504
48524
49764
47526
49844
51409
49152
49344
51096
49915
49218
50732
50509
50003
48055
50501
50669
49455
48605
51005
50876
50068
50024
48901
50118
47931
50235
48708
49681
50921
49746
51187
50442
48990
49342
50649
50245
49560
51096
51399
49607
50675
49753
48753
50771
49661
50550
49617
51336
50240
49788
51929
49225
50359
50206
49079
48560
51791
49567
49478
48308
49508
49616
49769
50559
51208
49361
50073
51804
51313
49983
50752
49298
51564
49940
48020
49796
51360
51124
51082
51747
49559
48883
51195
50716
51079
48508
50587
50111
49766
51020
49825
51088
51664
50161
50439
49653
49337
51377
50418
49732
49139
48135
49138
49881
49530
49368
49594
50292
51017
50576
49229
48828
50148
51383
49124
50465
50142
49818
49572
49078
48854
51233
50034
51585
49886
50833
49290
48920
48204
49223
50843
51648
49999
49864
48724
49665
49337
48950
51264
48774
50824
49707
51898
51546
49842
49993
50529
50109
48831
50132
49602
49943
51236
48615
49542
50811
51536
51159
50453
48862
51083
49168
48992
53311
49933
49678
49615
48050
52006
51003
49371
49107
50680
49387
51133
49977
48348
51659
49963
51028
49406
51422
50382
49219
49815
50004
51075
49213
50908
49766
48446
49666
51507
51048
49678
49783
49891
51238
49854
51384
48765
49941
49308
52337
51493
48729
50437
50814
50212
50213
50129
51472
50782
47966
49318
49708
47551
49452
49310
50659
51979
49697
50582
51056
50338
50931
48084
49801
50300
48599
49635
48246
50675
48602
48700
49192
49149
48467
49772
49256
51278
49711
50033
50090
49463
48379
49499
51036
49559
51040
50879
49837
49157
50530
50772
51507
50312
49966
51966
48363
49715
49706
49602
50372
49623
48208
49269
51542
48409
51705
49408
47472
51184
50173
51323
49509
51099
50493
50882
48646
51804
49979
48048
49802
50666
51253
49778
49112
50721
49573
51179
49577
49342
50759
49278
50671
50304
49383
52692
49734
49515
50983
51550
49119
50841
49489
49080
48890
51094
47949
50116
49625
50146
50665
50559
50621
50185
50567
49267
49939
52193
48733
50894
50546
50785
47279
48841
51446
49745
49996
51044
49394
48983
50374
50138
49113
48948
48601
50473
50288
50846
48999
51479
49459
50373
50417
50307
49869
48414
51580
47981
50361
50681
50744
50328
49483
49504
49603
51458
48168
50940
49922
50715
49700
50482
48713
52447
50140
49251
51508
50382
49699
51547
49915
48345
50112
50968
50938
49611
50494
50972
50273
48573
48848
51444
50606
52055
50526
49892
52407
49369
49585
47865
49676
50661
52345
49838
49837
50751
50502
50550
50597
49507
49649
48989
51398
50195
48571
50292
48598
52002
48502
50305
51110
49693
48565
50300
51462
49574
49728
49387
49647
49522
51566
49955
50834
50118
50221
52742
50278
49725
52224
50144
49752
50839
49204
49563
51588
50776
49421
50927
48438
49286
48735
49874
51275
50301
49186
49415
50621
49934
51134
48173
49565
50680
48853
50585
49444
51081
50184
51439
49414
49804
50432
49629
51185
50692
49432
51042
50079
49608
50606
49500
50227
50505
49661
49604
48463
49186
51293
50759
49724
49471
50654
50274
50450
51283
48425
50576
50552
49320
51131
52094
48825
49910
49107
49691
50800
49093
49762
49404
51514
50722
49344
48844
50242
50767
51345
51115
48210
50442
49723
50529
50190
49416
49733
51285
50106
49159
49330
50638
49975
50963
52131
50364
50617
48893
50080
50596
50051
50477
51011
48080
49820
48753
49963
50893
49460
48589
51062
50212
51065
49729
48390
49804
49883
49713
48978
49656
51035
52250
48498
50701
50137
48347
50979
48716
48830
50973
49028
49979
49607
51478
48057
51268
50082
51969
49707
49490
51597
50556
50441
50415
48351
46953
50948
50069
51499
50627
49127
51110
49458
49397
49155
51035
50490
50448
49514
49275
50206
49853
50666
49222
49723
50868
49718
52729
50780
50425
49879
50782
50720
49880
50478
50901
50076
49160
51207
50035
51321
48298
50208
48238
49946
49785
50830
49998
50033
51219
48560
48310
50131
49437
49325
49159
51434
50038
50700
50868
49419
47840
51394
49003
50812
49721
48138
48806
50580
50321
50575
49108
48303
52790
51337
50118
50878
50395
49021
50388
48669
49353
51272
49814
49424
51584
51014
51793
49923
49852
50212
51580
50039
52510
48109
51683
50532
50347
51366
50524
49874
50432
51018
50942
50050
49426
50729
49113
49877
50209
51085
50109
48328
48879
49834
49688
49410
49968
48976
48583
50629
51376
50763
50130
51590
49947
49724
47933
47447
48818
48759
49749
51080
51486
51664
50633
50122
48969
49949
49665
49301
50599
50740
49592
49606
49304
49717
49521
49688
48910
50534
48155
48432
50267
48904
50890
50920
51024
49439
49741
50564
49447
50858
50967
48646
49591
49532
51422
50697
49781
48666
49873
47907
49209
48520
49093
51288
49787
49132
51151
49916
49086
50425
48936
48175
50364
50900
49629
49681
50111
50362
51057
50145
50926
50077
48460
49601
49163
48540
50085
50837
51981
50835
50053
49787
51028
49643
50200
51038
49672
49600
50691
47966
51321
51424
48673
49227
49123
49851
49137
50382
49810
51309
49690
49096
50968
49801
48093
49093
49545
50163
51861
50296
50833
49824
50033
49209
51030
49390
48553
49823
47912
49717
48169
51759
51551
50028
52494
49164
49820
49052
49876
49373
49873
51283
50157
50733
49351
50415
51671
49466
48754
48621
51084
47682
50091
51218
49166
50517
48770
49826
49808
48146
50014
50080
51283
49695
49842
48878
49567
50189
52020
49874
50399
51388
50161
50332
48602
48726
50809
50933
49207
48832
51128
50079
49104
50751
50032
51876
48981
49333
49920
50092
49384
50217
49915
50191
50174
50335
50450
49521
49056
48943
49153
53118
48493
50970
47640
48161
49360
49585
49583
49658
50814
50803
49945
51618
51235
50991
50998
51239
50412
50025
49964
49817
50100
51299
50316
51569
50242
49434
49816
50119
49552
49573
49360
50236
50714
49521
48773
50361
49431
52114
49694
51651
50540
50356
48034
49122
49253
50056
50190
50414
50471
50668
49288
51028
49246
51110
50183
49733
50406
49615
48007
48780
49917
50040
50406
50725
50197
49919
48987
49745
48705
51878
49960
50107
50589
51335
50167
51925
50526
48934
48630
49676
49936
51144
49165
49399
49589
48272
50608
49812
49565
51240
50703
48405
50709
50617
49646
50756
50151
49620
52080
49186
51658
50202
49578
48888
51060
49151
50954
50093
52247
52513
51142
49741
50470
49310
51919
48543
49766
50185
47941
50309
50812
52097
50540
51096
50762
46519
48731
52278
49602
49474
49939
49439
50724
48777
50798
49704
50208
50437
48465
49069
49029
49878
49653
51317
51596
50597
47490
49560
49361
50476
49494
50735
49180
49884
51720
51512
50499
49470
50530
50303
51470
49912
48165
49601
51035
49191
50607
50186
50856
49460
49822
52045
51237
48233
52450
51456
50336
49158
50582
51434
49625
48919
50523
49763
51058
51506
48022
46536
49526
49908
50168
48579
50126
50473
50269
49742
51007
49760
48986
49531
48971
49452
51049
49945
49214
50703
49486
49708
49860
49816
49115
49231
50781
50442
51157
52088
50459
48220
50033
50161
50347
50150
50174
50284
49123
50887
50378
51075
49951
51062
49048
51062
49679
52239
49983
48814
48724
50793
51097
49179
50892
50598
51121
49318
50435
51147
49851
51341
51682
49797
47401
50474
50102
47970
50067
51935
50498
49348
51661
49852
50697
48407
51188
49833
49627
49107
48765
50019
52324
48892
50172
48808
50871
49651
50457
47660
49976
50382
51275
51459
50406
50020
50633
50555
51033
50872
49670
49682
51380
51893
52675
49312
50199
49566
50863
50113
50549
50327
50473
50403
49616
49617
50559
51417
51831
50909
51160
51373
48496
50162
51080
49627
49897
50597
50225
49611
51357
51310
50450
48779
52063
50215
50573
49770
49202
50082
51682
50319
50885
49721
49446
49888
50286
50274
51427
49821
49385
49867
48379
50688
50349
49739
50801
51038
48993
50048
48215
49935
51546
49701
51266
48456
49063
50215
49864
49143
50251
52532
51032
51645
49761
50737
48090
49660
51089
49707
50044
50350
51109
52490
48871
50478
50029
47703
50451
50556
49570
50034
50387
51495
49808
48551
48315
50313
49914
49446
51374
49507
49951
50044
50959
49204
50122
51324
50633
48434
50712
50923
51933
49884
49314
49917
49409
50260
50314
49040
50462
50372
51291
50078
50775
49046
51974
48285
50561
49371
50627
50071
50488
50162
48380
48810
49716
52264
50844
49647
49387
51167
50713
50310
50600
50755
51850
51029
50161
49569
50365
51056
50591
47950
49380
50900
50111
50514
49882
51587
49650
50139
49094
49174
50100
49312
51247
50156
50262
47500
49955
49546
51611
48685
49153
50837
50618
50781
50039
51615
48279
49804
51183
49430
47700
50417
49783
51245
49208
51013
50525
50691
48665
51282
50116
52661
50300
50054
49917
50153
49479
50274
50230
49193
48583
52596
49209
50691
48699
49207
49059
50557
47935
49033
51753
50032
50465
49247
49320
49251
50216
48358
51956
51053
50070
48023
50114
48982
49243
50654
49426
51149
49087
52696
49453
49054
48650
50765
52012
50277
50454
50894
49872
49385
51584
48812
50724
50236
48548
52200
51371
51420
49468
48488
51445
48492
50827
48682
49005
49941
49287
50729
48070
49664
49735
49029
49624
48985
50459
48871
51068
50088
50507
50082
50763
48063
50848
51394
47975
51082
51353
49568
49626
50099
49278
50823
49713
51623
50354
50715
48769
50057
49845
49830
51081
49925
51308
50551
48531
48418
49252
48897
50014
48766
48358
51135
48529
51019
50672
48732
49877
50975
49355
51462
50363
48906
50409
51208
48660
49901
49078
50733
49416
49245
49236
51322
48959
49647
49919
48894
49980
49994
50435
49196
51312
48390
51834
50209
48902
51041
49442
49583
50640
50005
48886
49750
48528
50447
50534
48489
52692
50740
51620
49887
51779
50331
48710
50276
50878
48757
49960
50933
50692
47988
49607
49493
49598
49245
48323
49910
50962
49062
49997
50628
50976
50724
52039
50617
50257
50389
50164
48756
51112
49374
50151
51644
50686
49348
50937
50027
48666
50068
50082
51958
49730
49579
48785
49600
50644
49180
51782
50795
50073
49950
50645
49168
49384
49041
49079
50736
49670
48440
50499
50181
50785
50242
49730
50275
49080
49339
49970
48271
49388
48642
49931
50986
49172
49550
49847
49390
48455
49076
50236
47449
51433
50753
51514
50120
50535
51234
48980
51225
51087
51119
49009
48619
48327
50468
49954
50466
49259
52500
53246
49179
49722
48797
50414
50164
49595
50324
51276
50172
50541
51627
49217
50193
51380
50428
49172
50448
50300
48004
49867
51128
51210
51641
51214
50199
49450
49513
48083
50734
51437
50914
50084
51483
50715
49721
51434
49772
49650
48965
50348
49412
51929
51324
50165
50014
51355
52228
51127
49227
51783
49158
47835
47895
49289
51496
49554
48885
51270
48929
50292
49795
50204
50511
49423
49553
49632
48296
48251
49893
50421
49529
49631
49442
50588
51519
49147
50767
48724
50024
49430
50972
49131
49748
48733
51444
48463
50522
50750
50797
49987
50318
51755
50674
49143
50706
49189
49563
51703
48893
48315
51923
49392
49563
50052
50650
48579
50288
50363
49473
50500
47952
50610
48403
48249
51227
48554
51218
51190
50559
50376
49390
50853
49213
49148
51316
50000
49979
50394
48857
48537
48481
48475
50093
50457
49828
50453
49451
50332
48250
47807
49578
48925
49407
50346
50435
51328
49151
50483
49203
50400
50598
48729
49920
49695
48731
50566
50144
49410
51002
48947
50276
49882
50456
49672
48393
50998
50772
49713
49972
48509
50175
49010
47989
49349
50988
48916
50377
52172
49581
50884
49785
49532
49130
51635
48157
50211
49035
50390
50192
49681
48710
50211
50656
50930
50721
48211
49934
49939
50950
50462
49843
50856
50483
50975
50105
50858
47722
48436
50674
51903
50508
48429
51199
49263
50229
50376
51399
49855
48282
50191
50447
49922
50160
49451
48870
49272
50015
50035
50037
49685
51227
48642
49604
50158
50235
49564
50328
51694
50432
48445
49819
48741
50549
49122
48693
48919
50692
51968
49186
51635
49975
50178
48390
48311
48479
49930
50591
48966
49348
50691
47932
49939
48590
49729
48837
51388
50020
49379
50725
52237
48662
50509
48162
48638
47893
50225
49078
50221
50380
48778
51375
53186
51117
48309
49974
51022
49717
51785
51000
49156
49162
49670
50349
49093
50015
49448
51199
49618
48473
51684
50659
49741
49705
49040
49596
50006
49477
48989
51157
50093
48399
50209
51446
51018
50909
49413
50072
50934
48850
49752
51294
50563
50355
49790
50141
51114
49268
48897
50085
50822
48405
49329
49000
51326
50733
50002
50042
50235
49674
49463
48240
49015
49251
48775
51956
