14433
1511
52884
92247
69249
37417
52046
50740
61789
24171
62808
55904
95561
59748
50122
76862
76019
44760
44964
39371
80075
57243
55502
48896
3511
57255
98807
37277
2230
44513
15199
42126
12201
98774
48657
2925
11096
98995
87674
22033
62143
17708
49766
92496
658
408
76774
48357
5545
94867
1164
64889
13649
81509
72698
6786
19761
99529
9371
53665
11370
92797
26856
93273
10270
3659
73977
46331
48390
23027
11186
3651
75818
26475
27211
65096
22990
44944
98580
46846
86183
38281
74417
454
20941
70555
50083
71294
17003
73973
7135
39164
24168
27291
25800
82318
90351
50684
90347
98292
88722
15213
12710
22201
73066
35825
44335
52150
97469
7920
21894
77426
82677
55953
61879
51254
40446
73333
33479
38944
39418
31094
19483
81763
7631
97892
77590
97118
73548
78943
73456
86002
89978
35774
83496
71582
8354
1110
82673
4777
79171
69402
21486
46469
79791
87327
8477
11856
54615
82598
20010
59752
40518
97618
99085
29330
69474
44170
65773
69683
3659
65098
85235
9509
7515
18324
2883
60521
64621
79579
72798
57689
22552
81418
11952
43539
73373
79456
92399
50895
40224
22181
26292
59749
78745
27990
69446
66417
16848
51681
48518
94587
23161
80472
54763
68558
44366
96244
43771
92353
24272
68861
53315
99610
74138
22370
34582
14796
65201
9765
43226
75686
56769
39926
42184
74793
16376
14593
2363
92794
12634
95911
14720
8466
51974
79130
25544
61681
85204
5551
85174
12175
72656
63423
54775
82496
58652
33619
73134
70762
50948
20275
68047
93944
93534
22265
925
9802
33260
37228
88718
418
98764
19554
76521
94256
81021
29657
15450
72605
6563
28757
65375
95252
32388
17079
99226
9032
36088
20335
64873
86862
2265
75468
64133
95879
6083
95959
93806
56347
92184
86755
23168
65036
83727
65622
20101
55782
87728
94194
28888
70762
95087
11438
51477
9027
44230
90199
79902
17019
5876
82056
23605
2476
71325
88388
31973
23919
54549
28092
77098
26531
76843
38686
89723
18045
73062
31827
51171
93793
45915
72547
69895
46617
77263
39351
19309
64537
86297
7288
9243
51707
79884
79498
10589
48312
44146
32663
899
79355
22868
4554
65210
4350
87764
61809
18572
66644
13989
44121
33761
21833
23934
29241
91447
64534
42440
38632
36851
14124
34549
78528
56594
53437
40358
48542
3075
78132
94019
66919
5004
53619
27413
57661
63482
93285
61131
63238
13734
142
39303
240
17120
46706
32870
5436
79207
3288
38225
61725
82669
21802
20972
37187
66217
50140
45852
33269
65794
31164
20819
22020
88109
79190
38740
48417
7503
6892
43077
38303
81908
90927
81522
71082
21809
5472
98642
62685
50543
48664
68660
12132
59873
57655
57694
47946
54535
23034
37790
56766
71016
72579
35305
14074
43060
16816
15225
37303
62859
3879
81806
30397
6082
72765
70544
43063
60905
42076
45865
55662
40828
59645
64546
72984
88507
66469
36783
91959
33070
94416
3655
57683
96202
62926
71158
45427
90159
85650
31392
34355
115
85113
237
58852
18294
28169
7671
48141
58122
56128
52347
42139
69167
16974
87799
45613
19907
54494
79463
28858
78053
29161
74131
22439
7900
91750
27047
3832
61447
61492
7228
69228
61910
61357
4949
967
10853
26372
53915
74010
15937
66815
75134
48753
88629
722
40402
12421
75737
31399
96794
26656
7714
45258
2822
97711
90596
10593
51510
93871
87708
91558
25146
33774
64864
48016
58459
55522
95163
60481
32180
83354
22490
99830
41560
37228
747
94101
66704
71220
48159
28288
25033
2462
67402
66895
54137
15723
40875
8139
58287
9258
42903
19316
47748
54105
42618
73603
67976
98573
36277
19984
18342
58997
52616
40561
86831
5410
25467
64661
27735
64154
22161
73367
94398
72422
79922
99603
66864
96839
41496
3816
8038
35563
13346
27427
18740
93842
78378
93207
81673
57522
42297
20794
68242
42034
36238
60988
67220
12101
68841
838
2982
84644
43413
39370
81137
23931
59015
53999
31081
57621
13609
85557
37522
27614
82761
12226
11214
13964
76132
38659
99855
1659
21015
29700
15397
81282
58906
91717
57302
18727
16029
97486
22402
55211
27945
64538
89584
48621
75931
6375
95883
20837
10343
30165
69412
76339
72954
78207
94419
32513
10859
65820
68109
930
92920
33526
94318
10321
27787
72981
13532
62160
81833
69973
10788
88587
85268
6801
91615
40033
50915
61786
42498
92926
31595
31927
82359
65770
8510
37024
66395
88441
4618
28201
74616
43822
79523
56680
47171
70539
44849
86414
98389
93943
8070
67901
36025
86632
81781
41519
85093
95461
75520
22067
38068
30249
13923
37686
88006
47353
70026
31255
57975
1002
35712
8479
56447
69737
24331
81546
35193
81850
6871
32618
33471
53529
85290
14171
74368
44870
88131
55823
55554
12166
75393
98432
99189
97069
96742
24251
64103
12041
74937
96284
92977
64267
10833
34125
12064
51407
20489
64796
8393
77621
11269
60769
91770
11897
9019
71345
3091
84711
73731
39042
54159
91109
90755
57638
35131
93567
42520
97971
60049
46840
9281
83215
43931
58594
68459
44696
7580
93640
74764
1231
66349
2159
37105
25061
64871
80951
82477
18854
25443
58195
1655
10602
55303
86429
20987
84093
60096
41011
47130
1542
75172
88485
93981
48756
50655
70931
17356
88378
81259
45852
12231
55384
62150
49340
14218
34396
68194
95769
83504
77756
42209
62202
31297
22358
88498
84042
96017
92955
66990
77268
94529
88036
45717
8257
30719
40178
44053
61279
24236
27603
59900
24446
50501
12445
67938
91072
76051
89870
81042
80003
23139
63390
4405
12646
25395
94717
6058
86496
42912
9184
23949
20642
85771
64146
66214
33702
31420
26327
69166
50566
98164
35087
62120
13638
86501
2124
69874
26974
39625
90555
31183
7461
33617
48790
31025
26357
49506
42776
49724
51709
44971
75584
71914
9350
52612
48445
67694
53704
88329
45143
54607
22234
99646
30918
18321
72611
58882
11542
43248
5314
59062
65688
3939
11090
90681
80327
10103
73047
97617
57757
53823
63742
28230
84368
8102
85865
56120
5737
7624
74555
40989
20180
815
68789
21988
26052
82736
60836
77210
59868
16368
37041
87922
17334
93066
60516
53742
38644
33900
63190
71305
55918
44497
79995
41779
16758
57716
91606
32844
99736
61351
40321
48488
56868
31223
19677
39692
429
13142
34283
10574
79047
49869
75518
42396
25105
28831
67216
34357
21658
66546
67605
70488
38409
4770
43410
72676
54172
89846
99992
33366
76989
29122
26499
723
81957
36337
25176
80205
73924
60297
97817
20668
35287
4043
72710
28816
3787
73679
53856
42578
32293
52509
60528
40068
28542
75269
46629
30188
84258
96612
55320
48449
43263
72782
89884
39688
99199
37270
24167
28292
43311
32133
59335
50597
75334
78057
46350
12105
85445
10278
77533
80902
84196
91015
7004
94981
21393
31774
84682
10363
73363
49740
25887
48749
25471
91296
44839
49533
72516
26796
50863
5008
65195
60693
75013
89105
73243
89218
99691
92290
60957
22380
95732
88158
49982
9239
15773
29531
87387
97046
15684
36327
51945
19893
58503
54253
29276
33523
75697
46093
40263
1675
88696
95742
15068
6006
10880
80648
97800
78626
3291
25302
85646
42768
72488
46675
1895
42976
29947
49908
19638
83765
35596
93178
53239
91983
14880
94849
15981
51486
74603
65621
74311
77205
58191
53609
5957
34746
35959
8809
58820
89147
60274
62221
63133
68096
21767
95047
41928
44711
89375
55947
79765
3182
45500
12649
43746
87310
80140
77500
52050
86583
13441
7087
14133
1940
82964
87771
45647
29657
38360
13554
56648
99517
56596
67323
80726
41407
19997
70312
35647
13200
22542
16708
34490
61819
23733
5920
69129
17978
94957
96529
11623
72420
66158
98796
44466
23707
58838
77518
73042
68909
31454
55454
92220
95858
52800
729
11995
57148
35015
13050
88985
11695
20201
36595
59970
67501
66223
93672
77426
94758
81035
74603
1927
91544
78245
7966
54302
42041
41327
71843
95651
6279
18292
10267
42713
36130
72839
52347
77795
739
48594
41226
44552
1295
5464
11664
40314
21522
33407
67847
95914
69955
86694
63701
44215
351
83570
27002
70134
88317
57907
2917
8247
38793
36239
41423
55297
20786
73724
71014
42957
70757
63531
29298
91601
50927
97115
87580
21174
60426
58339
3240
8023
35064
31208
81135
17460
29593
42962
91142
88642
81333
42082
60381
31420
52477
71134
62427
5771
18144
19047
95147
37907
89729
6358
85427
43629
24024
11797
30945
3154
81114
13497
46287
81591
7440
8097
11353
59786
91688
5159
4803
29065
80146
6457
84729
16860
79585
79190
98220
42926
25336
26060
12456
80411
55077
34921
29754
96861
18876
99192
10223
69352
15927
32063
89485
72183
11251
76592
67828
18221
73159
62144
91287
8716
45309
76227
74793
90090
2510
26834
81495
21583
45496
48921
51237
90688
62811
47716
85576
76084
27593
18373
69617
60929
83614
96632
39492
73779
70303
19939
67599
94082
34059
33194
12899
52243
37052
22183
41707
21062
58728
72811
75645
24863
77855
4637
5250
10938
29279
46244
5777
37840
60567
36641
86509
66093
18700
76946
27254
55696
37169
2808
87781
436
34096
79825
50560
16785
92381
87210
31382
71434
14014
86148
95775
44435
87604
10850
68595
86447
89752
56784
13176
66452
92008
94730
7951
85775
92732
45364
91402
80941
50142
24449
41704
86319
4078
57059
42073
50250
15375
5679
16122
46209
18867
46599
89585
21519
47426
35225
44121
87952
7486
8732
92759
17854
58072
36742
16769
68869
32783
33705
13817
53455
5448
4533
33791
70377
40399
31915
4422
74165
91488
74165
92978
25063
20844
26213
21701
85557
91289
72022
13257
30137
52781
19840
30155
26554
1487
44040
93438
44942
3541
60199
38029
69775
31264
3292
81418
34984
19048
40122
95460
87206
49656
90549
81261
46497
45669
28907
91049
13533
85706
95166
70049
44375
9214
70659
71040
79238
35219
17752
63658
67260
87110
10656
27166
96205
51924
43674
19546
5956
95350
36659
43105
83443
23247
57670
15497
94927
33967
57445
40580
68501
17675
55727
41859
19553
41203
30521
5524
57343
23249
16950
1491
82421
60082
55784
26048
26352
25700
10662
8945
43698
34635
47007
66925
10778
21250
52313
44671
17219
22174
92817
78409
84744
519
60017
74779
28024
48963
45729
46120
41477
17920
81712
35338
57167
6676
99172
8499
51641
78535
76729
25012
22272
94350
62921
61758
39091
76825
65844
63010
75334
77648
14925
29626
97852
53357
5882
68107
15323
97554
80347
91449
16873
89287
73950
49121
7175
45731
38000
95072
33920
44467
17360
3170
65475
72998
27089
83797
61837
4435
17631
31086
42913
52467
51676
22831
9038
79804
81200
26826
35075
24642
67041
86039
26901
47143
15068
93165
40272
65598
80536
45771
85941
23120
78878
27624
6586
91002
10531
86933
65775
56402
53282
30296
62424
14710
52343
20512
66189
30499
38925
83366
46751
60357
6875
53524
64294
57158
20655
44853
42801
48545
56025
81884
2504
69389
92662
93273
83263
88978
96537
3126
70289
47435
90105
99826
84243
26812
86930
83040
26512
34364
91235
59066
72359
80038
21452
59655
83219
56402
5477
44516
1082
51485
92159
86539
91174
17859
71271
91717
39469
79853
94837
4746
47213
74419
27270
25867
21994
68744
62528
42619
58506
4519
48305
36015
82113
94990
20889
63265
523
10493
90280
42692
40447
47658
73033
74491
98467
34871
43062
62722
54763
80230
48420
59903
35751
86111
9076
85953
18673
94214
83030
28276
36587
51303
51916
72198
45936
69225
82710
55999
48709
71027
88350
39472
6650
80311
56932
18475
87513
89875
37505
64167
48698
70360
52774
81360
87665
23906
65850
52379
96811
83668
72125
91729
73668
86642
72517
55920
19413
46648
48004
78450
32408
48887
65125
21858
18468
58393
85434
81999
67756
99380
14435
89803
33926
80817
98719
84334
81515
65805
95258
82188
22971
78948
45642
57314
98069
3039
24970
30155
76417
33208
76894
9048
22252
49651
82067
85041
96843
55630
86258
26928
92810
45940
32299
76350
13318
26845
57085
77127
53260
11248
36908
55636
44054
35809
26564
35020
34377
40028
18369
86977
36491
45077
83809
93418
9468
47253
77044
27807
52654
89242
1011
52203
43933
73646
67103
99524
36099
70483
23224
54089
9440
46147
14430
19850
66163
58392
29596
19698
31365
14673
52271
30679
70906
46407
97355
91509
77856
80106
58234
11502
30815
62903
49089
57485
93807
66157
95919
51703
26213
50340
2699
91034
67254
9186
25808
56526
90003
84413
28214
94383
8020
40894
3603
56633
49574
18934
52527
80476
6230
94382
62305
55331
76757
73954
51382
65902
37520
83539
89354
96300
88099
20757
14012
91292
29717
57219
71238
12323
43829
19972
72468
79485
16526
67259
55443
54817
3437
14402
18878
61409
94900
59254
91534
62881
57593
6426
75223
83184
2084
99682
35265
18165
20850
60858
41022
81729
3262
7389
24857
95447
41185
98425
32909
67681
53812
11621
59120
11964
70786
52370
61517
16735
10407
56277
11932
8200
56751
65644
76974
7884
35509
64637
20490
96
80546
69104
87158
20652
93530
87374
27543
41719
76977
63085
258
24240
68274
76694
91542
45166
14646
97443
25640
63054
45152
25981
22609
45842
57001
79817
18368
11401
28193
77050
59984
41460
72676
20127
208
98147
38656
27448
25527
88195
358
11367
71789
86004
6032
90071
76710
83484
19026
97665
73122
78376
75942
47684
713
59534
84920
80896
22740
62875
27010
15549
13185
4108
17316
53536
63750
16156
93177
25061
37720
92625
68917
97089
73795
13824
52313
8915
15041
81470
11236
74121
61894
20419
63889
32661
59395
39078
76261
84632
30968
6518
84041
55676
11067
80091
3426
53434
14826
92254
85247
67953
43021
33588
31923
50607
78019
33222
92746
48397
87181
84351
60712
340
96594
49700
4913
2048
11910
37757
73535
48341
3432
23120
15354
40974
53001
79750
53013
41172
12451
6939
27447
95199
30317
63961
25534
22436
6222
14360
77685
35101
914
95737
61004
81971
73241
26140
1950
19071
10913
25101
95034
42048
18886
12925
53878
83807
52832
50551
97438
55281
64851
88975
24476
49405
53872
90606
60367
22549
69464
82292
79511
413
51386
29456
42817
87246
77832
69926
78981
58988
37847
56081
64955
85644
38668
84872
10058
45433
16283
60272
20863
53818
32151
69033
11344
71708
96332
90668
262
23325
37939
7628
22643
66365
74756
67841
83101
77823
36892
56791
63378
62214
97890
37342
27962
96292
18039
4312
18293
70892
8513
24082
2165
91536
79709
86870
41717
16616
11309
57524
43489
48226
92595
81175
23893
68230
69278
22865
17271
74631
56787
36930
95522
87288
15794
45501
14462
35478
88186
68859
66044
10065
85832
80403
70824
85447
79536
80526
56123
16639
82967
63015
30395
57537
46234
52935
44937
99081
36327
76744
61860
74929
49665
42769
62130
59397
45374
33635
96620
33205
18613
48612
46815
926
92879
48881
86536
33874
95865
82198
47287
34237
95648
95242
12124
32622
79226
26035
26919
63686
52625
40696
3410
38039
43166
51944
68054
69405
86499
42646
8048
2592
2972
92051
94381
68482
82425
22143
93565
29155
72057
55064
8905
69656
54802
74424
50166
83410
58181
37718
72583
12155
2295
1587
47358
59590
5033
93952
82398
73509
59179
26913
71096
75253
2333
97361
30596
86103
10272
94024
75558
58568
45708
89178
23366
40599
41504
51176
91266
96583
49558
48190
69063
73382
78029
11485
68081
30680
12897
85608
68648
41719
7642
87032
43475
67308
52662
87906
30948
36318
57999
6279
84868
42851
39384
34090
74710
65217
59740
21513
2161
93161
32108
37956
9382
54456
43400
29326
86929
28740
81602
22765
44124
88620
4570
23730
7753
36748
37298
13797
56929
91369
72517
68105
30002
65528
23495
75041
49099
32269
27812
50835
91688
70988
39859
39348
66358
71625
81392
41757
52663
85921
6404
71460
69449
28763
10081
21565
39685
29682
34269
56481
93222
90325
73087
51499
91556
86892
72347
92377
52694
13120
13060
56686
53886
33781
19952
28734
19729
81479
79835
20717
3224
35295
21286
43649
96274
79445
98791
35703
70285
72001
74108
69566
80752
97569
64242
70129
67108
93106
68598
85771
37264
78225
34067
37689
93759
2712
126
91086
40518
36016
85220
41514
9522
21591
67696
67000
17934
6910
64996
80287
72498
14852
52014
64465
7867
68389
49657
26756
23064
68558
71230
69522
94380
21629
37173
61330
28485
58577
26206
32853
2952
66423
94076
53672
66441
69100
63945
63771
55597
86632
92021
74504
49904
82763
37272
44764
92691
5409
24471
42089
77068
46830
81064
40238
70376
52788
43467
1572
18202
95428
68102
39855
72017
30488
19619
18799
25228
17503
23307
15342
5256
56093
11372
88088
97632
61305
79759
13844
10925
26947
74693
7970
31923
21205
45341
63260
50967
53798
61174
76904
47230
80655
38467
50508
86910
53011
25144
35161
46798
17671
4725
78488
66134
84042
10169
16770
82486
35450
58646
39485
98436
3236
93696
26114
47239
73426
54291
37578
76464
13967
67432
82202
93035
44499
67608
1698
24396
56671
25608
18008
74324
2292
45724
13763
90635
57083
62921
11793
35947
29187
4324
47539
37572
80681
13289
25095
20074
3209
53533
57581
19254
58831
60166
95864
72117
88217
46767
96188
56238
89924
36453
60389
14009
45699
17445
65264
78395
89819
74189
64117
40974
43133
36229
30430
95702
70586
62381
36675
54529
80909
30564
88775
87017
47474
32567
15212
12034
49717
14672
5048
51384
49079
6885
21523
61972
63274
28119
83482
83687
23113
67174
44837
90509
8297
32771
6721
10619
45469
70946
39236
39937
54971
66193
2516
57378
1928
88228
81282
23831
65742
33430
64353
43970
86143
54345
64167
8787
59296
27729
23969
45732
7723
27195
63937
81679
77225
36118
78506
26631
62317
53198
88795
40260
92291
70827
76841
33865
46108
73387
21866
93073
35203
52972
8894
88458
57736
71870
11819
18728
22651
24627
72829
63384
54389
92769
81109
78949
29136
22944
96095
80107
58796
28731
88542
53240
62139
34353
1125
75044
75314
35710
10669
2681
478
83163
95790
73587
70998
28173
29371
85526
70579
22338
45983
58221
73184
51943
43654
84991
72535
64119
58243
31405
40752
88401
28642
76770
14184
43927
71107
71130
24319
11825
80772
13469
8140
6203
49042
17471
34653
40420
5498
8212
93526
19902
73914
15000
47931
2226
96618
74566
97246
23735
71609
64369
60939
51188
64551
68724
90105
74391
950
70172
74180
67961
8209
7260
9505
39256
5362
19011
87034
84301
5960
34497
76068
72212
70925
22203
92479
69333
42602
68682
17431
7927
53717
48242
91098
12588
44722
20401
90854
41551
73933
9442
60201
34061
77915
40318
37979
26670
51270
50286
39088
82301
10152
16237
34586
55632
21212
58346
45847
35838
77206
57358
75442
86773
63833
24787
53741
18308
13046
57464
17909
21791
42726
43266
67920
19924
98945
44836
97343
33988
96231
76155
32104
41368
51345
81243
87427
4381
44750
20503
76088
16501
63574
17135
39068
11819
10530
60078
44447
25441
3919
26460
67608
49785
58510
49406
6600
11320
51102
80904
67071
81270
50838
5513
40826
20245
26326
44143
48257
4813
59259
10126
14053
83799
12945
35641
498
17276
10455
21572
7344
34713
63184
31151
32085
91282
17145
96640
21522
63676
86315
94465
34860
54896
96757
94675
51602
63866
37780
21193
74898
28365
90684
14930
52449
14856
25726
27409
72677
59272
11268
28026
97676
8357
24743
47404
1674
64603
46303
86674
87995
85018
79902
68866
62745
27959
23827
73440
94590
63573
70142
50759
34151
60789
34641
80610
70661
68475
48967
76991
19983
49266
91380
57956
54077
86738
95339
89559
94374
92060
15117
89708
56790
14186
90273
26002
11010
76002
40061
57200
62568
39277
39364
85922
99608
42589
72941
29315
15378
85392
81893
33315
9499
8529
49945
80035
50966
493
88165
39085
15194
88778
8776
5279
44616
8851
32743
92281
21917
67047
90592
89335
84646
6219
50050
25660
50255
60166
56810
16619
91880
68947
7732
14046
37085
95439
91510
87284
56426
68596
98727
11156
51495
78311
19662
35118
33819
16305
77149
34680
22161
55353
61557
87159
52287
89527
66364
59517
63509
39048
20612
28792
79572
19016
69855
19700
32507
35470
70343
74813
14742
33502
12425
7585
76284
60704
3869
83715
39391
39633
20593
88677
92153
87172
27935
55471
59953
35188
90807
84273
39155
92017
51336
7903
20724
1118
82613
63396
76027
26451
29484
95778
36165
79941
70949
76888
34171
63915
54190
28161
9930
6409
46837
2692
46630
1245
44013
6642
2629
99522
40080
60200
56519
30919
34590
45360
86841
95781
25178
66262
95511
404
61044
73035
33647
42692
89074
19653
34172
6548
45554
83312
13554
82836
97341
78549
5566
25441
99534
85763
22320
44514
17517
69460
46026
18187
77352
7454
9793
84030
19839
2594
59562
39904
28508
42372
48697
41530
74213
26513
93537
13384
11196
50571
69062
99421
84481
75983
26435
46434
63492
74892
71425
75399
21061
62178
47584
54643
40286
46678
52448
3017
86036
90155
70826
71366
59949
14456
55271
93448
15342
58865
46211
25443
673
37023
83995
23869
68288
19721
74272
32966
60582
43198
37023
48500
66062
89715
21997
98255
22995
29905
56755
65845
81732
53976
59684
46666
74861
37059
61450
7239
68152
51489
50383
86067
99979
19175
23325
30522
78965
70508
49621
72272
61144
81233
62065
51489
74882
99792
43761
26191
87059
80036
10301
16256
11037
50207
51813
32900
14279
16950
59780
39543
9524
19447
34393
90814
26756
75255
35180
73976
37602
71034
88911
27432
56645
43918
69992
4894
80776
90072
81743
94020
23407
36214
25964
52549
49747
3271
1625
51522
73421
7257
91958
21061
46214
77569
16484
40363
27334
97875
40071
83996
92208
57166
21165
15352
59674
9741
75107
83169
17328
70563
36011
3544
66112
17904
99849
82393
48331
97488
34009
13756
61874
36397
8369
77655
27754
68701
99282
850
31689
98849
50915
82580
97185
61716
45783
6487
1372
48509
4652
33806
10492
17476
14136
37847
51773
20942
20875
18921
33068
71893
48433
12549
1721
44580
48603
14502
48168
88163
23514
24579
2006
98452
61075
97533
16838
97103
68742
65285
4332
81619
79425
51332
57384
87685
26937
47138
69764
67769
97470
93453
29839
3138
99521
41826
17269
25454
94277
73098
53936
65813
95978
20665
45353
51358
26033
34375
72373
29037
53163
68103
64184
84324
88472
14557
87232
55749
14760
71558
2987
77782
74075
60646
14523
4545
52090
90054
83815
20175
88960
60381
19577
91560
54894
87989
2093
26126
2444
51277
69191
44640
82813
70236
58847
84906
19275
55946
43576
47267
47473
49241
37900
87994
59828
41568
98184
45084
7036
16914
60282
51356
81480
61961
15936
47080
95413
76660
2607
80436
59281
71720
43659
93298
48280
7288
20694
18561
89354
78631
39443
15502
62008
44397
63706
80839
2555
64865
36925
38635
57913
3401
60317
55127
91210
18442
88288
79327
82331
68118
75079
62678
2968
80156
76039
85324
38231
78665
90067
53165
22204
54911
15917
66180
22300
60067
97488
85291
86275
32115
49761
34536
1145
82328
50348
63083
78781
84278
57097
66129
10904
62156
11301
27662
45967
30303
41117
6277
36232
37154
69125
48725
4529
68536
27588
46030
42784
53306
21707
69543
35506
25372
89770
59803
15071
24214
26521
60679
63501
97572
30602
42019
85265
23451
50161
35377
64021
85106
15537
82484
7720
31101
42166
78522
27151
37585
51888
63424
24543
41312
32474
46279
64117
36989
25378
339
47149
75416
88225
96748
1526
12319
91977
49497
63091
82890
22835
84832
35040
51639
49961
70354
5817
40611
42176
85082
21084
57908
99368
48218
17218
66507
73866
89514
5287
56655
7809
97560
93834
12441
47142
87007
16474
42758
29265
65451
64653
68055
2311
39868
502
66152
44609
56380
69447
32500
72276
43256
46486
55260
2440
24076
9767
13078
45118
24967
73720
95547
19764
23624
68300
38410
64839
41153
78827
75080
75924
75474
48399
62061
33858
81556
22963
29448
41181
33617
22425
85778
63390
76997
39480
64701
14271
11711
79702
837
17666
49613
34169
58709
45931
91977
96399
95853
83013
40554
38886
59009
11047
29349
79616
38036
49936
17441
97336
11113
71923
75088
87915
53046
31734
61403
71550
64644
71600
73897
38789
73248
48985
77751
87658
31530
12831
315
89568
79969
73316
24241
12965
93016
87729
41570
67983
60212
6586
1219
16669
52340
10486
53142
10278
41752
77682
31736
3057
89008
7429
31662
5286
42160
62070
34993
72146
65377
75555
47972
69139
25735
84867
4342
94462
17079
31039
10680
5172
84073
74131
58834
48118
8686
7563
69156
49001
18352
82834
73895
98384
85723
2273
9668
43935
19900
94856
47576
422
51534
69675
51154
6426
95424
1590
75999
81289
59044
71778
22638
39581
22209
27760
2883
69241
85092
58693
61323
30117
66664
54802
9708
33664
82608
68880
51749
58355
85316
14873
8306
54048
22500
90138
78925
30076
63168
32663
75428
91826
38632
59951
44926
68012
78807
98407
179
38885
36392
37332
33463
92795
84298
364
79634
64533
80235
88951
27767
43019
83325
17368
48309
86291
71393
44244
33005
27113
65101
20668
3378
25728
36203
77584
30876
63146
84189
19533
45637
80774
24516
16706
87904
23380
41911
45334
40983
84606
44647
85281
1260
74703
36990
70802
82783
2041
21133
91614
54487
80799
28518
25995
1138
25993
32722
59862
77460
7173
4295
81861
54911
73348
22046
9888
44249
84586
14062
4830
98925
53700
13267
34544
10570
4868
56798
57841
99397
63195
2553
94344
33007
4809
6678
73145
24629
80283
74010
1165
18341
44091
11869
24896
17933
99601
30490
57890
31885
24005
93621
90526
43952
45471
39660
75690
34179
43020
88970
64518
20608
6643
5302
30170
63312
45873
25462
51734
7797
73440
61884
22621
18067
87482
80943
17801
56190
83119
16621
22101
53446
14463
14924
91826
41939
38586
54951
50904
29049
7990
93658
47748
54707
41778
72846
18712
36879
69616
61309
27813
53429
56863
52362
19201
75685
33847
62595
92498
22086
63226
93206
7004
51201
95933
46841
35296
89494
75452
29937
17507
65093
90459
43875
99964
38824
46190
17786
70714
33224
65456
51058
51464
12003
83722
66934
42331
27188
66049
15700
51629
36566
79405
40457
48097
70554
96357
77653
30727
41112
57011
74675
40548
63611
59819
91904
32159
66928
16958
81817
9741
60559
89077
96105
46171
82674
76814
75059
4564
28724
98162
99666
76342
80696
24103
25543
58356
1701
17976
33069
10746
72295
13957
1945
34904
73585
32356
17870
65169
31795
91334
3854
63008
70714
57257
60656
90032
64783
13160
13696
99319
33700
48944
8414
24051
17144
90293
30316
58343
27478
99055
45966
95544
5048
16951
81163
83651
21120
61719
58201
5913
17323
23302
54776
11046
92015
47516
19668
51456
62239
69188
56235
79477
11908
37600
3211
64286
39141
49256
28595
66310
36326
17097
10105
5949
38795
96346
49092
5984
17636
74540
8390
57828
36241
46541
93837
29137
9482
4488
71986
61138
14524
46434
17508
17479
42686
48694
5343
67354
45274
46179
40642
37201
55985
8801
31687
21910
51548
82083
78025
66718
17273
19172
31940
8095
24216
12856
97677
65852
58362
21082
34827
50550
87731
63688
21815
61026
9944
4494
69466
24527
71663
12592
93193
98138
70569
86380
36483
6792
12517
6038
25125
89485
22409
89232
21957
92731
92330
13166
94424
40118
71926
71020
19562
82785
10924
33307
1326
60133
77535
79462
61066
6128
90471
68871
25907
42164
86489
3398
77864
70193
35824
91077
99947
22678
18638
40508
32699
42923
14289
29211
1082
22331
14782
1340
7163
21419
52521
84031
69769
14013
45889
59701
98028
68255
27904
65934
86417
36883
37748
52792
37967
60495
77918
33145
4687
22811
72237
50187
1838
83272
12935
78555
6326
71861
56196
88494
58627
96292
4350
58500
2312
34880
15623
13549
98825
78836
14411
78355
7537
80782
8862
4760
18711
92948
21869
52252
42151
52118
29327
65040
12043
6566
16852
75977
30103
2047
46290
68205
93700
78405
73788
25846
1370
51281
41117
55719
34575
30486
56572
99897
13605
88098
7257
87689
39532
37834
3510
28100
15599
48206
87463
12924
4068
8697
13031
22808
26167
74261
57330
38937
476
41507
27980
32348
26769
7966
54505
9848
94296
69420
20179
84577
31231
65512
35813
98966
78884
10824
40292
92923
53761
91681
62552
77640
58524
28422
13297
41170
21438
26229
36533
55660
59231
85638
10002
97504
84899
57988
97116
36425
53896
10128
39108
93309
93141
92246
66619
81390
95099
14861
4544
44525
64678
9900
89621
73363
67508
73949
62572
91218
92043
15904
72388
73740
9841
45385
56407
87316
26241
88370
54094
83160
37411
74115
13435
24449
91502
26167
33338
55532
99897
24919
74727
98185
50165
42980
18349
53477
10812
22721
26712
33312
38576
10979
97422
7963
25605
54039
15795
44755
9018
49458
11569
39461
30588
7797
59133
54291
79166
96860
46130
93655
43929
74795
40086
17293
19990
3102
95712
21695
18312
9469
57883
42453
35713
40351
95876
89571
79949
96416
97618
87112
94902
37563
91766
44696
30502
42308
66325
61079
41950
12787
77967
59599
6857
44583
21541
19435
50938
37889
73229
11506
56316
4746
43395
9872
74408
18966
59787
59808
41804
14907
43325
44740
7779
39032
91568
10213
20137
3462
27927
68601
17798
7768
35765
66706
6436
5677
66661
73070
30193
5254
49438
62278
94104
15381
25320
13490
45369
46731
17872
60532
85061
7043
38848
45713
72730
7730
7859
89945
66142
41588
95553
89789
4747
74178
33043
93695
34351
79648
60224
60217
51997
90797
75789
38629
32425
86433
19150
65483
96558
25401
27611
16314
76581
68140
14865
85144
59559
25660
47126
49986
9230
4716
17630
93709
74782
29856
86510
80829
68430
24090
44678
48736
26945
11496
29568
35482
2178
33002
33756
94440
17433
73505
55233
29692
35259
59476
382
14178
86875
94713
30789
1065
71477
38077
89757
43336
89613
88199
27314
43601
66590
32134
57376
96412
74820
75173
54800
31455
15429
37726
35104
73816
55967
27892
86989
50010
65961
10631
27105
60949
10187
5707
72274
70160
85285
5335
42568
53231
15826
88816
58740
5227
78525
28183
63459
1402
88212
99343
36313
90662
30612
46078
69415
75616
45660
10531
23715
64123
35492
16224
54497
40937
26771
81510
62464
59364
95478
46935
16659
4017
36189
5317
70094
27676
42445
59345
92836
9330
24448
53957
62701
18066
74082
86020
89274
23090
56801
28225
89489
36326
2057
8763
83005
83949
87053
64409
93323
42057
77357
36476
4617
25436
73693
15509
18398
86484
67066
4093
86014
83440
88135
24310
735
37487
13564
15213
70790
32947
80177
87509
90651
50627
33784
5518
77510
36324
76667
49725
96816
56327
73523
53908
6986
56598
19785
922
82380
9496
89181
47372
55497
28079
53068
69707
67111
92830
89343
57440
15469
59773
12648
5440
22723
83546
92789
62233
15163
93826
72076
63419
42116
94705
72524
71718
55605
41520
35300
77852
25960
65774
45669
49571
53574
61369
79850
62537
79906
13316
97344
2166
46818
98406
26496
66454
26964
29597
95784
96517
16587
42327
74722
21837
16984
81571
90773
70747
78095
84997
75303
20093
31384
72815
93274
81873
94338
34697
62555
79943
86635
80572
19230
11982
96134
38598
74067
64192
91270
6859
64048
69179
40749
21474
24191
59180
97599
43657
53755
65102
97219
82454
48846
55279
88052
52057
64216
56013
31852
29860
88637
49758
35839
80543
90619
9737
81047
77896
1293
16852
12013
97869
56608
75462
31909
39181
88787
47260
18379
13108
35853
36139
44425
77076
32735
12276
68414
20526
4161
48671
7597
89500
80235
31337
10955
61791
56390
79657
85224
91446
1816
53695
93323
7664
44326
88660
41692
73227
90684
12852
741
11132
98946
31454
94367
30145
21548
85628
37977
25225
85856
66073
57370
75132
69715
1814
18707
35919
70523
2256
92220
396
14201
39695
10747
42612
52629
22877
53535
87387
67572
5971
37191
44634
84071
94572
44309
60466
4987
70677
76291
84897
25591
32829
73467
46388
42974
2294
50955
85349
11174
90371
1908
85329
57136
12036
32646
40435
92681
53342
88495
81537
13974
98566
35417
19647
10840
63891
19877
79485
48066
71489
37725
40660
63370
84299
97728
57009
14876
24716
25694
935
87186
72979
95857
757
92897
93157
76312
53125
30205
38369
944
44854
27082
70022
36780
87613
98193
17989
94252
85310
27747
27322
54059
40210
48893
15693
43749
87197
26740
11075
5164
47061
79569
62517
44278
56466
81443
49948
73339
1698
56969
50798
48420
59023
923
13164
23533
95365
92943
12627
39306
83212
23959
52867
53429
86535
8015
23611
2274
87947
6520
48663
94687
35942
60458
95821
52860
24215
27831
42173
36985
95451
98511
35293
23797
68952
58461
10713
68767
62938
53247
90564
55934
82960
50850
43850
44696
57898
20727
57661
21408
25371
39488
19401
61015
57675
85899
39206
34000
13914
72893
9819
84417
98221
31164
46377
41347
52783
56234
19115
71113
80096
5076
79229
48378
98986
73089
84523
23008
59988
53262
14748
33849
44187
24173
68377
84736
425
29424
84072
89451
39760
93628
81493
18844
44713
11615
24943
55186
11352
956
70413
52245
80103
80759
18934
41955
41366
79624
76451
82767
95806
94522
34142
52914
14879
75569
60503
74137
53400
7787
87155
49347
22276
3994
12372
97772
58759
13090
4077
65709
99746
70433
26528
9681
31656
28113
54804
34877
19351
98452
84943
71273
38534
34944
14579
27804
62786
43583
62144
5797
90600
71370
81043
41784
72652
70745
57152
45084
25992
83842
90540
10342
65019
78334
29752
55720
11680
49587
7614
50008
51272
46959
67924
73930
23112
29319
23107
37180
72903
88570
23664
38421
74456
18482
60486
6580
78611
79442
23659
19424
56350
76309
70026
39052
4049
40367
93404
64892
85783
95719
28097
34369
47238
66529
42303
59283
60702
74034
56056
78764
89505
64181
35506
15608
99407
97917
4396
39493
2795
76681
82049
29581
45072
23335
85190
73522
32501
52998
20672
24536
58463
45364
45779
86368
87644
12347
65182
79963
76163
3583
69822
82839
8049
82918
65233
25133
30530
51209
30814
66254
48464
33702
67121
31010
52894
11101
65976
24249
98992
77310
77053
53764
78245
65398
32224
61447
55727
71704
17659
86147
65822
98835
52540
9605
59486
4227
78933
64757
58293
92180
13832
69693
80909
83007
82364
53029
25205
93940
72286
89784
50220
49953
94661
61473
91557
84937
11957
35011
74210
62163
1867
19318
71915
1533
82681
51226
15589
80789
92331
73608
81271
77706
25546
1958
57897
29118
82120
22134
50047
86466
3234
34712
50942
86412
60149
9456
44855
6451
6212
76874
77989
43971
12112
83715
68662
89836
91576
59677
5399
78096
11753
58685
77754
21074
87859
73458
23690
54270
68419
26453
67344
72136
72062
8730
72405
36508
91420
14075
49559
20795
89396
78028
82784
57333
77215
70174
72172
891
42489
50577
41761
43215
78195
18755
68083
42843
20747
87061
99332
94776
13959
35502
66573
11984
31938
64741
98381
71040
40523
2595
20140
68214
99480
1475
69147
84019
61679
61095
18254
8908
57201
44484
37376
33994
30128
46558
12266
55635
16022
25205
3077
45308
92681
10081
83499
20283
52792
75937
36352
55379
1815
22213
11206
83266
42152
33575
68573
94592
88485
13393
37274
23695
30200
12014
62537
29739
71549
94189
56774
3836
73040
34182
65946
74524
15065
25577
38137
32799
89069
19084
10816
21771
83487
15901
34502
63775
10975
26180
34881
40052
47062
85877
39624
31837
95890
39271
86670
62168
14804
58549
34707
72057
50873
79421
68379
86309
41312
65511
4196
78791
3983
867
4327
70229
99829
20298
19983
41054
21329
49420
22964
72569
7675
77475
60041
10534
16279
74754
15115
43979
98975
77039
69665
97271
20295
17287
74396
72054
77513
2012
21814
45810
86901
11025
19668
76289
3723
47436
37019
83755
31830
99315
78485
17437
18309
12623
31544
90025
85035
55901
23963
33072
85420
63588
76086
22107
50681
67603
49705
34660
39569
44894
46516
76129
14740
69344
2590
24105
64740
51015
53599
33109
48734
83628
60381
4079
61825
10428
22662
32621
37964
74295
76122
35956
74478
57848
50059
61227
36663
80665
15096
99537
24305
17577
35882
84574
3852
40177
53950
58427
37797
77305
29177
52997
4955
67813
88805
26026
86035
91582
1189
96138
36317
37642
15253
78063
84667
79896
51593
22881
15426
88915
49494
93121
27026
45894
65407
97686
16616
38143
94072
87454
17148
8663
66372
80036
50299
93201
91687
5538
24951
20485
34713
33936
93167
84663
92485
98093
80032
24287
52959
47223
54136
13923
58446
35569
9341
37950
38509
66634
57386
76262
30522
98545
10778
88611
75979
17620
11412
58124
98949
91916
43634
67402
33851
52592
49113
55173
180
50787
6246
6146
33027
61598
94909
8628
65565
81828
4290
74611
48981
14410
35602
9633
17841
73451
727
74976
87046
68105
991
14283
22967
89771
88060
74917
5165
61950
23917
40483
48741
48555
28085
16497
68399
12714
42351
76697
79066
23272
27379
60324
13149
4410
87182
52461
89869
60580
64618
95379
5630
83423
92855
87202
66392
126
10238
67102
61591
41401
81650
82360
79568
50645
45512
76441
63289
91961
62496
89312
65118
23129
35123
72947
95233
50993
62991
91987
47999
37725
43009
22443
68148
24495
1369
93933
6460
30215
55780
44172
67420
74993
36699
11219
91187
83803
41687
49102
46034
19248
78677
71496
18955
58427
84923
61052
94907
70136
34706
14603
13998
74901
65047
18802
39631
31999
65844
91954
50758
60040
56181
84981
22877
22111
74408
53375
98025
86228
80326
98435
36236
65771
78681
20457
70588
10420
72465
94130
84187
35222
43260
28993
64713
96839
97713
89687
8126
11164
12888
61297
69617
2482
87745
1372
50597
93283
19552
89495
38664
57282
80457
3579
2129
99789
66387
16465
13552
55147
64774
3358
46805
39849
68886
6429
4264
97035
16496
37968
64222
51020
96504
55435
46145
46441
34201
32340
63652
93375
42608
38000
32177
7418
57375
28251
72004
11083
55804
92164
32053
42181
35398
92615
76880
77242
90902
23337
66842
77146
34529
8290
71275
65255
69615
67345
66736
45928
23360
45281
76129
55365
88106
49185
86589
44321
85152
92993
52403
99460
16659
21258
57487
98150
51560
47841
936
38942
92125
58928
80293
79940
7287
73855
99386
94661
10566
42689
52367
9575
35050
59166
37632
90907
33504
16993
89948
24114
41931
46272
58386
12911
57486
7814
11353
95442
46210
70878
30104
19595
74265
610
36038
63309
57756
90426
5328
78246
28814
17781
81343
98845
58085
68638
62302
8233
52630
94004
51362
23683
49794
65522
38581
71306
91536
83558
36669
92541
923
45016
13580
59689
46485
92329
58383
81168
7181
25372
13755
72809
5927
66909
61259
98405
69755
4094
19227
17454
28941
8562
90557
95618
79499
94374
98394
77727
76152
46792
12650
34121
33009
76745
77610
28426
89058
3341
6565
2129
36425
13632
20892
43907
14926
67051
58949
52536
37487
58893
73846
42062
77835
77867
84752
74171
22512
28942
62058
65281
35375
9656
65522
12127
11291
8895
38494
53241
36018
43822
95858
48206
35955
89506
55056
27343
80389
11590
83590
76801
97750
70643
95258
57286
64357
45257
55314
80157
30694
30213
45584
30904
53330
25356
71649
39427
68219
91907
28061
90017
6902
63093
67686
40624
68741
83859
20093
44849
3404
25912
58719
76521
54755
46494
60098
64307
18671
43335
75897
91005
61068
25024
96940
92878
64903
55961
87329
28135
10881
9640
65977
3720
15272
81960
12301
30060
77183
90916
94994
72659
30015
64802
31232
85201
57625
30428
78689
70061
23833
80576
41002
52560
64998
12351
92042
68834
64853
66585
54674
13745
13124
16068
71268
51595
91068
85299
76902
19996
7863
68565
27200
52342
1905
69045
426
57686
94677
43015
56025
86225
82290
50305
14936
29083
54364
59881
65421
84659
71527
92907
91414
52798
9516
22174
73671
54588
59478
7676
97446
14803
92698
9580
85066
2594
56644
90982
12571
72864
10021
58329
40642
98329
11298
4480
41475
35451
73227
83737
4094
96397
65530
9552
48431
52280
39513
45697
64698
16744
87653
57142
66003
99570
90399
94858
42269
59290
92524
64796
92337
8971
54640
27032
56538
80733
46593
83047
23278
33372
94278
56092
13491
77085
61588
91089
6315
51903
44011
81106
40920
75955
67350
4282
95742
96618
1990
7442
41265
80855
93107
86818
54824
23873
32386
97250
1538
44271
8975
80907
50577
37647
44328
38595
47070
23229
14552
16882
59381
60299
37360
71306
59832
33897
98796
82821
41136
1119
89848
79801
38366
65779
12410
51360
53613
22652
61727
49358
91038
373
53477
27266
30211
67940
30473
70601
84847
64501
77710
88936
27803
4924
50106
24888
51120
81774
44533
88727
34987
77425
27243
64499
95251
24670
70347
37986
31398
22568
15539
74414
29668
9643
1525
72676
35989
32571
29364
93998
90586
17971
91661
31225
33972
62883
16332
25884
44806
59971
3018
24333
41502
13620
34075
47828
33375
1239
43997
48179
30203
61495
96127
92355
57937
65591
62849
58252
20629
18421
68149
54511
75580
60976
78946
6070
48885
67728
61941
28164
42519
85927
28625
84657
86601
10720
77320
83474
47939
79345
52146
90589
54308
91419
22441
94310
69478
84448
78815
18022
47118
34168
3633
27193
75049
30706
76621
2481
77388
58892
76897
60336
35471
73136
90717
70092
46205
68825
81729
13957
99546
94719
97967
84367
6766
48855
15058
31490
35959
8841
40953
78212
96601
47871
29428
15608
22568
12529
76681
43705
7492
837
57492
9492
30985
89786
62131
15157
70155
81018
75388
84340
27207
76718
7932
55385
25615
97718
37160
71533
50819
35932
97414
66246
56250
45505
23118
2384
25062
1816
3205
79305
62594
35131
26325
82627
34655
99823
40726
95100
14136
51956
42463
30517
91341
55594
11284
41805
77497
31537
95090
734
28686
98251
12485
47828
59585
40542
94528
7955
26907
67752
97932
40926
32401
92820
43174
75583
4840
30802
60083
92280
92407
24635
69054
5951
9868
62251
41873
33296
47327
6337
89071
31061
10690
39409
21358
28410
30647
16443
57069
93691
22905
45936
2932
72870
15942
54148
33016
63750
91458
62558
34004
63332
63178
8469
76155
42144
99514
89924
83951
75807
55753
1506
71148
93223
26858
17521
24751
49115
83809
26156
61295
6757
33280
81837
36557
88987
40375
48876
65321
21206
41224
41735
9982
43526
3230
87379
81041
60876
19317
91707
75018
1088
60840
40665
64521
71836
73986
19253
24604
38122
712
86831
59985
49485
860
1655
83923
71491
76438
3459
28084
28082
90638
29679
13372
8405
10796
62041
60637
30413
2714
75497
4777
37183
12515
30784
96537
52971
71959
9814
69471
36290
33553
31874
53172
17261
74653
22745
96772
60546
83111
96459
73160
30518
75271
46397
29355
80923
88268
87423
5552
45932
31827
80700
45145
95520
39103
97887
48865
52665
66104
36620
68600
32133
94865
71932
79164
74886
9712
18114
91593
59740
15474
88353
43787
59561
30860
84442
61830
57545
80579
91084
29978
35103
80176
56333
16065
37249
70221
18892
73718
19790
61132
28331
43197
42235
73175
70342
53003
27472
85209
52186
52881
49607
57500
86704
13206
93411
9516
7274
96827
92071
95872
95322
75482
25314
22962
48356
8702
44714
29619
73861
77196
10543
70918
18670
36328
25053
1942
12545
75771
12630
60789
34502
35698
32442
24560
71351
25436
69452
63573
45969
73183
81251
95981
66369
48393
91933
95490
12500
66350
36806
61571
45842
27596
6935
98905
2971
59992
74449
36211
84131
86345
33674
12634
54359
15839
14148
2944
51112
72745
51426
46585
58712
31032
99825
93848
77005
44954
6776
84005
98391
85716
84090
10439
684
30685
22926
46631
2068
69870
85010
52106
20163
76920
62370
40257
2249
63619
65848
11467
73109
27131
76842
80982
97637
94799
97102
65755
91102
38555
67717
32569
61697
34958
28178
61324
33019
56095
72098
69886
18840
82846
30812
20265
56481
31929
96920
48940
60918
12942
78516
32361
95968
50690
86321
21203
74606
90257
87807
90625
39317
96716
94586
49597
81351
92233
24885
429
65161
87923
38206
87121
12481
69764
24373
84865
85610
42082
73998
43257
97258
64234
25854
95346
47613
48296
16418
71647
68955
83446
82286
57985
62278
77609
90998
465
22997
67249
81189
39342
86308
12372
26295
79722
86544
11173
14467
84249
40569
72191
80004
85946
32652
84190
72520
50216
63703
35240
472
69278
88370
17036
67120
78973
89362
51215
78512
73779
90623
96881
3652
18088
59532
78611
33365
86879
54957
63947
16570
7262
83724
2960
53265
9317
84106
81090
56001
9378
15784
19764
11347
75597
44069
17403
91343
54510
38041
77433
73272
64288
48122
2719
96249
63217
32873
8788
99684
58972
3523
80676
69653
90577
22640
34783
49770
48221
2424
92558
41357
31275
83789
32274
75728
17935
1330
93907
6830
21889
72755
31943
20662
30969
2441
61695
343
57813
82558
38476
42896
30502
71469
69064
94966
94805
23587
80709
88831
10805
48205
47737
87671
53558
80528
31826
29851
87516
55139
99179
31154
10445
91001
84694
88294
98067
8676
87874
8522
21122
64315
60728
42731
12008
33080
12708
82867
71416
78591
30372
46379
69974
68847
79592
65385
19456
47297
80646
28756
2861
27009
66199
53564
2931
10458
57885
88996
41345
58417
73674
52263
77869
14297
20560
43399
25563
46462
58094
35120
80296
11722
8904
89606
5600
99663
28247
21092
38029
71247
37747
33801
96591
34230
61592
3369
28509
57336
40386
42255
98007
54430
19499
58934
72546
9010
5373
6496
1716
46449
7077
66390
54527
35502
14417
30213
38086
58212
25734
72703
13251
18444
56699
47188
14335
25095
15712
27293
73798
34607
78268
41360
59147
2980
53014
21455
9977
82126
3888
48751
28291
34407
69415
14012
57873
50856
44413
15215
41187
50934
11474
25211
33079
56036
85965
28212
48992
1071
19521
77058
41919
6776
90984
77619
14913
87640
41474
49780
98933
25903
86169
91859
66119
97936
6288
40749
61731
45450
13178
18946
69725
7207
7807
72862
76344
22968
28832
56057
52868
26016
66388
80669
98548
43609
28939
20508
18427
8670
36938
4514
19443
68856
43261
78395
57015
78573
12044
74675
85710
89935
24425
61617
29623
29782
44420
75123
30923
51879
27401
64162
55980
84960
21655
84296
6752
49370
4240
12649
24695
96611
65397
66040
30561
45784
58838
11747
52067
77950
7208
85130
51963
34379
14526
77298
40375
77913
27122
99721
59097
78780
66978
65934
45319
3362
71244
19435
11556
17692
75792
75370
52278
69347
31571
54870
27378
99892
33536
74088
7625
88338
5986
46953
69776
54897
64357
10841
4999
39465
8224
80925
10042
13529
25298
84482
79805
95801
68272
79847
73656
75575
16029
18278
38211
91392
34383
91327
37458
80338
93248
46026
55126
30802
18318
81041
75272
10364
79632
60965
25144
55564
39197
32259
59294
8012
64414
26444
23183
97753
53201
90878
19396
86534
99526
65687
16180
76304
98164
35014
59021
38543
1490
89146
91493
56183
76823
64589
1851
59524
89340
93415
39473
33058
9973
79978
95988
64478
19990
33396
49704
97268
7031
70217
58939
31124
16386
26676
91745
97689
11426
26504
63010
57764
32376
18001
14813
9062
9433
25005
32657
58723
39750
92662
28332
5945
59728
69514
52855
62836
61483
73320
84722
34456
49160
9791
40766
8938
32432
88819
35419
66695
18953
85585
24707
73620
29678
51861
41988
54799
79432
46901
5043
11057
30682
83403
53243
3143
23780
16854
30768
46903
45509
4752
4617
13280
16631
79943
3928
1581
2018
6792
42627
19675
54713
18421
74398
71068
36717
96947
70668
43198
51622
41264
48044
38687
29365
61944
67105
17026
23272
5188
36999
77242
5758
90669
71710
72925
97188
77039
6202
71829
48061
22725
58024
68196
16918
19319
20309
40783
36873
57349
2161
27942
10528
29828
9816
44101
83187
53474
77948
54987
80343
43382
4548
26312
59026
27154
62003
56727
53111
11510
95489
4512
40063
56322
56851
16916
14318
75187
99561
65062
27423
46188
16949
40917
23486
80226
82399
94506
47558
65388
28193
45981
95577
70348
58183
9186
13234
53565
20322
61932
10720
62822
7812
2215
57148
31632
74099
93410
99888
43281
26680
82066
54609
16024
68532
68376
25642
64704
73189
86637
34667
3711
16262
40065
57072
48715
45988
66277
54520
17445
22568
90566
65337
74368
41551
96285
72654
82151
17462
41244
78144
99727
22392
29593
11113
92638
59347
14041
17222
38024
3431
73890
34923
96821
30123
80265
41881
59529
57804
49993
32283
85001
75845
11630
59208
67530
26299
82197
70987
5097
90525
87678
63356
70393
35378
38463
58003
77068
98678
39593
1547
74623
28573
66790
73533
15991
15567
25306
60797
52844
19196
93298
2256
5000
98578
48763
29100
84078
7902
50251
24829
55397
74823
73529
64831
25791
7157
45789
54076
83470
66178
89138
4645
34809
87530
3883
1048
46499
70995
58108
3786
45746
14744
57311
88007
83168
44660
63222
262
55420
72155
47553
59640
23271
17409
88657
21012
94374
98429
32273
14671
60456
25292
49227
78577
4721
1926
40738
80980
17659
72369
50335
64503
7735
37684
52767
8428
37301
81698
56737
32714
27955
28956
46792
30170
12635
4971
8552
11639
35684
47048
77316
99076
51283
22080
59512
19323
49425
54294
32834
11551
11562
86602
88079
16342
74982
83570
58344
22506
48681
60676
27076
40500
99399
20169
37062
91285
93985
33535
51222
30888
24629
7308
87785
18733
31702
178
82335
4464
35244
37974
76309
17888
52071
78306
90274
95890
51997
45909
59431
72386
22063
2209
81407
33246
76323
45091
69955
80345
24073
90104
42725
91024
77732
11662
58635
90641
24322
88864
52592
11308
68117
33072
49479
87743
29833
90080
68434
27214
98202
63154
97866
32021
62077
11457
44824
93226
25623
11328
58589
82580
80086
41138
2553
71772
86725
1087
16051
99759
36857
77163
60875
51423
14590
22184
3358
9623
22089
71494
34505
80536
82871
17130
61407
66096
90112
38215
63027
98728
34682
77147
82787
71039
98654
32724
53455
3624
92573
38602
61943
10558
69329
39659
47927
60516
22640
83216
4106
10601
56515
44563
59283
42442
49302
55339
61660
97191
55972
92371
10842
8728
92913
35096
79216
4426
734
46798
6049
12851
5001
56313
65058
35085
54805
70693
71385
3300
25425
83516
47676
21532
72264
39962
28989
68818
28963
69658
77888
10840
22254
42008
69989
33279
76636
4323
31134
47597
51672
25579
89062
7144
59498
94321
64021
66726
72737
33331
78516
8172
14260
97233
71734
85726
98687
90407
78453
11591
65209
6051
3716
11383
44693
13121
90661
768
40423
90255
4533
82129
42865
94868
85388
82793
55292
11089
68563
48295
63399
15249
35874
23579
81510
50744
99718
61126
59558
93046
65780
5782
94949
31142
71608
68605
15407
63928
25965
94199
25300
48294
26634
3238
23920
18282
66056
61369
58968
67898
61640
61574
59984
18463
47638
27142
10297
97048
99923
42398
75783
1560
29588
67780
45922
4681
97995
48059
13591
35570
51393
33927
56263
2799
43358
3314
85284
29768
21317
66240
1295
66902
16392
505
94536
20998
6791
40477
18077
1300
33231
15981
5890
27470
55323
26317
58950
77248
24487
18839
63293
28845
32090
74049
49891
82824
88019
95509
26786
86420
75455
13331
10235
7158
13803
10897
67141
32876
99484
89864
69691
86347
1717
22474
71800
1246
37500
92239
30582
21633
32021
26267
4038
57481
39442
74164
74548
27550
93877
32948
53266
53026
49989
70649
78726
9950
69035
31606
49827
23735
73680
49513
64673
76586
92570
92102
42435
68898
89384
96959
93355
16342
69723
67148
93813
20879
22529
742
50816
16167
45550
68225
47592
24574
75326
74457
5261
3131
31502
9659
90890
41585
19686
42540
20813
10633
28771
5729
26338
54498
34254
29830
21633
818
6534
79921
28510
8997
61592
23497
47623
14945
64338
15327
53741
61261
83659
38609
96793
47343
62791
34347
28813
23865
6777
87520
14632
72126
96603
2609
19614
96931
41706
98199
83537
97583
68022
30579
76340
22265
72137
63994
19207
45423
2727
51964
39461
43197
74027
85567
31749
32048
33987
63205
60891
61338
92592
6006
59906
20606
10052
82767
60195
32080
20908
96389
36234
84781
90176
79702
31827
580
58441
80369
87579
6460
12260
90726
34688
46423
13901
40807
71111
22840
4782
48552
16744
71217
92265
23064
29376
52703
78771
93956
1860
7096
24730
26832
52610
36334
7471
5087
85078
48826
48809
92493
27353
50947
39273
68343
94117
38183
63902
89960
63993
13235
21263
52522
87264
57546
40250
80708
94175
22155
28545
29020
10545
50328
11139
14603
74135
30931
72072
17557
82475
54309
97321
50206
5157
81676
34916
61057
70544
40170
39477
80198
51782
68190
17076
13997
90458
28236
29026
26559
99363
44878
97519
49975
40626
48734
11484
89848
6294
79661
42122
64333
45747
1031
80863
25332
9141
8203
41631
41790
91642
49250
84898
66737
19862
83465
69547
48757
43524
39024
2836
90663
54276
6754
5006
51750
39569
89936
88078
37572
1275
63163
42130
66326
83879
51634
28104
83705
6911
52901
85759
12667
41112
92963
32681
56215
3886
65820
52408
47367
1703
76709
32713
17174
8093
70820
99653
28439
99321
76611
48442
29037
48325
39314
36300
13043
45057
34309
95470
84305
77695
89248
66225
7422
25744
90172
33680
66208
80348
52322
72140
85155
13658
10769
33736
76898
58058
5405
70484
58741
8482
36225
46261
64430
45651
34350
26056
83524
33004
30304
90320
9901
92440
72253
70026
50473
70173
4389
92684
37675
3676
47978
8650
52128
39855
27264
96376
32347
99196
11564
39067
64743
87148
65936
22775
99807
7600
23817
11729
54539
96407
11914
2003
78151
19404
40825
58486
88501
61467
5128
1512
47339
52808
21124
53613
81625
71367
83617
58586
86313
74347
19072
91230
65767
57571
14338
6308
41589
58011
3450
59468
26588
84550
18237
35454
7894
56977
56839
80277
80149
73261
79414
71098
38938
59313
42119
51561
18220
75284
22591
27000
83226
6455
79624
74043
76153
8985
45322
81072
57262
24650
23947
34890
485
30055
97626
92338
24634
12928
98962
30198
48151
56214
86719
85770
37216
82922
66451
92213
29840
89839
18846
1051
15032
26604
79504
55902
81738
19193
91932
56483
50013
62066
38137
43661
85506
93255
63596
82729
45692
61417
55249
29181
98960
19739
19556
65453
35644
37159
73601
79582
61180
98673
27383
65420
14746
25439
41838
59030
44675
58735
33547
15840
75472
24133
54858
77374
50278
68384
30002
11027
74130
38441
97883
82750
47307
79949
89709
80734
43732
39041
56109
6411
72265
73156
16262
48588
65590
21182
76898
95125
83267
26381
31903
48069
92322
18484
88246
6067
4000
93376
65813
52240
82523
69344
34724
32052
76244
39481
31962
98281
14181
49844
58493
95266
55956
16562
93511
46714
63275
97317
2080
12416
22145
67932
49971
2661
11857
50624
27355
72262
66912
89899
68030
40830
43147
98551
60483
98709
26316
33867
66679
3685
51604
39417
60692
19506
68869
69445
31385
42367
46048
6561
13738
97857
61930
95916
2340
49288
94263
56659
29388
93490
55356
33356
88796
51220
37850
9766
40420
42709
43070
34395
10042
72402
95448
81291
54767
28974
71039
1553
85145
63758
66731
83039
77504
78519
66761
84935
7744
3858
78047
63535
49963
11337
49555
13404
95603
74970
9334
23757
98934
73371
51718
4917
13736
29407
40775
83851
54701
87279
20607
89823
69020
30036
5810
56658
65262
75137
39337
35386
4760
94949
66521
97276
13247
95832
61608
60322
20185
46455
69647
85108
97118
89089
35923
4351
80279
30287
1598
33926
39763
99796
39785
64509
72493
81791
12495
4688
90635
1969
77829
45780
51632
46862
633
76060
43014
98211
55846
12635
21967
2142
34711
59333
25455
35948
32959
46899
73470
15895
58347
90022
1058
95066
10288
71555
59689
27799
14633
62482
11641
97099
66662
19924
30568
33074
4121
17285
76796
41790
72432
98747
17077
75132
47524
34679
5442
56971
56806
87787
35743
47171
96374
44328
72859
13843
80727
54822
72830
5322
35828
59360
17824
25773
7231
71444
78911
4438
19885
95294
7088
45431
10198
94993
56139
53809
53037
90641
69660
49658
3349
17658
52890
40056
23833
91381
44915
15525
16500
52613
70283
99547
14936
10993
39527
44889
89274
95885
94929
82241
36243
34622
88130
5748
39768
72322
62964
1582
30264
13195
86709
89285
53627
93451
61539
99474
38355
68251
60221
90457
19356
28271
31802
99666
76038
4126
73620
39601
83030
12308
42705
59315
54253
91819
64561
42547
31934
92958
16750
33124
82700
89389
63176
9411
21937
42121
19207
74430
14699
37119
35732
41343
826
16470
87095
36199
46972
16876
85508
25311
31635
66261
87507
37275
39716
39122
89763
66379
61221
12412
27692
73990
83352
32104
67475
87266
23512
52055
6416
36362
62660
74707
57153
40436
44643
67331
17302
10318
26946
69732
96691
42895
63223
64997
12303
34802
50463
50794
61296
17058
13064
56688
86902
74607
65856
38258
53938
7936
2417
62212
714
340
55347
58915
3634
32590
63388
2872
24649
13509
53816
85610
69434
2192
87985
96812
98318
66317
68061
88403
33761
40983
54977
49101
30523
81248
28883
10032
13034
65474
30830
47863
73652
21005
83919
92810
3885
46757
93818
84731
32487
54036
12140
75760
44689
22530
48329
69153
43272
17913
11580
90567
67836
35794
89807
64207
17809
60120
85028
3426
95411
11187
15426
79017
88985
65883
10720
68988
70612
21668
2507
64252
86997
55315
62630
38458
94713
7943
31293
89961
65067
19790
71794
85586
57064
40915
17733
99688
33917
15454
82402
35078
95403
69154
74306
30675
46392
60768
98170
91900
89076
5278
27176
24681
87009
45554
24834
7729
73799
46508
68714
25350
24836
43061
44745
93873
53239
66997
64816
90851
69983
35370
28623
84558
74026
62979
69535
83365
59645
55915
39204
56999
79941
34473
29492
84566
56412
73484
17897
57750
40818
56768
53859
69511
13634
81501
86799
38582
11251
6720
73809
54908
93023
16268
83515
50207
14874
82661
41888
93783
78671
46140
94335
48445
99100
70641
6613
94470
11798
74559
71804
92619
79632
4419
42350
59359
64090
14185
629
29444
81432
24431
97118
67252
80108
52306
14851
66577
17813
45539
40367
77950
97016
93087
38411
75313
56180
92304
53333
16032
40815
72328
54427
3997
26805
93077
70008
54305
12768
9897
75342
9400
69901
35586
4347
45575
42305
21771
52610
30449
43067
65607
5995
38800
71080
87054
84430
1543
92623
24942
4660
72168
21585
50081
2253
58747
16370
62478
21780
88143
22551
11912
85276
45901
53597
82824
56797
56893
19884
44643
85163
99036
5746
22838
42581
82810
61566
80459
84819
40353
56728
42887
84498
57989
61550
32456
83112
89739
47776
12386
10456
35426
14915
97265
96153
87530
93255
69258
18848
24435
56737
65676
67441
83228
69473
36162
43840
61693
37415
85010
36716
26590
60593
53576
154
48106
62499
41478
56611
34531
91456
80670
95379
53760
28380
44622
14726
29028
32901
16502
50358
81486
85034
61528
78965
40750
99877
53263
39087
46143
92441
11226
24154
60616
17731
55434
54757
14027
67045
83094
55335
94187
98113
34062
49617
83032
80268
4213
76577
8423
31182
4981
37353
35566
47908
50895
73157
75398
20600
84669
53494
25691
91595
75293
95553
73453
83308
12868
11265
9088
34733
55984
1407
18641
94087
41375
32959
172
79867
86466
61019
31921
90811
81003
43836
74440
36223
17540
1631
93189
50022
8823
74210
81471
69327
91539
50704
38652
15792
29543
90419
2206
28281
11480
68112
36108
90657
8578
28764
89916
13115
90488
89190
19907
18376
99149
82490
73655
57839
97312
69084
30950
642
3029
58152
40621
94308
46606
23722
35043
18377
94304
57107
74067
88066
68467
92188
28906
85115
609
63283
21485
87199
90993
42167
78730
30046
54713
4669
60728
41046
29473
97350
70833
64574
2589
68076
44358
65457
97455
48125
4395
77
34851
41226
95139
27203
41835
24285
33669
56376
10741
31621
11898
10135
67390
28702
4173
76807
9798
96297
35620
91240
34646
16721
32914
46429
91755
63379
76474
26281
28546
17504
69370
25569
76767
19369
89355
95817
36399
4968
5978
55494
8461
42895
60563
35023
88478
8511
43934
20028
46963
52637
83574
10082
69648
99977
67653
26697
44694
31955
79010
3792
99777
12814
84612
33216
94211
3381
25381
75931
73461
34840
72428
71180
56862
64595
43354
1149
95555
93594
58653
70828
25915
56164
32112
9910
65566
56712
30039
11492
59116
98840
45854
35122
53060
77531
25350
50530
99878
40401
58702
73428
14647
39660
88311
71402
15624
56635
98424
79585
6611
5792
46296
62163
68540
61633
63805
23845
20104
80491
84236
61519
11945
7210
5980
19567
34494
81313
51904
60877
45990
30959
2450
70454
30059
40325
66076
19451
52431
6023
28093
45137
48381
17674
50625
73782
71601
579
20074
30008
22110
78287
92230
11951
78136
95482
4520
36462
36012
94570
59306
75714
72168
37969
49373
69484
8150
70242
73756
76850
80592
86465
10113
96384
62530
3015
65569
21316
76328
59654
39116
66962
20626
49978
73629
65234
8529
50699
69169
41436
58862
77530
9379
23413
76299
71609
16944
79502
57786
45245
98764
44354
72205
6064
9400
5956
98972
19436
18625
42733
77843
9353
49102
83725
88958
17988
15954
57908
59201
59510
18132
34156
55880
49033
1740
62587
57334
18178
31584
41837
47036
19157
58780
57293
47577
90374
89349
29192
19332
70945
6462
52969
56257
44516
13221
79016
86889
64337
97588
25403
74127
23792
38099
20870
11496
81763
26341
88661
98619
36367
93711
41138
28852
9886
82486
21329
27342
24531
71497
72508
85674
96574
11235
6348
86818
56519
73693
64421
94648
19711
81737
39391
89602
32719
51411
96047
98930
9045
69816
17327
88712
95458
40437
99255
40025
16634
84349
52152
98707
97303
76336
21922
34268
24106
47625
6832
44811
31878
49798
40904
90337
69557
2936
90688
99362
92833
81356
53390
25589
75348
4736
47784
21795
87387
15429
28121
49815
42186
83645
77353
11799
90585
19655
68718
37293
87373
27981
27186
67772
6887
87863
48377
20780
15522
2490
81627
39928
89727
49363
12766
58792
61609
90238
46046
24739
99840
66194
2013
3722
21886
95283
5730
19027
41518
61550
50314
94519
96982
15293
57881
31731
84717
81097
49333
35619
69257
37376
80975
65621
80966
29392
41193
56816
7473
46080
26117
41167
40557
74861
87476
50842
15324
63067
12022
39010
95061
490
86163
70272
48359
61656
33817
90815
90156
56754
15415
88288
3094
3614
60360
66732
73144
31521
25341
36852
30239
93834
11042
80138
33794
85732
17672
65348
8966
1777
63165
46172
7180
44232
57260
82400
33959
12454
24502
74841
33445
56149
91339
15675
79622
56397
52326
34607
93082
40558
14525
44465
52986
98185
72157
41585
94829
960
57952
22375
21560
51126
72890
58009
31745
95842
95299
41221
82269
50819
33509
66577
72736
79060
44515
54604
81301
20201
4102
65224
87108
5193
80008
98568
49608
19043
60949
38122
77811
43771
43022
11540
54284
92871
6184
75906
12347
57249
92516
11622
21135
26079
67650
47089
74925
47862
61368
93220
53928
62421
6589
53845
72602
34947
55449
80044
58405
13990
8578
40529
66290
22927
66721
42513
53220
6064
66614
2181
55428
17101
53353
53823
43734
20961
95182
10558
16051
55865
15144
67287
36468
45752
71002
5141
38754
34340
64211
49673
68379
38526
23629
45564
74767
58652
92451
81771
86881
51012
96939
93811
1626
33040
95612
8831
49407
21957
72660
39881
26109
75677
3110
50669
93971
68904
69651
52445
96076
6141
84370
20431
76567
15899
27959
55641
45977
86041
83798
61330
43722
18349
47780
42436
80285
41017
73970
59080
99085
88020
17075
81729
45463
81577
18072
58824
45198
42741
87274
86433
42842
95749
8964
70107
87311
26715
79649
48045
44323
70612
66423
21203
86947
18724
66582
89810
62114
77888
69465
33915
98332
84063
82788
85834
39107
42599
9402
10429
676
24283
24449
61087
74238
54506
38828
26321
60932
66744
92472
59809
14920
1571
9202
76895
60368
92655
26468
49005
13868
78556
18374
66865
2598
49262
79280
39101
58912
45035
57605
52726
23604
64745
65233
88432
28069
71207
