15797
74271
25154
83878
89596
79910
84416
27303
9371
60026
47935
14301
87014
7332
84367
90413
84260
19820
10704
99881
72938
43113
29753
70520
3121
29743
24851
62022
32641
72226
19910
7198
2286
84778
19526
45314
88330
9805
76704
52945
94256
27309
32217
39812
31998
41679
22338
54596
41426
11271
76690
61108
59441
91334
6328
94345
12226
32731
80326
90198
12243
53429
59158
17672
27835
39218
47160
70402
49082
54978
51840
19454
36702
330
14937
91138
60265
31135
75517
21442
47384
43940
56263
25469
76734
5160
38187
41691
34724
95417
89921
12693
58448
14276
22198
17334
54810
39430
87943
28717
54558
40638
89960
55043
49339
24756
82846
38820
20902
71104
63324
12654
8816
7232
70113
73438
38365
2460
101
10384
57532
10666
69598
36055
36181
73732
66747
21306
62640
90569
47931
60765
27547
99337
39387
51771
70953
99066
31495
12729
92788
52175
89199
35063
72076
66997
85684
83392
80345
29367
45674
22693
52827
19557
79685
38265
11070
83127
72500
78568
84579
8706
32652
28882
53767
80167
54593
1403
57191
19859
46165
88276
68837
36898
81821
81039
47126
88766
62489
77116
29334
16067
90853
32762
96231
22347
35738
963
30261
7178
61089
46260
81439
77941
54492
72458
4760
7634
41759
44068
39039
18559
87731
76001
64351
59036
79681
48824
36794
52896
95156
42388
64913
60763
53705
69121
13713
25021
56618
44833
54416
38475
21768
62515
25839
67961
69614
92041
30612
14306
26010
7389
52397
43062
82106
46944
59241
68744
57751
21270
13183
39941
29151
65019
96513
95103
22646
21535
71198
32140
46369
22071
61184
29760
36294
84993
19407
59213
99457
52144
69989
17109
89364
97726
789
46192
70789
71077
37804
29583
43122
82473
39598
90032
9788
74246
26578
31556
65827
95357
53726
38482
87143
9308
78137
21742
37820
86140
56904
4780
49786
60262
56877
78217
64038
54739
43374
27370
43044
47516
75837
39820
11793
64529
30613
13819
26231
96652
30670
60343
72820
53981
34062
73046
84219
23927
88248
59858
24420
35590
47248
33255
33733
86450
14975
41564
37374
64150
52013
10805
8904
24071
75989
27428
84178
62579
89934
44917
87180
24745
74284
10889
11181
89766
15636
80285
75565
20581
70470
5008
48851
27553
71999
67181
75994
23976
25539
36025
47423
6142
91807
8440
28020
98087
8901
74518
74632
47
62094
73046
43207
10609
11037
62373
83980
13810
17917
20932
2231
17408
96620
62558
11614
57629
9793
24132
36828
84799
36132
51766
15060
12853
99076
42547
19028
10743
62939
91256
58457
45855
52303
36873
5654
12728
77541
99155
56819
40988
53634
62363
38664
68953
66062
98710
59404
68913
34216
12455
67071
35525
66235
82126
89901
18268
61681
55167
29116
99669
92547
17112
33649
3812
74253
73330
78649
59646
37056
84072
20560
38814
12332
45074
78046
56507
86256
93659
49889
29111
70635
31798
4773
87947
88749
83907
19564
31634
74705
88587
20490
6884
97062
4798
73707
81622
8951
60753
3332
30287
88591
66932
67791
69265
3021
13939
60447
42644
67879
30733
76366
32385
30013
54575
5204
40325
68856
52045
63554
32910
22288
97725
88902
97680
3204
73671
61613
45420
14409
86573
7688
48080
73345
52919
39068
22446
35277
61596
39242
59765
32001
23525
94159
63784
335
37734
1798
24881
40246
65478
53622
74654
47304
31882
61005
88165
80512
92212
71528
16754
38298
31073
33947
6795
44194
35374
34485
61628
89539
71263
40030
33280
23049
70439
31931
53643
23597
16891
23485
62258
62984
55864
83070
21662
95022
32474
82839
28350
69596
51906
41152
7170
57960
46568
41112
84777
71671
12280
55504
8949
45909
1349
4025
81970
96758
9769
55392
92440
20989
19800
9643
70174
5735
78290
50705
83651
36757
86138
49901
8936
10444
19505
63903
84085
41505
59805
52859
48229
8284
96776
65511
50437
58454
21402
24479
92062
39847
61793
47708
56942
72710
15789
7175
94742
54445
10940
51594
29827
46090
72511
1623
93977
4008
3318
38671
34366
61582
90143
68669
70259
75019
76477
60598
40200
29147
36629
21960
54965
93281
48278
16492
91426
47312
22849
10339
10737
92389
14967
24382
46534
70528
92067
90057
90893
12057
23352
93089
28586
18645
73499
50511
17610
66549
9467
99090
47716
15892
62416
90705
48395
47562
16111
43108
48023
82161
3845
81624
28804
45049
44062
12862
50664
93375
4517
80375
75965
99478
8450
10145
77590
62671
83468
34646
52344
49981
19376
55724
8571
67519
20080
31732
71553
60043
33178
19270
85357
37914
68347
21173
89594
76453
60695
51353
53972
10406
2973
27238
62253
63680
26567
7651
85357
20373
65542
80002
66791
53506
10214
15621
81170
11203
55426
85913
69107
59549
35854
80099
90896
42747
74130
88139
84087
1773
8905
16999
59317
7072
73754
51734
85184
2566
70925
19540
31194
75102
3646
69716
20479
31822
49260
78850
46929
84696
58968
70983
53742
26794
34594
55248
56280
71022
72538
12986
83638
68491
83796
90903
20733
28464
78375
9466
63036
41264
5346
3202
36648
19259
52419
93663
30860
55197
7867
15909
47640
59131
23072
55718
17558
10599
98877
29686
85573
67888
37868
34491
77720
137
62372
62771
82557
32429
52106
55628
90907
66725
48346
16008
39683
36868
22117
95544
9988
21783
16654
33421
82077
35433
53758
59132
84346
56308
79847
95440
10024
86196
66202
37847
73616
21605
98632
16212
22199
4438
7533
50911
89443
41009
37839
16876
99685
81638
70279
50564
72727
66443
76571
38488
44204
83177
77704
67657
67742
72079
76418
92540
4220
47105
80475
43444
71076
11507
77752
1118
73959
42427
43732
46171
18668
14190
24337
98114
40627
54527
68485
20233
34929
28409
33932
82347
262
67071
39898
95262
28187
37267
20431
14082
26487
25111
12451
68217
66263
14002
38851
16309
70354
81553
7426
82252
20820
35330
39886
61607
76674
48513
23452
64096
81716
47654
93533
69221
44352
79174
43776
45842
83394
53948
513
73383
75061
37497
54921
57983
38121
29487
39571
48337
99874
78260
40697
39225
39260
87505
19219
36307
38817
70443
73198
94395
84832
38827
29924
41577
6642
84555
22865
60122
49017
30870
34251
21700
40424
56589
21071
9797
20847
41748
59608
52726
26856
16583
19067
71770
77369
22805
98481
95670
41012
32349
88494
11324
1691
58505
42903
53159
36496
7646
80350
97501
25638
90053
54263
61102
93708
15508
31787
94991
7906
99561
30934
55063
54760
18086
81821
19982
80643
64461
40728
32669
77216
62407
41607
23758
98801
51883
30522
79119
87295
84553
11046
99081
2360
13806
99971
72769
13058
56701
49812
22673
42629
25110
71504
34530
8854
80287
78302
95397
10032
87290
57472
75565
76563
47794
57526
65562
7031
433
2870
79415
8565
85812
61962
89322
9511
2681
3999
75020
96674
11465
9235
12584
20464
28403
97750
90109
70730
49229
82874
98460
79502
44574
12840
51545
38488
49021
94553
50993
75800
58177
52949
65680
69031
40715
33049
29454
66671
83013
21593
44411
91225
17672
63051
83248
47188
15237
55679
1393
99409
70897
85569
44485
59840
27603
71933
89199
62909
48285
84629
30730
34557
37163
42708
54706
35030
48489
70460
40274
74152
55305
95499
57651
17917
47920
49079
17747
50738
77365
63440
99539
53995
96530
54716
6260
8677
15664
67420
42376
51910
15069
22624
11314
72353
147
19582
52459
86988
88040
74047
35395
62671
36262
52122
23614
53711
12220
240
10758
99310
16928
1683
99818
38348
74489
39334
74473
4079
79486
41569
98979
56095
52225
24333
71813
82700
36064
2313
23638
34540
51835
4117
55927
78221
95665
7764
99268
45598
3035
96056
86058
58113
10886
65472
62643
87755
43176
54533
71518
40175
83602
70845
68957
77106
67926
97721
51872
2252
61696
21371
74996
27887
42621
24707
72731
7654
31152
62660
60084
49005
19380
74052
81260
25372
79569
19888
38970
73219
89289
49549
24488
88452
26361
17003
29238
10501
21631
49246
56250
58874
73717
92642
5588
23588
68617
30395
60141
95938
74229
77765
20958
59623
71074
18638
81620
8442
70680
53773
84537
91344
59899
71375
55218
39483
30317
68945
79119
32514
24658
68564
17298
45371
50743
64175
86874
27303
44058
98336
45008
87469
81912
30958
80741
6474
50113
49128
38870
13407
50044
44681
76417
78062
52797
14654
44052
78088
99979
85088
47930
22207
67477
33708
18605
61223
87478
59499
83640
29826
46234
30227
53787
63744
48441
2891
53847
33298
1648
65095
86308
82132
47098
82034
66579
78184
91127
91112
29472
44100
5401
17975
37210
25921
33900
77813
88024
16639
15514
43673
27696
11015
51465
36720
55414
86586
94181
84350
88462
55431
92256
63734
43348
51028
81837
51538
22487
45304
4466
27384
15696
60667
42908
27268
92258
20982
73901
40219
60588
76730
81216
52317
4821
2571
15080
74404
48825
93636
21726
82767
52350
10697
40216
10717
56557
40797
84591
15271
90289
49603
32331
63156
90382
67815
99327
32798
28969
89002
48122
43865
27792
8396
44889
94993
47423
22635
86931
94770
3180
1373
29881
65731
56448
40356
59145
70782
23345
86106
93624
33830
75433
303
38344
38870
64752
89746
35415
25754
12442
63946
46607
97015
4163
28377
69599
81535
32588
85974
86012
10075
14439
62408
71973
14024
29624
16304
10550
67141
61804
57962
23431
38436
40562
74706
10447
7075
18123
84037
34605
91192
99654
23930
78957
43159
49686
88660
49002
72593
11953
61702
26983
53660
17423
92332
83324
36213
1334
68555
25306
67072
21207
20317
88671
35540
78388
89228
69970
95159
79037
92892
74117
42489
48252
7311
31300
29775
88737
548
87518
81604
22364
48763
45048
7671
10329
62835
84477
84352
14102
13101
5828
25017
30164
28918
79997
40196
7160
74875
98644
34044
27121
46160
38801
62375
22065
76472
54670
42071
77214
59824
47537
71652
96945
62421
63509
78072
10775
89158
30583
63658
47175
17291
96925
40190
2708
92614
31208
97379
57470
32824
29469
63785
29719
65830
72816
88946
17585
37307
4413
28162
7455
24965
2679
47327
67845
32507
33134
63027
2802
19644
77956
63603
5174
31376
80465
94026
54779
93084
83392
85333
16982
40199
85831
25163
64943
86892
94090
24152
42115
891
68390
65860
41897
72183
98605
94708
55781
27
45701
80007
87687
48873
39402
6269
95808
11371
85394
96134
87891
3030
71615
65926
41476
89662
495
94152
11514
4481
1594
56145
33907
71914
60285
47452
69673
29476
71515
61323
66924
8227
79980
1378
75736
51832
90484
20037
96663
79962
10304
86333
61248
85596
7694
70165
69296
79819
40083
68922
70244
96973
74192
30788
99156
91181
91989
42518
52271
85736
24094
98056
93907
17028
78853
64270
73868
31125
86026
2579
77000
52824
48244
84483
79358
34441
44115
7787
35937
25998
58472
88568
92380
9871
83666
25729
1999
47318
78663
36501
38421
35005
92499
86777
58276
90143
28102
78830
21493
66324
25550
11688
2636
75785
56646
71293
13749
97168
66692
69287
3465
64745
34212
41304
68714
50941
23899
41015
71103
25327
53796
45495
52699
93097
53738
24239
85593
23890
68477
77018
93329
74365
32661
16475
5588
57836
3832
78255
87578
20655
34172
56476
78600
14316
93488
96808
98973
56489
9031
78806
48908
6023
21191
69939
35287
80393
81613
83031
60949
73807
84174
33952
25618
6722
61154
95949
30257
30689
33694
77540
34317
36786
31804
37557
145
75191
18272
4986
8918
16356
63486
51124
95785
91580
90524
54410
50810
15767
45292
53523
41935
77853
89960
39302
84463
15040
84279
41417
86942
6043
99758
51059
28164
94579
37054
76948
66971
82686
6890
11586
5171
55327
23430
44823
89844
84070
22784
23236
37703
72447
48202
28310
38911
55802
9147
30345
23534
78743
59563
2235
37176
13334
66274
36613
14045
49387
92372
99284
31058
34878
95448
79864
91499
99566
85307
68355
4110
72566
96340
21925
83447
74058
54890
18605
25291
24393
99826
10586
86849
80777
56986
94637
28653
51553
35731
98591
48472
38333
30283
5969
40860
2147
1322
34321
13722
37754
69158
23568
61179
23196
26989
41265
42649
12914
74885
45536
73496
13604
17843
69853
75113
54525
72992
11159
57440
9179
27338
46055
30044
43443
95898
29131
17545
63349
61469
24327
10985
84805
19159
26711
13304
45437
86336
4238
58798
34257
32820
79394
19998
77008
72193
52798
94507
15276
95017
21035
80361
15790
36013
67326
9125
24200
33356
98946
45389
15881
31252
13394
60849
90875
65878
11195
34203
43040
17195
74460
80908
95934
92508
95589
71063
73298
14079
68526
54936
49306
51204
98736
89379
8990
93871
2610
21323
85526
25384
48019
91403
97771
65359
26422
62705
90559
29526
92215
19842
36624
43672
92211
46088
73245
11409
8016
95220
85591
70791
74103
77518
88468
62188
61792
99085
60581
76838
97351
20524
75799
57731
79684
91686
59202
42018
44056
38756
48968
55139
62708
39698
56821
94223
88571
58564
79384
39437
3752
76674
75517
47823
9387
63922
36773
56902
5136
17490
2345
8544
35961
42851
67360
6571
41142
53927
70626
7567
35499
61546
54068
1032
76101
3314
59881
28290
49395
25262
1093
46065
60559
91677
49821
81813
87944
41041
9121
50947
39693
91311
75919
92294
64617
162
66060
94345
40767
61538
82874
35349
43829
53255
99288
51308
63131
51125
36060
97785
76379
78496
4116
71721
30419
9538
7691
44914
2357
35943
65669
71609
89697
22600
12375
32534
75127
94122
71964
64613
79477
20683
38105
90878
70705
14675
73892
20323
51700
12034
34710
4465
88490
52357
82127
50604
63730
75332
22118
59815
7864
69551
47431
15824
45083
19234
2263
7808
25120
34875
31783
5972
23097
84899
19215
900
36109
72769
20873
33388
37329
1697
47962
17352
89899
56387
97336
18413
73728
26359
24226
60817
60175
87325
51006
65051
98009
62405
5291
1865
33303
96998
12781
40780
80459
13367
3988
117
93716
24482
66445
80178
98429
10454
48237
86683
59555
53427
68974
56077
5370
27967
36571
52201
95249
59940
19753
46856
53595
36437
22977
28800
74633
85799
18518
11838
62507
43050
15171
72887
65719
4135
75762
808
28448
11036
74027
51406
24668
1369
95073
7375
57925
91044
59636
78186
35816
16596
8944
30731
41666
3887
78997
77315
64178
38767
59639
95917
81829
76127
74742
50386
89856
65227
74735
21410
42819
22678
43440
75968
68534
58450
45987
33583
97855
98598
38727
4829
1311
71512
93692
63277
93055
89513
4923
18357
98770
49046
46989
35711
29316
47127
75255
24275
8818
1383
76961
13986
69169
30187
40511
99031
41275
36291
40913
64866
75081
19870
30489
55495
40309
87100
38937
13743
99138
58584
15515
51141
406
66704
9091
84713
60203
1786
96434
39539
16039
64981
2416
84502
63304
45014
78636
8213
49396
4461
73234
69366
75090
35416
83133
58401
28742
58746
60960
18454
40778
3511
74227
35784
16529
95106
94044
89202
72842
80979
18520
8925
10034
22245
23897
77024
43478
94747
73835
20250
77511
75125
24976
1023
69554
54711
58407
35273
77208
73209
49536
46534
49069
75420
43348
52400
38277
68041
63046
77355
81678
79018
59090
45361
52054
69536
77381
67669
80422
24279
27939
22370
97400
92797
70869
99957
9064
76022
68161
96269
98846
61153
79675
4589
24221
25146
10909
23220
85966
65621
20264
45963
97800
10254
56850
30477
50851
52989
47610
92441
25776
46635
57627
55445
6780
5325
36081
79456
62392
52660
53829
59026
76770
57124
9491
53860
92670
19907
73132
54110
88558
35371
11744
50093
93656
50880
88893
48173
34307
64567
15221
10285
3247
16907
49484
22983
96470
19860
94939
12378
59373
31149
65362
6517
98450
43777
74330
82283
92771
7061
81119
30522
15804
34168
17904
74518
12601
61669
12607
63845
63216
71531
77250
6614
2138
31800
42308
65958
78930
92943
82602
13326
98870
72691
40677
63283
51407
35172
12995
38421
58547
8815
33877
71686
29273
51293
89725
75550
91779
22020
24343
24180
58715
29689
21349
23881
31864
1400
80318
70891
36084
61599
62607
51901
74742
14163
53848
13766
68804
9289
26789
87090
2693
57194
60820
79122
28426
66641
99267
97508
94133
49478
50037
40820
36673
86839
90373
41342
25210
7538
18422
83612
47013
10712
80841
7277
62749
59077
37675
31027
32610
50165
34870
7558
46977
20629
2878
53946
72495
91095
82672
18428
71147
70191
60155
69852
95821
98001
70113
44902
41867
63086
86801
58403
2224
94000
24282
11200
40486
75070
21736
2978
9971
67150
64424
81958
71532
11513
77606
79690
79001
22646
10807
6438
34611
35190
96243
5925
54049
39965
68331
10219
88602
57715
78471
6319
80355
526
73867
2632
50620
64051
98618
90486
86364
60183
37937
27960
86946
36597
5377
7940
6838
12827
49223
12581
93979
58870
19483
1064
88070
50681
82634
14554
11377
60002
17780
97408
98250
64188
6459
46130
36930
49498
68471
5140
75844
70841
92588
52638
57540
24760
35408
33973
44194
11516
51030
85292
8410
86230
78055
32630
55590
66524
32439
77223
94007
54230
71358
25295
42536
9482
75385
13304
19434
97920
16181
86340
46419
3533
25406
34422
61837
11678
33802
74032
27085
72957
37722
80349
26193
66763
14962
1488
81541
68129
81141
37678
77681
60742
28649
8116
18758
62375
17071
38684
55276
69411
89390
30460
58231
62085
36978
20273
98038
72149
24599
85061
9340
15036
22622
74990
57627
32606
83501
68499
48310
10088
82517
11484
34768
18268
31575
54958
42430
74952
8616
52406
2885
42644
66151
1902
44783
62325
28726
67392
65877
35868
61807
48665
95785
65815
16315
4035
1132
30042
41835
66280
71378
72489
78071
86114
27385
12129
41084
1950
87707
91991
60579
9179
23533
87985
50494
49239
95590
13865
47349
96569
32739
59432
65175
9436
51805
62871
93040
48045
98698
4083
57488
74455
39738
63732
39801
97689
49224
69006
67159
68333
84813
44793
79892
43560
52322
74261
27865
35110
12800
36915
91528
28059
75294
80556
86168
39016
39680
37827
616
78616
75896
55141
9196
14442
20819
30391
14467
3628
92726
34907
57027
30540
94964
2668
86799
72004
74925
8150
16632
26281
4450
97651
9514
85419
85771
2299
69609
61758
28155
38114
24019
16657
78976
36949
17548
69282
99410
1401
58407
3947
38240
29426
46162
89882
2554
19121
21996
65786
62558
88539
57793
79882
64057
66525
34118
91355
47292
52822
4376
87535
37128
40180
99784
14345
7984
34967
81283
4243
87835
19496
65820
73575
68944
46501
58393
37227
79884
27021
79877
27201
84303
35555
82175
43111
31595
73302
53427
7745
63746
54622
76000
74405
46538
39750
10778
83633
54495
58677
61002
607
14854
1855
86796
16030
25999
44567
49712
7661
70255
29907
49629
72003
45157
98597
30847
91539
78237
4033
16414
60769
5988
97158
98711
58500
63543
65850
21306
96918
60014
66349
47992
21128
64771
90148
84665
19075
91763
72387
57504
72908
73890
99174
49507
37843
80915
9728
58818
61431
82987
87287
28643
39824
80261
68146
93775
29134
68883
58842
15971
57833
35954
47934
65523
35209
56725
34695
26040
84828
32929
65435
84026
84273
68784
21085
87196
2972
25906
88264
87685
84784
51896
14180
43620
29686
18184
94541
77882
46725
19234
5083
93606
5574
96323
18285
11960
7379
65027
77177
3104
4974
58565
97881
11837
30707
22389
51637
44730
32133
14178
38877
68123
2719
89685
39761
78509
47031
31936
45946
72985
50697
94211
66006
48502
62896
56254
66153
28522
90054
72443
54152
45754
61371
11293
93208
81894
98312
20497
45562
49312
76564
8336
28083
10862
757
53595
62316
24573
49067
68516
38971
96134
33812
47945
4945
48203
97946
58897
54983
40539
12351
57685
82227
35840
85199
29536
87924
23650
85441
84790
14539
25099
43035
33498
68845
78720
31015
92906
42355
41808
61229
41869
79388
99080
26328
1770
85231
2192
49285
29407
12631
21482
48661
92807
69030
32553
20387
635
99910
10496
2642
20932
81949
92821
41458
97080
15798
64888
58162
26352
1423
50084
57878
54120
89839
90998
62970
74578
85604
46865
66780
91619
23887
13956
61387
94106
87522
42870
54384
43892
20194
11203
80843
17104
28521
64722
81716
89664
52891
3624
77540
14623
32977
36475
18393
66617
16241
43162
35251
56432
83098
30659
53702
34898
28781
43787
10058
85597
1160
75528
33612
26436
93055
78756
3358
40947
66850
83691
1923
50317
51519
415
44511
98208
76979
23017
9589
94295
67584
47715
76322
75781
47482
77090
18885
53067
31520
7842
40563
83084
8090
70607
62804
77129
57227
10536
64567
42873
44104
43351
4323
35252
66418
5647
33992
49353
28317
57505
29540
62816
28599
16804
74298
98466
26804
67309
93722
43270
13537
57813
52646
91165
7696
66978
40163
53699
81787
11762
42521
61119
25614
48044
965
9131
11544
47930
26445
48724
95941
31619
54080
59650
54645
56410
55130
93294
31131
53930
87024
57637
88277
92484
788
96586
7444
42533
38090
53997
51171
31924
85742
94357
92515
49888
77716
47075
85620
69749
33927
10350
74487
9845
24265
69180
58502
80550
95910
67077
59983
76986
19662
86712
83825
84664
22155
44753
49652
91922
31935
32771
41711
33424
84024
36262
31352
46684
76506
49615
52138
69045
29718
88513
91334
10692
70144
62132
86851
11306
67594
81096
69154
40921
96466
42725
85111
70384
77441
69026
65655
94900
63280
61536
41290
77981
57907
11249
67502
54785
68926
31895
8478
77878
85523
9146
22761
23582
69587
30858
25032
7013
3457
31259
81711
7461
92480
88096
64814
13950
98782
66992
17670
9407
91439
68059
75417
72190
86822
87243
42710
19235
96451
8365
42709
52809
87092
88553
3012
60020
10757
36441
39945
72152
70930
18027
1801
61533
79606
40149
53868
73778
93330
40911
36250
65738
89883
75684
59406
88098
47889
99577
68674
20659
85431
72208
53136
20013
85729
55095
83033
77448
60565
80890
39743
10532
55756
30424
43213
14277
90071
5133
86594
64818
91227
61875
43104
153
4505
78968
35127
81184
24815
78487
30106
24224
26650
22755
36681
20896
99398
59028
90442
6120
82718
75371
70514
61437
20845
24338
64796
49544
31396
93480
47151
10624
4103
92652
79740
25007
24087
54446
37480
28982
73586
76718
898
2974
19351
43583
97511
35308
86565
44833
26969
90274
97852
65173
32436
13037
93628
92380
21696
80583
10891
43137
99870
89084
76924
79462
18880
27355
41761
68071
76939
33031
5699
96739
49943
46009
44181
8782
19405
20563
68123
57254
67166
42658
20569
19142
71061
38537
93062
34942
41870
20896
59081
89061
99032
35810
66084
59043
21286
31650
40475
26675
98320
43739
13287
23205
13070
68621
85822
23404
75276
40239
59518
6301
87269
68074
91903
38304
61721
9533
20294
67316
87917
15249
11776
96754
80176
90232
69588
88990
33908
75376
87981
72791
3138
13896
23404
10529
1634
40143
60717
87125
60443
47121
85712
83757
65756
41185
66594
16384
99800
69162
73638
29525
69690
76529
60994
6882
20315
39767
62657
82449
68131
40121
47519
12342
87187
48923
23123
33069
80103
47231
40442
68145
33047
11470
90909
16535
40871
83324
70986
99144
64443
17530
94433
71311
27396
46606
9710
98474
72297
59691
59736
66256
59737
3803
62518
32267
63868
59161
53785
77094
38439
44885
25354
45285
33872
15847
8550
72560
45307
99682
56399
14225
92157
37561
79218
10056
24218
91705
74284
65500
84517
89476
79962
21114
36247
5753
5894
39245
90968
32488
43241
67463
78651
37382
96631
95266
51830
70580
61143
94777
6013
71897
57230
18311
88452
40809
15663
95222
28621
14661
60763
27663
77118
41693
70850
47031
43074
3703
81480
13751
45428
8857
89464
14887
26884
89086
97435
77239
53383
94474
41538
63193
59553
45925
651
32615
5995
50847
96996
94584
92395
17140
72736
15637
68401
65726
60374
95897
97485
85286
68213
63103
31276
33829
56002
38605
93432
57133
50655
66764
19332
25224
71785
88710
95067
79583
42076
20439
8197
68231
36095
57633
16202
48193
7295
31791
11384
63364
93882
93207
95733
31720
55871
94284
96188
17687
67418
9710
10829
18163
42718
75462
24925
24515
50413
75014
69768
62301
75454
33062
82506
87233
6820
36095
42186
512
3312
35615
63147
13250
15158
9158
78811
20676
14329
81479
90294
67749
1066
2956
21780
80730
83586
52653
92373
154
73542
69633
25910
72827
83766
22514
55685
99091
70455
40651
57011
49477
56603
27389
13919
32170
96427
62262
73145
7800
4452
9625
68185
23334
57318
59004
28342
40292
29252
74388
5187
81581
70980
74902
13752
6658
56210
82508
86165
16007
51836
48803
42575
30271
97523
64610
82064
6527
74271
74053
60617
96366
13424
2791
35815
73272
12907
69635
66558
83780
33654
63450
29190
13228
72650
43861
15762
80430
80163
56827
92572
67972
37033
85077
47626
9049
89408
1430
32118
77374
8142
6725
13910
73557
274
9127
20511
115
86685
32956
34807
38682
40633
42789
36547
74482
97016
70778
87186
11446
10861
49955
54935
66080
54716
7970
92393
11562
28376
4207
29648
20544
71511
66773
10885
11688
24615
35358
39232
12169
17818
36126
27316
75306
95857
74003
94462
24455
89671
58403
58032
17612
25616
31575
16192
31777
13134
19270
10800
46335
9634
11214
64812
86914
41027
95656
81948
46128
37975
32357
53911
30944
83975
75057
62997
89048
37883
60182
7483
41272
52676
73451
26344
41627
28418
89387
39324
38784
88020
48880
27523
27213
44383
12469
34215
90099
76611
77743
66087
18642
45890
7645
88609
52029
48207
61488
40735
11561
66057
53518
82461
16924
21967
26277
72563
68286
24330
62099
15875
57214
46133
6378
22911
40412
6359
22536
50355
77165
90986
61104
92752
78748
66810
98811
75466
8569
96785
58849
78859
85912
13432
23510
31903
60702
60380
44642
5985
5699
81764
60890
68390
29757
32511
40407
35342
99466
34461
86830
97572
32301
99320
3080
48526
77882
28028
69709
29628
8887
15905
91981
40946
22252
23677
64604
93668
2964
17805
93444
62638
83311
22562
94179
22389
95205
29045
96206
59481
75032
53939
66640
72664
86802
86570
41245
46727
59142
63469
52042
17444
85943
89744
38137
38349
47394
89802
88416
60110
58587
41745
36854
21572
9327
26481
69938
54485
34447
98845
36994
59287
28690
87681
17193
89701
78605
56021
73844
50966
93825
89696
91322
30137
87830
85934
85393
49074
25256
20179
51012
30283
77711
65889
42376
77231
13546
99876
88181
54241
95205
91007
22586
43238
5472
72847
33701
63740
69905
34614
78033
2412
71285
34172
35204
28870
72744
39454
42060
14008
62800
34368
6673
75641
32272
11634
32297
71557
67663
4012
70559
16833
16143
44263
75078
78991
35065
73087
60384
80917
32816
78532
24644
47117
48236
83317
20849
7933
39066
10118
24053
97236
47806
84420
6623
16965
59666
29354
93831
85394
90965
12789
48455
28552
57855
28456
77649
40254
474
29365
29865
93299
52505
76824
10685
17582
59773
90509
67826
94051
90060
32173
38222
60483
73518
74821
16166
63286
9030
98914
34846
97944
21287
32308
27989
97708
23109
41485
60667
93029
56362
12286
2534
65300
920
59418
21627
20730
5972
79996
65516
64035
43415
99970
13632
25412
95063
70158
33946
9571
60330
85985
86111
65491
64890
38769
48503
65180
10147
5514
29792
67322
50722
33814
69128
8299
10252
52956
45750
54611
57031
19147
7346
2026
59501
99910
21015
97348
3069
1478
19375
89469
32357
37825
77835
90271
2889
14536
14539
41230
41515
26720
49842
78712
51414
45646
61471
1651
50368
2818
52899
83600
18693
57454
85670
5250
79119
31508
22001
58918
71586
82987
26900
49700
14695
82464
27315
31896
21052
76694
51558
16621
24651
52718
87050
62460
90758
58401
24142
26812
78978
45511
20583
76169
90546
36590
35401
97755
23231
93803
87811
41180
8886
89015
4610
43237
48047
28370
89368
49486
17615
65880
90992
3378
86029
80936
96189
12232
70562
72605
40801
86976
20830
88613
53760
86760
60103
46944
97292
87833
94213
13712
11041
5416
23939
36086
6420
87274
18937
68303
43331
62499
36312
66034
26124
46443
42546
73953
85809
2913
34429
79722
31724
78984
26035
8582
47541
56580
5340
26673
82589
20029
67216
77463
566
77014
56950
15326
54596
42060
20779
83037
69583
94528
36574
89098
20553
39225
76898
43522
71464
47205
46727
23977
90873
51686
64942
85498
90321
51417
78563
17087
63649
97164
14599
49835
80749
48143
68180
32189
59681
17412
4953
79596
26039
80655
77545
14782
78754
85221
81814
74223
80475
18415
55268
36327
63645
17255
6877
31192
39852
87404
57841
73368
92893
31419
74793
51498
41950
23086
61171
75416
49496
42709
29344
59830
65155
19702
79710
94107
12345
31102
82180
3095
86245
1790
62342
97041
34847
60980
75532
80016
33380
82714
87703
52827
7660
26866
68036
90874
22695
71016
77253
393
66217
5632
66372
15787
75474
96689
76389
5680
44497
18925
12330
53480
69558
77711
35255
44010
51174
27122
83160
35899
96882
94234
24885
71358
97358
74218
69808
52383
48538
74457
67792
3116
95928
13288
53803
33376
1553
2811
50222
89468
77317
15164
72372
77105
51964
30125
50368
89447
96315
13
11127
29198
53789
26516
34763
64422
25422
68330
18410
96520
8648
79689
79619
44644
99781
71402
76567
60696
58064
80137
80725
59401
84624
44115
2973
50727
46329
30409
97221
13913
47792
22212
87925
57371
97797
37289
31402
9771
42924
63531
40106
39999
51186
51787
44123
83641
82365
81957
80211
31830
70851
26615
17994
52286
63986
40434
45244
92073
54237
19083
64685
96460
57289
26390
57270
86544
73634
61952
64529
94348
4205
79521
20084
97069
7654
17327
4792
67757
45698
23992
71424
11573
81720
70078
75637
97691
66168
40978
3593
80104
79319
12584
84268
82099
90309
33353
55403
62284
256
25355
990
50606
49546
4105
13447
75122
42446
76287
87797
37340
73313
53344
29387
2555
70831
6510
84416
63284
22476
61944
8337
40197
86373
20269
28691
16003
65332
58197
86959
80401
43966
79907
54460
43429
98574
90990
17123
86698
37587
51936
80333
38038
44066
69329
40299
13159
65346
13473
2596
10136
4287
70472
19057
25640
29056
77797
40325
12144
88386
55527
84929
54935
92159
46790
44797
87639
82453
53071
71676
16596
39912
34032
23591
92464
1172
13942
74009
91206
56311
41013
2796
65130
37491
55290
59781
33259
64523
77215
68119
48099
5837
70455
56139
47949
83659
90551
75697
7160
57082
64032
63308
3335
90666
90884
49395
58094
35912
75388
51679
81928
5604
8955
53313
38048
33909
87045
9251
20300
9401
59049
91406
5184
64672
2502
8143
88485
12498
24029
16477
76059
56760
51398
89670
75745
37838
9273
68256
65401
96992
80147
69314
72627
89562
16610
15709
5390
39621
62012
55617
54790
89468
46557
52511
6210
90131
68816
7220
52944
92499
74064
39165
67806
75235
3659
14846
50679
17373
71801
96262
71288
10693
56012
78039
10045
37278
80159
65509
76136
92397
76920
5433
27021
53645
71004
91272
74790
58489
12115
48830
59099
26352
12862
94546
74391
49682
17581
32426
74557
32458
9773
10631
42427
98679
53663
37656
98554
96653
15234
19975
85236
7684
71553
50666
82560
22496
57053
33235
50259
50715
86782
87241
61493
19899
8749
69434
26145
21566
25167
12415
36879
67216
29655
79314
17337
96272
3898
60637
24060
14002
10005
82910
81405
33307
52745
14070
77249
94763
52144
13332
79680
33574
86872
22585
51890
56923
94930
35126
95333
43488
47254
77389
36089
52634
20197
27528
32461
57590
45250
21693
48120
26615
97097
41176
93646
94276
72877
81603
20448
78576
94827
18917
48748
22241
58761
1871
46191
73714
8354
62155
19830
39046
28731
67237
95482
38633
17221
44275
25880
48643
38638
19335
87526
86966
7849
51601
51835
60528
91334
98931
10527
92593
68641
49300
90556
88717
23580
89899
46919
48589
64369
97542
54665
62244
750
15421
2535
76667
1288
31748
9613
43720
2316
4221
93788
69325
87058
94254
44611
51133
47200
14297
36866
95492
25084
71180
39583
9219
54418
42678
74144
52237
5565
67922
68443
9751
88531
36286
25686
87990
27353
3445
39283
43142
90460
99921
55139
20218
26018
11774
64799
35315
44388
14647
57385
77961
73316
90422
38983
47438
66726
38044
21848
31712
59625
56884
58769
51890
37348
12927
88898
80456
72950
12741
77531
35816
37630
35221
76153
43538
24260
20700
58572
31309
19144
96960
42562
40606
96299
11809
21346
79147
99383
89390
15213
98501
71798
63207
70225
16347
17215
92630
25182
41637
55614
28590
20860
43137
14180
38868
22804
15783
26786
33328
48586
26689
54188
18980
53864
85636
25313
72983
56665
84251
91381
14393
37217
90917
45098
97884
68027
7120
26841
20311
45719
27885
71629
13142
61874
52775
22730
65396
44159
8768
79441
7285
23828
51412
64755
30554
2249
98431
17322
23159
8672
89215
77059
91939
79176
3959
67440
11144
85371
85905
75117
20163
4493
81087
79164
28114
94333
9542
49012
64597
89692
16730
87932
80995
76150
24674
71169
92931
25918
26618
61657
83807
59251
17240
86377
16970
48180
42923
8539
44125
4394
63355
11852
14506
2474
35683
44775
48391
12673
36793
8807
41108
41191
36179
1308
77203
59578
17805
76840
19155
60075
87874
87209
25763
70464
70322
51182
73676
33840
81881
87758
33211
27863
81488
28343
50766
32269
86163
39729
73673
33014
17563
60287
72960
53451
83147
88755
53417
31362
3140
38723
5622
66154
31016
69714
85784
26971
93841
91313
62276
17181
15422
6635
64540
30558
12331
35832
9465
33244
12325
14894
77088
44985
37438
76535
24719
29387
26059
6309
86980
97784
17562
54430
42576
77053
96594
5628
32344
69486
82351
98351
21717
90070
56820
93243
89797
19804
66211
57040
14478
94889
77745
163
6826
94856
29591
68113
93571
73964
53568
16735
26848
62269
80122
90559
10079
94081
79505
29762
19456
32576
75817
24107
87482
63551
96995
23378
64176
91214
10668
17688
24102
94445
31384
51279
26215
557
75159
99307
34517
26787
39200
53227
59604
27965
31239
32711
81018
39656
2114
75471
54471
81754
30599
45535
37651
6049
56144
5626
36617
55233
99006
29471
32457
51351
22029
42792
80482
64070
2701
39411
57583
80207
9121
57317
79139
20851
37086
4809
34665
8412
63094
64297
254
1476
56083
21096
62373
28788
45479
95584
80481
95916
93032
58495
43123
35668
72544
34500
36665
13991
66898
66077
683
32906
25372
87481
90967
37313
23003
5365
81588
69023
82264
81334
67842
15368
29163
27808
60574
37001
7391
9590
68540
59511
89401
64599
82231
98691
43090
96558
73124
73693
9463
86391
29709
26716
90449
65787
10478
54643
19240
25264
96517
37766
30940
21356
59709
10061
67162
80138
22648
83351
88886
44949
52361
51680
8128
96384
63100
68894
82718
32882
70429
63525
71960
52543
21779
912
92222
42653
96739
43447
69519
8376
25059
20021
52986
76253
9567
54313
60776
93114
10495
4524
37279
8202
6138
22623
52249
13427
71885
83374
54071
69769
74489
84409
6500
56505
76833
33526
459
38451
52054
37240
4586
88648
88064
54900
98593
65840
27589
73520
58177
65570
97340
82101
55804
93585
16215
7644
85410
74566
73777
93696
84865
81061
98445
31337
76120
31122
92174
43997
35395
17190
45151
93830
4697
91921
44252
20882
45650
4400
34042
28393
1872
83253
26727
22993
97326
8463
21204
42256
2019
59944
22892
24808
99964
77265
88842
1392
60307
10805
79715
54817
88390
7946
87547
40644
22458
47694
96593
33467
97964
97037
92980
94962
1791
3661
70874
45398
61492
66040
19624
76750
85797
52074
60158
94491
68027
56802
32972
9769
9372
44855
2162
27958
78324
76526
2670
60574
63059
76015
83197
22826
17527
6827
89253
19409
61476
91010
1526
82654
63677
40197
23125
2620
70410
12609
57054
61266
91476
3946
35454
35667
85401
25637
1719
19756
69702
92845
21304
9379
28942
29721
11687
18982
89820
13519
79060
99455
84997
6128
62848
1794
78251
59524
43982
50364
51621
81750
26507
9261
48237
39419
64571
26376
5842
6262
39382
70939
84541
71491
69587
93361
36857
13195
76784
60409
34597
15551
79443
2698
68651
1106
26874
72317
47348
25785
65551
45491
52458
75114
26897
71307
86832
94475
91687
21272
98310
25291
79976
68227
40558
33804
37472
40155
36324
23054
32343
62359
58783
37446
22733
15015
86292
10579
45383
90931
95509
30329
3904
36775
88918
64356
29783
74717
72549
65950
70594
70936
67413
28936
78640
87284
82216
4324
8058
690
84383
27083
59421
70036
29621
74940
13915
31185
23642
46678
57978
94691
97903
84942
77747
65710
45730
78011
72142
43532
55778
52524
28225
40577
78039
52789
70064
31465
83184
60149
75278
81423
53783
70518
95979
26178
61537
24940
79159
58471
38516
79758
13004
22381
38415
91079
52705
3213
8607
34564
48382
39207
13090
19831
79081
33520
21787
98434
74638
23725
85194
96636
86883
55330
80443
51802
97418
17645
58399
90732
13413
68359
69328
79399
56448
77121
48081
58655
16980
40039
82403
3406
25158
12767
51907
61187
79067
1912
65933
87949
20725
67553
45251
72051
15280
1984
34639
96262
50434
9552
76258
10718
72710
32991
31423
86683
10455
4849
67121
63038
95052
92098
35759
36804
36286
6116
85971
70793
60037
51679
92026
68451
80545
90221
24610
1146
45281
96336
23416
82314
48344
32601
25294
81631
38289
76289
86617
54927
91245
33163
61243
45607
53446
23692
25089
5727
69930
31269
51731
32166
97325
99221
77637
56682
37426
5132
95328
29037
27737
96311
28862
25980
92260
78213
23639
66223
6617
40478
6901
91907
21786
60410
78338
34824
87415
25449
66253
34882
11485
85565
59433
34161
63630
71080
91264
92984
68254
94035
79125
70501
86410
24819
70322
67200
95819
77748
18993
5943
52908
76248
67078
93947
31697
6238
73059
29457
41184
98887
6372
95905
58459
47352
51679
33793
15381
85764
73756
12734
26310
348
35941
89244
36937
91522
26476
40487
48090
65715
87193
30712
61242
26340
74951
71343
24024
97493
26664
97743
96850
24128
58758
44992
25499
70512
20538
45262
20337
93734
94671
19556
49465
59423
66596
51644
49766
68885
9280
45091
86250
46191
83231
84358
38343
28662
8631
23379
27949
62870
95379
29714
66616
97755
30648
39477
28073
40381
86412
21824
95420
69456
19929
17846
54692
93022
66608
66392
4321
60723
36187
48893
8560
4710
18404
68821
75795
5648
85948
1340
87733
58365
63244
2671
8488
40085
94590
36830
80790
44132
96565
73074
25489
22827
4722
51713
81486
75274
59431
62366
6966
67400
67568
25440
238
32481
59406
97325
93287
56550
62256
22543
60696
28169
58693
5312
25667
47658
27073
21948
96761
42304
83065
25567
76056
16995
74099
9263
50314
990
79214
53053
87005
62666
64416
18789
75255
87880
41323
53021
187
3004
58812
80134
40470
54242
32303
11517
36473
31094
369
83569
83883
16450
98496
74962
94397
82897
49982
62727
88745
49835
5774
47872
84456
49390
4301
82513
54899
7752
48175
91706
39926
59892
91406
12512
11136
47111
4976
35711
40298
64419
38509
99927
51078
29710
20314
96414
13893
58585
27141
25727
57979
37788
53236
57309
40686
43793
17471
13458
59062
16924
295
80369
55053
84785
43809
69933
6966
56817
15534
96354
32999
42362
27015
2050
94702
19254
16052
10844
28156
91493
30682
54440
47093
72423
38720
91793
88255
38443
23345
47782
34399
25955
67120
42107
51681
44610
56760
75497
72991
15915
19742
97935
95773
74507
833
7699
44877
42026
48643
21887
28504
67208
4085
93492
44268
13614
60333
99816
39882
43211
6868
72607
99343
6175
16946
3962
64050
48833
46017
85675
67622
21568
86095
44785
23620
96049
84371
2067
94498
39931
89625
34249
65565
76514
8070
26601
91473
88720
5986
28789
56824
4799
12977
59342
73268
4373
31457
17305
77719
63083
30007
10429
94608
13448
73415
42978
14993
85963
91738
39264
46363
41604
44331
59146
21075
64717
69276
21593
89826
25689
35056
91815
24225
86257
13014
41642
30219
42970
56072
74962
7123
9520
1630
51266
73126
48562
23124
53329
22096
56232
22677
19802
43699
30112
85568
29606
97056
8947
91999
10056
29809
79355
4590
75403
14702
77503
63241
87741
1469
85860
79333
90427
81264
18411
20
72991
99719
76217
5497
22115
80133
84416
22216
73849
48545
37782
82307
70569
72197
43999
66734
79515
9295
17296
89670
40424
90711
8380
94321
91188
56054
67970
83376
96158
15604
86756
96022
27537
39193
54006
43762
50041
53887
21503
89819
85249
52984
96300
89008
25962
9015
26811
4755
98951
58302
23338
80410
14276
68364
63873
74592
50341
79353
77298
45787
42318
82412
27663
49324
46906
36862
29103
49253
40240
74796
98908
82031
87252
12265
66648
73594
58644
42700
20586
71047
45041
49072
14819
11310
58074
88792
85035
77304
71766
90329
68165
12063
98392
30266
5404
76476
70356
32167
22754
52682
58999
9905
49637
9244
90453
35452
18886
3867
12439
73332
90271
51328
49679
77405
9752
48885
19426
61929
3007
50756
50218
62412
9734
48409
38232
98101
26284
84300
97873
17
30645
31646
31079
74253
60815
84818
35834
91588
22996
38828
8408
16144
31002
43449
67232
19867
59446
9999
61832
7604
71871
72973
35273
33149
93701
25966
10668
830
59496
31220
470
24638
9868
28161
91330
99131
97047
48162
65246
98307
16998
78904
55439
87197
65821
48815
17997
70447
29314
97388
46198
59516
56085
81157
64364
77216
84684
43878
60386
43507
87988
28597
22832
28161
56089
45865
77895
48277
22976
12056
70344
41310
31728
41783
43373
7391
3498
27016
67586
48292
18466
37852
38123
37176
21795
49910
87153
88665
83728
80215
36422
77948
9709
85340
72339
85062
66283
25936
33381
52393
75827
94560
84113
72957
86531
24405
29146
10977
76770
97366
17850
98200
63349
22565
41532
66426
31376
73933
36504
73717
11195
59553
28445
86942
55276
3103
74199
46173
59746
59012
59669
91013
32008
22966
8923
58420
9687
41227
90025
35353
11011
61032
55352
37422
76168
61132
20675
33506
9693
61777
9923
3368
40681
69026
96846
40643
64238
82649
4724
80067
60721
38362
80017
38364
91939
12340
16398
87952
72090
10595
49939
18952
3209
79595
95669
5295
79032
73739
83904
86235
38618
3878
58258
86967
36428
23361
7471
88647
73415
57571
44433
28312
84161
12008
32128
53477
48527
60526
7060
62936
11707
11185
45828
57267
83337
11210
90659
67053
19294
34161
68769
14611
67705
74410
28928
37239
90055
49175
9696
45770
50859
59342
70114
5920
1226
23923
10457
8796
46337
31736
24223
3311
19365
33561
20698
85471
87037
63516
73217
60712
63098
72244
89906
7793
19103
44616
67693
26216
24499
86261
73418
3604
44932
20497
43478
61623
94238
58052
93790
45418
20494
14186
45516
91070
53663
93218
46116
58703
18176
11037
88462
70432
25496
64895
78660
74827
43172
45755
90192
42314
82773
61729
77527
30231
48952
6421
9220
11127
92643
96122
86168
54490
96019
75559
57379
43443
75932
42611
50026
72632
66904
33570
34208
99554
61552
89464
95066
53682
17007
56437
15005
86354
29344
23009
8600
14386
58985
65346
75144
95960
69690
2139
80537
90637
95826
19895
56800
685
97666
97839
53210
87186
53478
81507
21939
43582
39585
6806
87355
51453
82383
94301
2880
90051
56721
51349
70473
90676
52511
45623
67697
69351
27859
60406
28843
38742
69404
80578
78215
37673
49027
74975
27390
95799
97130
87090
77885
41666
65170
71629
98293
32362
16647
80898
76953
37147
45827
2267
66879
76082
25072
30829
84020
88915
78592
20594
53765
58960
93433
23631
48643
93744
38444
52823
3205
17932
72142
71185
5210
87030
14082
19241
79205
74315
66207
43773
94798
78191
67532
9350
45713
69358
90965
63591
37496
95674
28899
30193
95823
2210
1961
80303
76140
9017
59115
36545
51330
90265
34147
46538
87994
92263
98711
42165
72234
1738
92233
71928
67672
47859
16552
1865
92303
25316
93837
18898
4824
14797
58913
47109
15351
4129
39923
86439
60384
98678
96114
41597
36644
75460
42970
81216
43173
91182
7581
28082
59351
2071
17103
57414
4894
68038
5541
70797
89688
70291
71156
56106
35838
38174
34774
6905
20497
85659
86603
82622
67865
69067
4121
99592
43363
39135
95852
2812
66955
47140
54393
12519
92582
55180
29196
70892
68033
77636
34229
82006
54499
61492
75712
15507
28511
16372
24105
17000
36419
43330
90444
59486
87845
5472
19791
43835
38047
63360
15346
24767
21940
39803
5297
69336
84864
8407
31005
76903
36692
90422
1294
70413
56916
24113
16254
80336
86676
43570
11688
51283
19859
12338
94255
40175
91034
57962
28192
51140
56616
72366
2390
33502
26592
19597
77499
63958
32152
14092
41025
88080
65637
46008
12349
64011
1662
2508
29421
71128
79828
31302
75342
64941
21884
25429
2533
80461
82291
4396
43339
64813
92727
74773
27975
73530
18213
43740
66858
47593
64321
61515
48969
22354
36417
54232
66450
88628
48104
43965
36777
85292
51462
69375
85402
36307
63142
84257
86195
67335
6460
62534
12510
96266
94807
26653
54441
2155
17219
30129
62394
13097
51331
78593
5884
71636
75890
50047
37479
71688
94142
62896
72186
29846
46915
61193
38344
23417
20252
82253
20850
96806
77825
11067
3226
51901
83871
61472
10520
92456
4914
51920
88914
91698
24082
61216
61739
99825
87402
26721
65408
78402
55
82999
62899
35841
91667
25185
3462
42281
24975
86807
78264
14096
97237
80471
61193
12214
72075
84577
98984
48787
64134
36846
99169
17090
32304
34071
26793
64249
94402
68688
10748
40982
92705
65148
70185
19156
90027
82987
73732
48986
23348
84297
92967
14115
12384
60232
90143
93250
82977
28540
71787
99636
91469
15991
74874
54903
38128
39400
15455
84351
16007
42205
1028
63183
63730
64641
74725
64721
53905
69556
84697
15274
78462
92073
3754
49740
82860
78546
88344
91955
3076
42011
4619
35638
38171
77851
79139
51084
48327
81378
58750
96347
99693
29718
89974
26846
44631
91871
50810
23237
65649
78611
7378
92323
25982
41945
84690
18457
76586
29476
58764
43881
96381
94335
71940
27213
94242
49760
94952
88593
63508
52742
41354
69388
83869
33772
96
73449
21389
55488
76488
82138
14257
54319
80550
45560
47522
91484
36813
34625
70081
51454
11987
15905
74331
57176
92852
44597
24936
91838
11943
70646
67497
99270
93441
26594
49649
49065
30515
77489
10655
14157
68577
82350
22561
70931
69590
43313
25223
56313
32372
66593
57010
13871
65798
31219
34571
74072
15725
72438
8253
88649
34327
19998
15888
89929
29114
72223
58364
54301
47004
70020
80312
94550
48716
28546
43957
98476
44511
90418
42201
9660
6391
92438
87038
2871
25461
69452
14799
54372
56927
47366
13496
67443
34666
51360
87887
11877
60966
32547
60621
33981
69120
82772
70711
86046
39833
13821
3476
42301
36649
67489
16138
86885
2079
14797
3900
28307
11419
13284
11559
94824
67289
68832
6307
58278
36963
71512
87519
41974
48799
75481
33237
61909
86097
70238
73700
58148
56838
47825
88372
1574
37392
18125
36516
42048
53824
5511
55489
42171
87283
4683
14634
54913
48805
25623
90025
28892
4648
67972
78094
81360
39532
67524
6879
94498
81392
86675
46041
81632
46406
61085
91157
78040
69933
89773
63935
39948
87376
67377
22672
68920
90902
15416
19547
7420
57256
24172
72122
86741
70077
24333
71580
83808
70787
24274
86728
87163
65506
24663
77658
60107
64018
69407
42591
58901
82637
86101
73141
1886
81648
94696
38499
22070
85047
7166
17912
8428
72125
15500
54847
29487
68421
71413
34042
28796
42666
92126
38156
9337
49368
32406
50454
25870
98558
36291
39176
60078
79794
31479
92971
40544
97550
50625
21623
10043
11795
17204
38809
46538
27550
42422
5866
17073
63718
61402
64841
15645
3934
31398
603
54932
10194
25267
88296
47929
32006
609
38954
77288
75657
38941
86662
76183
69916
84179
43730
69338
82485
34534
98295
71308
26192
91618
23592
9735
92833
96591
12700
33994
12237
8056
55320
30326
59057
42174
84731
62654
98598
97190
13371
65180
16759
77995
71078
76663
17665
32655
67554
86656
33802
65368
40213
27661
92880
68360
74794
10850
88561
14637
98847
25509
29333
23426
19445
94156
89036
37372
33521
73845
89255
17068
1961
5967
18384
96850
88605
38327
11576
71478
23708
49363
80058
50734
42281
17156
49042
2422
83590
1370
34537
65802
61045
61811
25444
66047
66570
83501
14618
43202
13178
4583
26366
93858
8530
94859
39132
85508
57850
35638
75986
94109
91690
12296
97795
8541
21914
46229
15477
96748
4907
51584
28980
31131
55547
68039
92022
96373
29371
29972
82276
87162
56071
66951
76642
16302
47302
58897
3655
8296
17313
71135
3908
95247
73049
41854
16104
24067
78657
96992
31313
54417
84371
62158
88203
34609
64805
59639
29116
24421
13242
45613
77720
50393
18595
27105
39384
24223
45888
60866
6659
64043
98366
70132
58079
56435
19492
52438
10464
44909
70571
74035
23923
11784
19072
43876
13217
56159
66274
74896
25826
70657
65572
55998
36252
58792
34709
74689
21963
91099
63545
11570
86807
82887
91130
81476
10903
8774
99618
86616
49188
27302
44777
21327
76449
37635
44000
92297
78269
85151
24255
67910
15264
84651
62333
69565
19521
85972
6444
89292
56092
19174
89624
75179
38255
83376
24491
98918
32309
65378
8780
52922
75360
19391
37194
74585
11819
38943
39767
53314
376
33543
651
8333
78102
12152
68423
50410
19126
28156
62657
44161
13141
93279
52530
32760
39517
62631
69112
11481
17588
2539
62475
3996
11622
33552
88114
53307
17895
21219
7732
68772
1089
9623
86281
21966
62781
2819
884
60654
83937
49373
51772
96535
29664
61779
55754
96748
87211
2919
65558
92606
69607
84246
39713
74789
5295
10196
10045
80397
69964
31595
7115
49899
11846
81795
76505
76479
91085
38191
16163
79329
93490
89282
32912
26129
2585
44761
32135
62479
27854
26800
77603
70729
70402
59391
99960
56327
89830
86899
5782
30556
37818
27520
90219
22428
38685
27120
16411
39468
59991
2010
84641
4122
53719
71582
54681
42725
70103
84539
26575
30024
42282
26560
93566
37713
77196
48961
55624
3013
38170
46366
29436
87195
49915
27845
23936
32539
51479
79269
67357
78648
51215
24512
5859
28338
19425
21391
51601
1310
54506
49297
57148
13538
445
94890
36982
90759
7623
68315
70547
81704
68940
19788
73739
34083
95255
27416
48657
16347
96877
64322
36333
43547
27885
73201
15136
56544
84639
55580
65255
62619
2845
15457
45082
52379
51146
67785
40325
62579
1041
2732
18485
79751
73785
19436
7677
186
52057
10365
762
10584
83459
12150
33316
92559
85401
19043
89081
47811
99346
52047
89619
17451
22505
84503
21491
87633
97734
3000
53697
30540
78434
98362
57550
12452
32998
88197
7737
86325
95816
87324
66367
32458
5121
36660
59418
97440
15962
70216
13569
38447
83130
48560
48367
63445
62947
60979
26292
83122
81401
51274
37896
23206
17182
15400
51797
26496
82764
90577
53553
17084
60951
23048
57923
37512
69322
1454
85060
92578
21422
55054
39002
87431
34649
5302
96642
61388
45509
35388
57017
65681
13333
55132
62158
29613
45427
72714
1475
25226
71773
90570
86579
34687
77092
23855
66091
31144
25780
73653
46999
25799
80535
93175
86085
47078
49202
92020
70991
22060
83226
2381
62277
45013
4775
24342
34444
60958
57829
72563
77481
74100
11320
49703
65868
9191
54181
24008
54342
52635
54248
40271
87067
6314
61066
70227
25935
20199
85604
78454
67722
50207
85823
7069
32279
26667
94476
72897
18190
48021
86994
61454
92024
53411
56449
78459
33070
99778
9654
27374
78306
59786
83632
2942
50737
92767
87227
36973
39717
52259
54811
8854
63352
36448
71813
32036
85972
14164
23635
79340
41350
69797
92633
53217
54664
40582
57518
71619
15355
89509
79795
23935
39792
6197
15908
93937
16198
78209
10493
7959
32154
7883
50488
5971
54055
82224
39114
98585
30863
34311
14084
83383
16885
43361
46228
8451
49935
71408
76607
22030
49936
52018
77972
27005
66369
27123
40101
87902
86876
64448
26757
49829
50431
8882
72866
43020
80425
54113
48016
1600
706
87990
4570
33087
82607
64121
33934
63853
66462
85464
85160
1586
38814
91694
76227
79689
62697
26804
67181
25547
51798
3626
89086
35760
69829
29758
77325
90556
37251
51779
70577
50116
28573
42533
78125
56870
14284
80869
54988
92111
68539
72017
24313
29545
92331
16748
5195
7902
44085
75972
35771
78990
3745
26747
22836
79586
94204
79283
1347
11037
31312
4280
38143
87305
49312
25395
48878
29685
28706
44848
89873
78016
99087
45054
56125
7222
60546
59722
75362
7229
8869
84351
76751
39645
6230
15282
44445
67063
21005
51684
24933
8419
90119
32644
97120
46590
21556
67196
99287
57574
10822
13180
9345
94429
25876
88886
17714
75358
1302
38821
68625
48503
70451
10412
62025
58004
51096
49848
74517
48639
45743
33976
69510
97300
14076
72694
66101
17688
5493
87420
40258
17971
31816
42570
35007
38961
50840
17561
19920
32058
91362
52763
10591
79622
42786
99109
44579
93342
75107
88048
6797
26031
96509
85909
94781
20794
44583
92113
18899
36236
67339
14878
31511
31495
892
72165
99924
50911
58913
53484
90272
10636
65114
23471
54801
28699
41882
21109
22441
9987
15648
95068
98270
19963
59872
16744
40213
47714
97158
97613
4140
48298
54629
32985
25689
4859
60593
38089
36335
89187
24083
19755
43821
73860
30494
64532
52451
46535
89149
58605
8892
99317
22543
656
39905
29755
20123
50027
8018
64073
47136
4352
5623
95128
21141
75551
93053
85087
72132
7000
43635
6044
85229
90818
86687
32869
80322
73024
40843
23066
54753
73209
4235
43457
96390
87732
144
92936
17021
61867
18141
88599
3599
78513
15127
66539
29253
28565
25688
51165
13732
18665
34360
25664
37375
50730
20420
41688
24710
57454
67169
35146
56884
21890
12107
21454
41395
56568
47900
49359
94489
88993
60939
39555
44932
7924
40231
60066
32858
88919
27846
55747
45468
60456
97525
24979
65472
50875
40713
72121
57931
76764
40028
2749
92672
98604
77325
63951
3559
3232
69065
62988
90500
33534
88165
13214
16929
12782
22508
18728
76758
64151
72937
54684
99422
56575
61615
82962
62653
49482
50286
38824
21488
55323
16952
73921
8729
61515
97684
36957
20567
92491
66781
82372
16242
28203
51524
1704
39236
84718
76758
68462
34995
75019
20612
31128
27080
98916
4863
44161
53067
71416
88913
14302
65513
12629
10753
73961
68916
61835
45338
70287
90659
42406
78737
76584
84695
63981
35664
23714
18963
77926
7815
43743
20562
31344
94205
68676
68492
98821
28958
45933
3076
15863
87702
25270
72834
85051
19671
96603
93006
35023
77731
8334
36760
21521
57621
97893
85810
23646
93934
72964
10287
63884
22720
6053
56660
46063
18316
8619
86711
40496
28774
78201
15582
40149
27085
17992
61202
59648
54226
75071
89115
43284
2928
65562
41929
62710
44755
632
93918
77635
85628
44439
77783
28691
23771
24953
81414
93907
10126
81304
76889
57644
57862
73634
63185
37001
15948
91000
74272
16687
99478
89636
55516
55656
10018
69159
12966
55117
11542
36711
33383
81081
83499
72529
99292
44667
65915
41470
23722
28405
64955
28025
29140
95409
28642
29066
91510
31469
59382
36720
60906
82672
3613
34152
96788
57201
22049
92786
76791
7637
96578
21339
77624
95986
41297
69941
89259
37141
66972
47063
52300
21830
28978
76525
6287
32137
76056
75199
15569
93044
75419
4191
28009
75516
82530
31307
68299
96538
91956
18664
37298
74968
20709
40747
92030
44400
63519
46856
39526
81244
87551
46728
51188
84523
1955
78766
82134
29611
80165
78436
31331
64380
92215
62315
82397
18234
78331
61815
53233
7751
20470
11081
40045
73165
6486
81571
8504
7525
96645
73399
24471
8018
59106
48073
91479
80835
4792
13147
68605
71195
1739
66359
39514
79061
51967
75756
17264
30547
44794
85361
56165
51282
30553
21791
34420
67243
42407
3136
43106
4505
39991
17022
89483
31989
43021
71685
57774
82677
42905
88143
89810
59672
53609
84058
6222
78080
76830
25297
32902
46534
30710
95804
27914
8637
94169
16297
33084
92213
79346
96334
38299
41214
40859
47719
50631
84354
35782
95973
71967
83086
80756
57865
52297
87166
7771
85724
61657
4843
32355
74180
91681
7236
11288
50309
85680
87355
78052
2678
62460
76247
6164
86914
57477
43140
11101
93283
86495
63550
10630
84852
70310
20012
72047
32749
48687
58732
47297
80065
39994
89070
55516
18746
83721
26872
61746
54830
81228
56952
53084
87005
43079
75329
69604
56951
80725
35755
58665
85619
7732
96912
82057
68207
37470
7224
18973
26140
81071
77429
74570
38692
58366
75908
97482
87203
15688
55755
45865
32532
81161
94504
23006
77072
82531
38359
99840
47829
39022
6079
69176
35030
43970
95879
2227
39443
53960
82693
34777
80519
55167
79910
36997
565
70403
93881
9544
10222
96967
30326
19214
92870
67894
27729
72443
8854
64601
10877
16970
87337
96892
38455
65108
46179
47999
18370
98002
98781
61744
16166
82567
43334
63177
66973
23378
38033
65282
91140
56195
45232
63577
46308
94381
43778
86189
16333
5486
95583
3816
75203
43686
57212
64409
88066
71461
11283
56481
52417
55241
88725
1712
95777
54156
88588
66527
88849
59823
80746
73444
25844
38594
69202
63640
3906
59751
67773
80490
94621
21879
77056
62344
71981
89307
72139
92053
98411
41837
25892
63373
82718
10431
67901
30685
70854
61889
44135
23125
59403
72975
79560
66865
88425
44973
60193
98841
68409
55474
22221
55428
96178
88291
88568
25809
1907
90146
63328
36578
91543
72928
28539
36040
47721
97265
70478
654
37103
32912
82953
7043
25775
67329
67427
72522
37871
95628
22216
47577
11481
4372
96450
10850
14281
8282
11883
56766
77890
18425
5336
41586
81545
89147
81227
93517
48380
52585
57229
89792
45690
1141
95052
63514
57453
81963
35075
38386
14262
50810
77408
26711
70881
51607
68369
7901
89549
82346
53541
18273
44183
78265
50761
90588
29939
91430
87824
91092
76422
48505
80997
29453
46247
38143
96827
8611
58512
80926
25298
27731
95927
8481
71307
50800
97777
75791
35099
32375
72703
44645
40847
72827
64066
71517
95369
51635
61096
71536
49257
2377
23078
85213
38439
19451
47334
85896
19942
74140
842
3961
21014
99500
74804
44147
26238
65796
21408
87130
53724
13661
36319
67465
6949
92198
71778
70253
62373
19530
91757
5598
81406
71886
37129
35079
7443
29260
88555
16008
37422
99343
28829
54074
93293
39586
44143
36105
23446
62956
97053
35576
7406
52537
85560
73579
45645
57195
19879
30931
69502
28639
29353
8685
72292
52934
66151
58739
4363
95966
94003
90190
16740
42926
79958
83154
12369
27109
40692
58124
86633
55234
87730
58281
13957
19944
12370
98332
55831
28077
42835
5183
9791
57904
50606
91345
44871
91575
15244
88471
22477
73299
50835
74233
99384
30614
37619
41884
50764
26423
39256
52929
54971
54393
17680
73681
3361
56391
1023
5504
16671
62173
60224
50565
18400
60535
11726
22704
6321
14671
38714
58716
64831
97869
32756
3658
87764
10899
27079
48415
31371
12743
14013
72305
6790
2693
637
21705
85500
59695
75408
57395
81653
33940
98880
85602
33503
26496
69008
82685
62139
98300
22316
25509
22309
49437
59388
6360
39308
19884
87262
36434
15663
41550
58885
63370
36328
51001
6988
54675
4614
19780
90921
16782
84488
11400
47033
55414
72346
20471
14685
17304
15311
71240
96737
16800
51679
21067
59018
60455
18351
83596
19118
45674
58215
79418
17437
84349
11209
51971
77107
56115
98349
57973
84615
15889
9908
28171
22072
50775
70036
34428
37147
73124
48
8200
13729
29362
87550
96737
45973
64005
47095
51143
86194
4561
24808
14052
90586
22064
97880
15884
45936
14289
91383
23075
64543
71568
37642
81859
9106
54872
67711
29948
85742
18090
32224
67396
77468
23998
11155
29787
79538
34614
99485
36816
63771
15330
84674
94835
9568
46225
91258
86446
6754
35887
53202
81542
51032
95084
91083
34883
95685
72352
43118
73951
27899
93862
79614
7959
14453
7597
129
93759
5330
54441
53904
42718
41555
6940
4586
92940
88267
74796
48779
56617
26479
17554
70516
57525
3470
82015
17083
50064
29786
20306
61947
95497
73635
6247
78234
40919
10155
64124
44316
68322
53164
66699
34740
47497
62673
74040
44256
3657
72231
8195
28329
26816
82958
15912
49582
92264
38154
65434
93300
88027
91484
92709
65314
74287
15757
72096
39327
42995
26675
2907
6819
26896
52638
40003
53049
93962
94907
96572
48302
97468
35677
37646
56326
92893
37289
21757
66958
92388
49089
87176
40166
55879
13665
76034
33930
82256
71354
77576
19418
48897
43738
769
86782
85601
60074
8733
87565
69742
35473
91568
99488
1417
96236
29000
52917
23894
3302
60139
8495
1365
50744
50943
40045
6497
92956
38074
41468
55975
80658
22787
79163
75277
48476
7636
50390
74298
39289
39890
59150
76237
35217
21355
93898
36314
66576
70489
1901
77918
61928
3663
85743
78639
22876
27871
16152
2293
12118
18330
52256
25985
69291
90722
35460
92859
1364
87443
74677
70598
24705
65922
89617
72238
64716
43421
75394
59174
10185
12705
95092
52512
91628
93329
30483
69577
62462
81137
66239
74813
98223
57250
80568
31050
73504
26520
43072
78929
28611
99042
29635
66656
80561
98412
52165
60725
70587
85650
51820
7012
42963
44830
39236
69156
3774
42515
42590
16697
80957
15342
27004
89226
20141
52230
96235
21327
32173
54258
57161
24183
30253
48279
64584
57985
76211
19328
98235
18944
3814
57127
50504
97685
93850
83914
60805
97525
56815
45301
24836
36445
48862
1626
37386
34138
72193
22980
23333
35415
3693
16701
41545
39498
33700
60477
86561
48412
98392
88864
9867
90878
6314
62503
5009
94024
17540
95676
85552
14686
25662
47461
27075
13567
8996
17272
61088
1882
33770
81181
67681
86518
27699
39860
43396
71225
45745
1147
98768
84997
11724
77988
44337
86901
9413
37517
64734
57919
90390
79881
97102
69495
30168
68425
75779
8443
10497
58586
74830
15435
35842
37851
10483
59630
68074
46991
72606
56234
45681
15981
55712
50915
90084
38717
99442
55236
75574
53902
51228
12640
80460
29666
32745
22979
53289
1241
27866
18626
36028
48337
54303
91584
30633
95593
70147
61117
12557
58057
90485
98147
85118
88992
65380
33301
66683
40384
6756
23660
94690
43468
53765
15791
93478
91022
69575
81931
88277
56265
87561
48793
89662
15582
13867
81400
35507
41217
82029
65120
29781
79470
2339
83911
99039
60725
56869
87422
24519
81105
88275
9543
38238
18695
41794
91970
55899
50902
86185
32145
47284
70915
5929
77619
49148
8886
75842
44365
89263
76182
5376
17287
36219
67328
89378
97348
59628
76941
97899
59164
33900
13653
19532
82977
63989
59764
94770
75596
23422
57845
84992
38999
21804
84900
24781
58040
76631
79851
77399
95083
48478
47600
15303
52868
50928
7647
30226
11099
95323
84731
18110
25551
6256
15115
18207
43753
64034
80047
81891
90587
28948
6060
1205
98094
28084
47542
86537
40188
77323
20658
67710
6105
88099
78061
5784
86497
85051
27999
96181
23736
1777
4452
99223
98232
64685
34818
11421
15560
87616
72463
74204
73193
74447
53334
39058
82039
23654
2561
74463
10019
29708
75156
9564
66473
74873
37308
63730
7399
31092
78975
98579
85187
74290
75173
78565
81824
71567
72340
32281
22895
91775
84791
46259
39987
89495
77067
64755
91382
63840
9131
34961
10912
67936
49235
45321
10240
70139
29821
23580
5987
68123
12537
98141
32860
36929
43821
20021
75783
55940
34116
81265
91009
81672
88975
6955
15272
12568
4497
93540
16719
69456
37342
80357
67704
58496
7180
66186
6731
2764
27824
42135
48915
79659
61753
1463
72507
23016
38369
89470
53597
83831
75885
56455
28525
58578
46475
95770
75783
59136
881
49362
28868
72512
77197
55286
58529
66330
41127
49151
77219
14886
40271
83673
83992
27936
34294
57484
59478
44470
7988
26954
51403
40783
96160
92912
58303
94857
64032
97399
61532
7004
1921
45736
4632
40398
32621
10792
27899
81425
90574
46848
25181
68721
22761
13595
76634
35065
85107
49583
16945
21362
53468
71484
48870
22543
62770
23955
10177
71780
90102
83669
36047
85593
