49335
49867
49615
50096
51253
49217
49364
50455
50438
48125
50383
49433
49343
50480
48690
49982
49051
48750
49113
48676
49876
48802
49665
49671
49599
51421
49932
49004
47213
50010
48474
50318
48648
49059
48999
50084
50308
51553
50259
51015
49503
49745
50459
49690
49838
49317
50895
49526
50148
48216
51221
50263
50258
47394
49914
49816
50977
49996
51230
51502
49037
49019
51089
50400
49846
49413
49666
48579
49112
51823
48862
49986
49570
49247
51092
50272
49362
50448
49949
49981
51179
50487
47904
51718
48538
49993
48983
49688
49821
47703
51292
49188
51144
48453
47844
50686
49599
52395
50177
48201
51745
50484
49227
48770
50441
50845
48704
49620
52503
52114
48546
50282
47990
51235
48477
49246
50167
49663
48642
50877
49220
50037
49247
48321
49974
48480
50560
50125
49852
50933
49973
49621
50845
50712
50119
50448
49474
51458
49234
48474
49743
50410
51487
48024
49144
50174
47634
50136
49482
48292
49442
49520
51318
49129
48811
49838
50077
50497
50671
47832
51335
49590
49795
49592
50985
49060
49978
51711
49972
50168
49726
50474
50268
49448
47490
49447
51124
49931
50081
51565
49304
49816
50733
50926
49037
49317
49609
50620
50367
49378
49657
49563
49629
50262
49644
49829
49789
50862
48896
50511
50783
50684
48389
51134
50284
50681
51715
48918
49076
49600
49960
49662
49760
48649
51077
48904
49542
49938
49278
48386
50451
49557
49074
48625
49530
49671
48558
48644
49680
49301
51348
49481
50376
49119
47828
49756
48586
48419
49140
49262
50096
49896
49618
51711
49196
50300
48929
50131
48521
50409
50687
48803
51650
48525
49960
49075
48109
49808
50678
49448
49073
48703
50752
49141
49095
49599
49009
50582
50358
51662
50743
50081
48515
49102
49522
49521
51101
49136
49831
50928
48145
50336
48993
49870
49701
49233
48530
50949
51588
50765
48832
49567
50430
51406
48378
49712
50777
49945
49523
51701
51613
48730
50515
50667
50692
51738
50677
51284
51070
48902
48179
50773
48490
49894
50483
50088
52108
49514
51607
50523
48941
49111
50499
49278
50943
50053
50127
50226
50080
49795
50156
50557
51332
49209
49648
48218
50835
50003
49670
51495
48504
50810
49949
50363
50766
48666
51741
49305
50652
49309
49119
48685
48667
51251
49061
49346
49805
49689
50288
49347
49958
51295
47831
50096
50081
49317
49877
49903
48625
48475
51715
48390
49094
52149
49004
51350
50880
48525
49524
49650
49517
50575
48563
49494
49966
49014
49724
51132
50797
48567
50815
49274
48792
49442
48401
50786
49007
49820
51467
50300
50407
48484
49326
50452
51190
49359
50160
49286
50169
49954
49358
50078
50435
50967
51365
49079
50405
50253
49150
49713
48470
49520
49111
50150
50890
48880
50753
49368
52973
49395
50054
48184
48920
51343
49905
50708
50155
52023
51545
49834
50327
50830
50429
48816
49360
51322
49969
50575
51184
49536
50319
49802
51561
50689
50630
52004
50491
51145
51346
51492
49958
52598
50957
51715
50749
51365
51119
49155
49344
47879
50441
49974
50104
50140
51157
48862
50737
50525
49631
50124
50181
49582
50057
49259
48651
50558
50295
51114
50057
50855
50700
50620
49851
50628
49138
50306
49361
49458
49307
48326
50744
50032
50370
50844
49871
50592
50198
49111
49335
49666
50051
50243
51664
50256
50754
49238
49240
50202
49738
49559
49580
49653
48629
50391
49433
50771
51944
50437
49757
48255
50411
51364
51170
49906
49480
50600
51274
49758
49934
49267
52484
50745
48985
50731
50016
50110
50938
51086
51179
50517
49779
49567
52009
48430
50240
49730
50456
50793
48536
49306
50836
51048
49711
50682
49252
49785
49385
50550
51475
49513
49829
52515
50646
49316
50729
49781
49922
48659
49564
49339
49933
51408
49991
50467
50557
49158
48208
49730
51494
48655
51750
50218
49903
49721
51385
50790
49419
49613
50346
49084
49663
49190
51373
49725
50891
51781
49636
52847
50453
50603
49457
49085
49577
51192
50446
49571
50674
49746
49984
50001
48575
49059
49859
48416
51172
52449
50751
48700
52192
51129
52645
49995
51761
49477
51097
50249
47887
49979
50501
51572
50563
49643
49205
50531
47543
49266
51310
47968
49742
48413
48739
49153
49217
50613
48757
50406
50530
49718
49329
50925
50398
48688
47879
50445
51568
49690
50118
50486
51280
49328
51360
50520
47984
49347
49855
51138
50715
49096
50311
49760
49842
49141
49529
48265
49872
50026
49744
49285
51086
47537
51697
48810
49213
49166
48868
50569
50929
49902
48936
50486
51367
48832
52101
49919
50428
47917
49160
49128
50212
49826
50854
51430
48634
48746
50198
48765
50542
50589
49769
49182
50852
50650
48856
49247
51181
51529
50007
50466
48105
49629
48324
49514
51411
49364
50445
49286
48282
50595
49327
51190
49430
50813
49118
49545
48436
50707
51850
49468
49082
50049
49108
49466
52291
50704
48699
50821
49269
51574
50730
50247
49044
48024
49049
49618
51651
51293
48946
50432
49591
51605
52403
50488
51716
49857
50379
50651
49266
48620
49755
51536
48997
49291
51015
50557
50248
50890
49863
50302
48611
51220
50066
50163
51127
49823
50475
48995
51158
49999
50084
50157
49740
51263
50410
50926
50375
51253
50930
50032
50134
50957
48128
48758
48446
49659
51298
48441
51613
50604
51737
50921
50286
49805
51374
47422
50064
49777
48356
50157
49866
49554
49677
50644
48899
49211
47821
50000
49564
48476
49962
52549
50317
51111
51017
51486
49500
50031
51022
49865
49378
50754
51796
50170
50662
51286
50030
49787
50565
50540
49797
50573
49701
50183
52376
49910
50790
50373
50408
48440
51858
49185
50846
50011
50194
49516
49157
50130
50259
49804
50322
49366
49434
49018
49863
49641
50432
50716
49206
49426
50946
49952
51353
50165
49193
49630
48931
48515
51632
50542
49509
47660
50694
52131
48847
51981
49970
50470
49507
49329
48839
50436
49362
48879
48200
49296
49251
51467
51403
51878
51300
51446
49062
50255
49523
48922
49589
48924
49905
49052
49278
50939
48640
50341
48479
49967
49747
48436
50751
51591
49499
49647
51370
50040
49998
51064
47588
50636
50428
49840
49269
49627
50299
50859
48753
49722
49924
50734
49211
49115
51011
51198
48327
49099
48706
52028
48852
49053
49584
51456
50940
50711
49371
51068
50688
49575
51100
48608
50717
50739
49883
50351
50819
49749
49834
48646
50341
50156
49329
49795
48874
50534
50335
51910
48884
50077
50215
48121
50578
51666
50503
50244
51000
52206
50952
50788
50070
49415
50343
50631
50359
50576
49386
50646
50777
51836
48670
49420
50625
49825
49972
49368
49947
50304
50675
48415
50462
49318
50063
49633
50350
51756
51088
50749
48915
50749
51123
48962
49763
50210
49866
50909
51649
50708
50990
49685
49732
51239
48875
50294
50210
50137
49656
50946
50562
48717
51399
48445
50594
49277
50082
49790
50654
49127
48721
48670
50065
50146
50894
50185
50551
51975
50176
51415
52702
49423
50369
50010
51392
50459
50321
49607
51233
51330
47545
48236
51656
49922
50100
48983
48198
50754
50449
50284
50379
51181
49193
50014
49808
50353
48193
50416
50582
48177
51810
49936
49630
48519
51425
48851
49371
49504
49592
49676
51404
52226
49235
49439
51617
50646
50106
48533
51719
51343
50063
49926
51026
50995
48925
50643
49940
48049
49812
51641
49909
49894
49565
50251
49743
50784
51149
48447
50551
50120
49935
49319
49690
50870
50949
50192
50579
49224
50196
50706
48681
50638
50746
51051
48514
48108
50282
48125
50485
49626
50523
50774
50399
51965
50276
49557
49115
50648
48652
50535
49746
49447
50052
49619
50607
50752
49190
49734
50077
50552
50448
49994
48882
50900
49574
51369
52056
50619
49399
49747
50011
48512
50848
50587
49831
51240
48251
51397
50276
48976
51033
49584
49853
51636
51327
51334
51042
49075
49693
50287
50761
51304
50422
50687
51073
48922
50294
51150
48719
50689
48658
49657
48451
48813
48818
49817
47993
48884
50379
52523
49880
51168
49414
51026
49409
51088
48224
50378
48677
49617
48494
49577
49924
49758
49694
49527
51191
49007
51246
50812
50200
49820
49850
49290
48558
50605
49866
51258
49415
50496
49024
49752
49028
52206
49224
51520
50331
51107
49949
50931
51354
48342
48940
49192
50467
47408
51946
49014
48988
48379
49548
49740
49358
49697
49528
50100
49904
50722
50712
49342
51527
49711
49959
50846
48720
51526
50077
50314
47573
48697
49730
51210
51573
49250
49664
48995
49658
49479
51497
50246
50599
48391
49230
48852
48284
51520
48937
51205
51366
50739
49773
49888
50656
48329
49705
49731
49406
50918
49423
49094
51264
49646
49890
50366
50582
49795
50752
50435
50391
50078
49199
48483
48694
50168
50014
51344
49649
48639
48930
49852
50631
49840
49628
50011
49275
50130
49245
49817
48934
49957
49718
49369
49634
50291
49289
49999
50382
51824
49363
49179
49585
48795
49599
49289
50438
51044
49701
49682
49775
50912
49814
50661
52215
49105
48510
49726
49104
50986
48616
49273
50531
50597
48714
49764
50715
50026
50595
49411
47667
49670
48078
51608
50865
51064
50465
48803
48026
51594
50341
50711
49582
49193
50491
49554
48295
51415
51344
49868
50541
49886
49831
50424
50266
48762
49774
50476
51272
49692
49903
50248
50811
51124
48888
49159
50643
51282
50586
49480
50561
50621
49556
49843
49790
49760
48237
51007
49845
50804
49671
49890
51105
49760
50782
49220
51491
50841
48219
50573
50928
50242
49001
47886
51139
49568
49853
48826
49981
48607
50270
49694
50330
48150
50971
51267
49255
50793
50742
50793
49566
50531
51171
51167
51184
48191
49658
50441
49689
51325
49687
50918
49739
50980
49637
49340
50975
49004
49967
49251
49119
50475
51108
49245
49430
49699
49951
49963
50153
51003
49933
48426
49630
50631
50286
49408
49919
51332
51024
49887
50311
49138
51306
49396
48712
49317
50335
50378
50567
49717
49900
51654
50060
49748
51099
49219
50514
47888
49218
50040
49053
50457
50572
49255
49352
49976
50974
48730
50690
53022
49655
49158
48302
50268
48943
50484
50784
50083
49667
50701
49142
50245
50073
50456
49070
49081
50385
51921
51453
53091
48353
51607
50050
49925
50032
51081
50403
50937
50054
49177
49632
49932
49999
50048
48849
49537
52236
47988
51351
48618
49338
49219
51364
49707
50214
49788
48526
50815
49134
49827
49173
50726
49761
48746
50822
49326
49340
50733
49835
52702
49503
49556
51404
48442
50456
48804
49524
49702
48858
51409
49063
50861
49400
49006
51253
49510
48365
48952
49996
51090
48947
49955
52060
49598
51264
48947
50644
51050
51040
49811
49238
48466
50033
49006
51071
49675
49360
50442
48758
49504
49814
49415
48494
51813
51225
48532
51611
50144
51844
50389
49301
49491
48967
48794
48717
50685
50848
49680
49235
50931
50827
50053
50675
50222
48230
51261
50948
51461
50623
50576
50516
51570
49591
49392
48457
50602
49855
51001
48998
49126
50654
49221
48921
49853
50502
49949
50323
50307
50673
49643
48975
49250
48398
50524
50044
50944
50754
48151
50436
50431
49373
48530
50278
50864
50783
51955
48984
48744
50547
49945
49404
48558
49700
50519
52401
49423
50276
50425
50119
51096
50153
50289
49774
50230
51606
52226
50004
49380
50247
49744
50068
49667
49661
49836
49966
50243
50069
50947
49478
50142
49485
49231
51451
50297
49215
48589
49292
49705
49329
49779
50387
50505
49439
49914
48692
50704
49190
50178
49300
50841
51264
52073
51945
49897
48972
49546
50478
51322
49358
50147
50627
49715
48732
50989
51211
50961
50956
49058
50151
50232
50074
50201
49486
51578
49561
49459
50472
48336
49967
51051
48695
49326
48704
51113
49862
50064
49855
49966
52156
50279
48153
51601
51037
49764
50874
49219
50450
50682
50813
51012
48736
49868
50158
50048
50267
50057
50031
49797
48760
50327
49249
48810
49333
51275
48181
49184
50684
51099
49581
50732
49991
49641
50408
51072
50981
50305
50038
52195
50735
50302
49997
48549
50651
51115
50025
50919
50207
51060
48206
50672
50256
50417
48896
50564
48939
49554
50122
49972
49721
50281
52744
49236
49771
47544
49978
47976
49039
49912
49365
50152
50654
49031
51201
50684
51065
49955
49232
51805
50264
50217
50638
49345
49977
51362
50523
48806
48732
50299
50702
51150
51653
51723
50057
50319
51105
51079
50061
49799
49525
49787
48506
50027
51032
49200
52084
49518
51347
50007
51344
50113
48976
51161
50569
50083
48302
47795
51016
50844
49312
50545
48901
51199
50283
48611
51120
48770
50258
47423
49104
49159
50206
49386
52226
46233
49298
50716
50936
49783
49955
50648
50200
48873
48788
50803
50447
50164
49479
50034
49402
50149
50808
50583
50253
51518
49443
51082
49846
50441
49515
51627
48910
50165
49714
50256
49662
51549
49864
50610
50596
50190
48493
49493
49485
50098
51665
49955
49212
49449
50020
50775
48831
49661
50003
51510
49508
49875
50038
50977
49954
50394
49091
48953
48872
48914
49501
50842
49777
48984
49192
50882
48586
48726
50910
49489
50250
48732
48970
50524
49452
47394
51089
47396
48502
50175
50866
50019
50777
50720
51591
50938
49189
50687
50394
50225
49614
50938
49757
51048
50302
49229
47820
50517
50619
48461
49965
49304
49272
50303
50498
50656
49363
49219
49969
51160
51637
51149
49679
48200
49876
50688
50152
49422
51371
48922
49151
50034
50342
49712
50767
49489
49481
50043
49203
50240
49337
49004
50819
51010
49114
51185
51191
50084
49714
50177
49355
48026
49945
51150
49396
50001
49186
49807
49903
50748
51566
49589
49323
49522
50401
48978
49952
49647
48939
51381
47468
50118
51182
49871
49378
50201
50423
50359
48975
50393
49262
50685
48881
50935
48841
51581
48493
49075
51070
51183
50695
49183
51794
49780
50401
50951
48965
50750
52285
50929
48206
49150
49585
51280
49552
50532
49175
50496
49323
49667
48958
48699
51371
50027
49024
49238
51166
49326
50946
49376
49491
49050
49974
50612
49930
49886
50233
51298
49496
50250
47259
48833
49331
50309
49399
50951
50130
48012
48714
49516
50136
50679
52420
50892
50201
50783
50781
49968
49835
49263
49757
49250
49709
49827
49465
49920
49501
49001
51345
47838
51525
50354
50494
50066
49594
49752
48283
48467
49385
51333
51605
50830
49814
49921
50673
50048
51395
49905
50119
50197
52803
49035
49735
50359
50073
49113
50350
50047
50033
49498
51012
50108
50305
49140
48256
51750
50469
51172
48167
48372
48848
49763
51248
50448
51626
50017
49839
50165
48765
48857
48733
49094
49306
51413
51507
50267
49249
49499
50090
49730
48964
48134
50026
49677
50732
50432
50232
49111
50737
49729
49694
50838
49656
48935
50371
49404
50920
50437
48666
48676
50162
48315
50140
50907
50882
48535
51079
50761
50570
47524
50892
49650
51272
49459
52669
50418
49754
49187
52259
49469
50792
50217
49975
51159
50471
48451
50288
50899
50105
50537
51828
48769
50055
50496
49912
50868
49666
50333
49066
50613
53189
50321
51100
48586
49865
49297
50301
51051
50197
50082
49315
50225
48890
49098
49589
47261
49708
50838
50326
48984
51100
50167
50463
49265
50082
48594
51021
49728
48785
50291
51076
50260
50942
51018
48843
50789
48134
50387
50287
51104
50289
50609
50257
50185
51153
50691
48567
49044
49861
50452
50878
51021
49524
49561
48988
50207
51147
47639
50318
51537
49211
49015
49831
49862
48283
49371
47914
49911
49227
50864
49336
49859
50748
49578
48944
49804
49251
50767
49389
50018
49346
51040
51451
51332
49441
48601
50637
50016
49288
49570
50178
50659
49983
51527
49960
50168
51074
50220
50189
49976
50169
49198
50800
48318
48261
50769
49552
48970
47825
48995
50111
47947
51240
49578
49838
49664
51486
49667
50265
48732
48559
48420
47953
51950
49753
48906
50460
49827
48916
50082
51754
50556
49261
50994
48893
48507
51211
49930
49879
49005
49102
50054
50321
49704
49400
48363
50347
50825
50561
50849
49573
49527
51147
52391
50989
51033
50606
50579
50377
49814
50412
51431
49941
48120
49440
50515
48769
50100
51742
49834
49746
50109
50859
49776
49082
47615
50221
51253
50522
49656
48469
48628
50109
50022
50435
51647
50512
52668
50295
51177
49837
50195
50290
48623
50407
50505
49144
48936
51046
49657
51379
49461
48681
49628
50506
49451
48869
49098
49426
50885
50505
50162
50599
50555
50905
52576
49464
48637
50290
50663
51067
49329
48981
49851
50410
50030
48575
50369
48145
50542
50144
49676
49720
50520
52115
50491
50038
51413
51041
50812
48710
48547
49778
48155
50893
49405
50629
50199
49581
50218
49835
49177
49337
49088
49098
50605
50671
50957
51426
51104
49615
49465
49558
50082
51383
49422
49727
48588
50130
50916
50473
50741
51190
51874
50569
49936
49646
48950
51469
49118
50201
50762
50146
48734
49791
49246
49953
48384
49665
50129
50957
49746
51613
50920
49752
49887
50284
48951
49399
49417
49795
50862
50052
50625
50646
48208
48860
52226
51041
50281
49928
49811
48635
50017
49622
49368
47839
50621
50261
51041
51069
49444
49639
51312
49289
51439
49684
50507
50310
52223
49720
50882
50712
49475
49307
48225
50798
48041
50738
48857
48618
49818
49025
50309
48369
48865
47457
50489
50421
48922
48846
50397
49428
50207
50292
48631
49622
49685
49645
51483
50678
49971
47496
50435
48906
48686
51184
50862
49834
50112
50320
48484
49437
51572
50200
50241
50739
50013
49568
50668
48487
49081
50426
50384
49898
48528
49323
50315
50849
51073
48640
48953
47390
49431
50710
50010
51081
50332
50815
51822
50233
49413
51011
48315
50772
50692
49319
49963
49816
48983
48828
49193
48596
50130
49791
49624
51719
49981
47429
49800
51480
50216
49606
51482
51217
50229
49262
52180
47333
50814
50397
52303
51900
50699
49954
48730
51019
51501
49749
50711
49857
50192
51429
49853
53263
49936
48311
49125
49694
51277
50058
49797
49622
49803
50366
49646
50688
50265
50625
49277
50062
51288
50163
50773
50362
50581
49635
49600
49246
53101
49350
48175
48878
50509
49247
49699
49280
52574
49931
48339
49810
49526
49851
49155
50649
50589
47887
48484
49631
51879
49610
49577
49341
49936
50617
49952
49232
51877
51538
50771
49780
50109
49522
50005
49411
49386
49045
48568
50041
48225
48177
49869
50213
48734
48592
51081
50966
49985
50072
49831
49652
51376
50369
50959
49240
50004
50841
51600
49075
48841
49197
51723
50703
51380
50913
49339
50509
50034
49641
49274
50335
50668
49652
49576
48849
49915
50526
49673
49753
49661
49189
49089
50708
51234
49677
49879
48440
50788
50729
48014
49369
48605
48657
50659
50651
48989
50193
50573
49820
51123
51592
49682
50496
49883
48102
50183
50206
47945
50125
48953
48883
48659
50186
50395
50861
49390
50175
49094
50283
50773
50184
49616
50170
49769
49919
50019
49634
51137
50827
49062
50582
50167
50230
48951
51255
49125
48711
50405
50841
50117
49620
49034
48431
50373
51373
49753
48340
50898
49346
50606
49527
49585
50503
52112
50227
48920
49644
49533
48475
50397
48229
47518
51431
49293
50289
49279
51101
49194
49601
50670
51358
49978
51433
49527
50984
49861
48742
51273
50458
49983
50661
49163
50708
48932
49146
48323
48366
50085
50790
48469
49016
49131
49875
49216
49652
50462
49053
50583
49541
48973
50174
50548
50391
50966
49196
49528
49564
49645
49489
48583
49266
50018
50060
51235
52921
50274
50495
49057
50085
49673
50526
48838
50913
51772
51784
50252
49107
50787
48294
49503
48184
50682
48943
49384
51447
50999
51082
49981
49330
49679
50275
51308
49238
49522
49722
49677
50438
50405
50645
50059
52029
49906
48880
50351
51921
51745
49553
50230
49524
50966
50740
51916
48974
50088
50689
50761
48709
48686
50343
49663
49619
49911
48368
48966
48430
48321
50700
49324
49426
51164
50199
49784
49537
50338
49706
52800
49416
48764
49847
51199
51336
50288
50793
49589
50212
49681
50018
49878
50687
50733
50343
48598
51072
51008
47690
51211
51082
50637
50644
49380
48980
49895
49832
50120
49453
49438
50116
48038
49315
50739
49386
49654
50682
50109
51168
49940
51275
48976
51639
50687
49696
51651
49444
50104
51482
49335
50928
50331
49608
50033
49507
48309
48972
50668
49829
49313
48717
49283
52620
53558
49665
49855
51908
50250
51060
49613
48921
49543
51743
50042
48868
49427
48748
51311
52233
48526
49832
51200
46686
49919
50872
50319
49703
48975
50715
49534
50414
50321
49169
50779
48508
51454
51449
50428
49475
51013
51519
49291
49770
49137
48754
49230
48045
50816
49946
49747
50690
50744
49758
50804
49307
51312
48314
50326
51751
50755
48294
49307
49560
49432
50732
51126
49454
50267
50704
51611
49549
50710
50174
49529
48534
50322
50513
50740
50917
50677
50175
49884
48809
49544
50702
50005
49238
50327
50222
48954
50392
49969
50244
49153
51688
50794
49801
49894
49809
51503
49692
50364
49670
50827
49365
49171
49497
50484
50775
51724
49217
50378
50242
48436
49655
49166
49722
49879
49608
49734
50114
51463
50875
51404
51531
50385
49164
49478
50286
51868
49075
49164
51121
50688
50603
50048
48822
50850
50566
49792
50251
50622
49945
49589
48629
52159
50873
48481
48900
50638
49744
50244
51969
49644
49573
48907
47647
50825
49178
49210
50943
49979
50776
49972
50522
50103
48679
49950
50784
51476
49558
49897
50058
50824
49505
50704
49418
50865
50182
50070
50639
50558
48959
49733
49921
48817
50377
50286
48533
49172
49573
50280
48692
50339
50083
50222
49425
47905
49983
49066
49592
49163
50007
49100
49939
48592
48762
49397
48571
50163
50449
49505
51463
50083
52204
48131
46925
49382
49851
50160
49539
49388
49891
50280
50436
51231
49126
48605
50477
51261
49469
52777
51608
49778
48332
49543
50137
49412
49685
49089
48096
50433
50266
52262
50373
50306
48077
50807
49727
49684
49653
51545
48056
47575
48701
49424
49926
50457
49786
49650
50094
48283
49785
49497
50007
50650
49731
50512
50184
51171
49840
48846
50772
47214
49803
48696
50155
51500
49553
48557
49236
50451
50353
49392
50989
49450
48732
49349
49183
50304
50170
51349
49353
51301
50059
48690
50643
50463
49884
50493
49641
49633
50633
50036
49407
48604
50261
51057
50330
50041
48309
50965
49127
49700
47442
49634
50038
49332
51938
50607
49537
50121
50737
50849
49173
50469
48382
50806
49827
47835
50706
50209
50095
49231
47873
49712
50517
49537
50608
49019
48649
50842
49359
48875
51197
50865
50051
50395
50647
50690
50640
49414
48503
49625
50291
49224
48967
49977
49309
49752
48785
51095
48872
48767
49511
52608
50677
50999
50487
50659
47987
50443
50517
48950
50174
49271
50384
48703
48172
50868
51534
48899
49774
51487
49525
50720
51334
50067
51006
48338
50414
49026
48455
50698
48701
49505
49996
51462
49629
50202
49644
50158
51289
48525
50234
48838
50706
48048
51531
48828
51649
52204
50220
51550
51132
49522
49479
50820
48562
49666
50143
48949
49290
48224
51685
50453
49308
49163
49782
50267
50537
51101
48747
48743
51023
49157
49916
49076
51448
49011
49122
48380
50794
50876
50578
49223
49876
49707
49569
48932
51572
49675
49508
49973
49082
49345
51194
49076
49317
49822
49719
48730
48556
50851
50872
50713
49405
48998
50290
49604
50350
49659
49618
49681
49319
50007
50117
50686
51736
51316
50317
49213
51297
49765
50112
51999
50710
50781
49775
50250
50445
48752
51800
50525
50221
49424
48646
50586
48605
49422
50820
50164
51342
50218
50627
50229
47818
49797
50769
50403
50043
51047
48814
49462
49747
51274
48652
50301
47311
50007
50746
48095
49323
48160
49992
49397
50119
50017
51266
50850
50657
48341
51003
48821
50714
49494
49293
51319
50807
48295
51659
48341
48979
50461
50287
52177
50607
49961
51702
48246
50006
50526
50881
51749
48425
50131
49280
49339
49004
47888
50357
52686
50226
50102
49713
49198
49765
49805
48368
50969
50201
49530
48738
51229
50394
48614
51044
51211
50473
50075
50304
49103
48966
51847
51011
51344
50500
50869
50195
49270
50966
51476
50529
50811
49307
49922
49011
50757
51867
49871
49672
49884
50353
50289
51034
49247
51418
49642
50173
49504
49582
50033
49454
50119
48450
50252
48500
51233
49413
51224
49933
51943
51844
49153
49386
52300
49173
50474
50567
49424
51107
49897
50673
49453
50545
49807
49928
50933
48502
49643
49459
50063
50700
51823
50173
49821
50471
49419
51488
50197
49547
51088
50892
50484
49064
49703
48960
50751
49392
49870
49762
49849
51630
50583
50099
49827
50650
48592
50610
47451
48148
51205
53232
49275
48057
51766
50326
50096
48492
49571
50148
50760
49874
50239
49533
49144
48524
49979
49823
49050
49363
49820
50242
51320
49816
49724
49174
48917
50150
49748
50923
49139
49898
50608
48676
50425
50426
48359
50900
51006
50287
50721
50875
50892
50393
48300
48482
50245
49242
51268
50896
50259
49716
49951
48851
51133
48721
49062
49875
50023
48167
51619
48910
50427
48752
50221
49703
48466
51331
49161
52785
50244
50646
49578
49403
49487
49220
51408
50840
49725
52128
50030
51707
51334
49924
51381
51462
50017
51704
49896
50809
51039
50332
51716
49657
50728
51539
48864
50412
51849
51139
51345
49056
50724
49944
52013
48902
50831
50950
48954
51465
48775
49556
49848
49034
49489
51464
50718
49687
49033
50759
52239
49293
50073
48675
50629
48899
49753
49081
51115
50178
50110
50216
51609
49725
49707
49665
49869
50282
49237
52342
50707
50777
49497
48796
49212
50355
50067
50023
49256
50020
51033
48603
47945
51692
49300
49831
50175
49295
49355
50399
49155
49611
49407
49177
49896
49509
49364
49567
50485
50977
50956
50156
51462
51387
49019
52403
50672
50645
49319
52119
51613
50478
50636
50454
49606
48766
48520
50334
48772
49277
49849
49077
49936
51364
50509
50606
48750
51003
51088
49195
49463
49915
49155
50126
49097
51175
49901
50584
50764
50819
50682
49360
49047
49224
49469
49536
49290
49150
50075
49448
50114
51280
48306
49158
48914
51229
51081
50496
50232
49958
49740
49470
48737
50149
51173
49216
48662
49279
51212
51434
49887
51197
49409
49904
51554
48773
49861
50279
48952
49711
48380
50479
48291
50713
49998
50901
50707
49770
48831
49648
49794
51871
50343
50254
49992
49448
51647
49165
51654
49801
50752
50384
49736
49680
50753
50998
50255
46899
48507
49865
50971
49518
50274
50027
48547
49907
50990
51160
51592
48871
50539
52093
50375
49786
50578
49150
50723
50216
50003
50707
49361
50061
50170
49653
51121
50156
51592
48589
51884
49418
51139
48780
51479
51689
49158
50996
48954
50646
50614
51074
48341
50754
48809
49396
49773
51706
50249
50346
48863
51130
47586
48729
48959
50191
52131
49213
50159
50067
50961
49117
50080
50833
50411
51390
50120
50052
50063
50457
47986
50494
49260
50663
49560
48998
49879
48792
51469
50350
48889
48654
48434
48196
51013
48059
49527
48298
49232
49349
49911
49023
52053
50466
49336
48418
49321
50202
48890
50866
48786
49011
50313
49206
50476
49999
49078
50899
49078
50548
50719
50269
49447
50719
49926
47694
49865
49148
50114
50609
52537
48487
50443
50764
49118
49174
52011
49173
49778
49489
49945
51079
50184
48827
49327
49485
49044
49926
49001
51178
48027
49065
49365
50137
48916
50715
49651
48173
51437
49245
49788
50517
48998
48233
49555
48835
50228
49265
50120
50494
51941
51177
51943
50986
51275
52768
50359
49921
48896
48912
49267
50511
51579
50059
49944
48186
51133
50465
52517
48667
50828
48994
49988
50123
49966
50748
50199
48900
51962
49873
51573
48585
50818
51233
50959
50421
49844
49476
51342
51262
48057
49689
50480
46826
50689
48384
50189
51868
52573
50764
51203
50067
49004
49291
49223
48041
51594
49009
48473
50040
50899
49936
48821
51023
52182
50412
50721
50408
48525
49554
49424
50651
47936
49962
48787
47665
50979
51579
49406
49535
50197
50222
50924
49195
47987
49876
49545
48813
48839
49719
52533
49635
48488
50072
49918
50119
50514
48879
50622
47836
49931
49141
50001
49958
51138
51046
49094
50003
49187
49623
51608
49440
51015
49049
49489
52492
51786
49424
49760
49515
50447
49806
49172
50313
48268
49929
48602
50072
49212
49495
49691
49548
51535
51470
50282
51232
48240
49803
51233
49904
51021
50673
48187
51439
50717
50001
48770
48750
51131
47453
49147
48408
50622
50783
49281
50131
49598
49589
49571
49822
51281
51123
49294
49428
50566
50704
50241
51127
49989
49846
48873
49624
49891
49292
49234
50964
49191
49086
47271
50847
49508
48774
50569
49611
48977
48822
50871
49190
48930
50305
50188
49356
49473
49477
49316
49051
52715
51666
49602
48914
49402
50739
48046
50653
50450
50876
49992
49806
50999
50598
49860
49160
48391
49929
50042
50924
50526
50067
49748
49971
51310
47983
51507
49632
51258
51255
50096
49080
49673
50503
50108
48480
50648
48161
49652
50033
49713
49604
49529
49661
50403
51548
50465
51217
49580
49457
50445
51254
50980
49595
51374
51144
49808
49457
50388
49959
49603
51233
50181
50033
51964
49599
50846
51556
50149
49221
49211
49267
50830
49537
48330
50448
51340
49533
48150
49581
49946
50217
49911
49634
48722
51002
49619
48918
51025
49586
48814
51450
48488
50253
50485
49825
49699
49969
48631
49230
49684
50041
51340
49633
51135
49273
49546
47836
50448
51381
49156
50667
49142
50867
49768
49829
48740
49542
50596
49232
50898
51054
50707
49609
49180
50072
48021
47641
49093
49249
50924
50853
49662
49979
50273
49096
50073
50364
49052
50372
49937
52615
50495
48741
49952
51285
50580
50710
48603
50589
47627
49125
48444
50557
48062
50847
50672
49546
49299
49658
50433
50534
50448
49678
49508
48768
48182
47571
49768
49642
49958
48777
50318
48895
48339
49509
48452
50160
48972
49761
50403
51203
48219
49914
50493
49818
50199
49263
49178
48592
50188
48980
49902
51797
49818
51467
48795
49745
51422
49779
51617
48504
50821
49675
49634
48615
51556
49949
51214
50444
50862
49231
48384
50630
49485
51318
50190
49967
47758
50910
49732
50123
48671
49300
50822
51294
49681
51571
50192
51821
53041
49108
48021
51022
50568
49588
49929
49518
50985
49675
49623
49339
51954
51155
49859
48503
50390
52594
50324
50418
49758
50538
48916
50444
50226
48262
48028
50476
49731
49818
50150
49661
49773
48921
49921
50190
50690
48629
49940
49292
49902
47681
51457
50751
50283
51309
49194
49222
48425
51133
50307
48964
48591
51322
50943
48986
49190
50928
49455
47366
48268
48421
49655
49842
50230
50938
51650
50061
49729
48973
51328
50101
48124
49737
49647
48679
50406
50785
50534
50765
49351
49090
51763
48837
51078
51348
50238
49441
50671
48526
49241
49112
49688
50106
49900
48660
50430
49555
51488
49585
50200
50978
49608
51012
50430
47850
48322
48131
51649
50229
50869
51214
50889
49802
52881
49885
48922
51287
51359
51459
49607
51251
50172
48468
48456
49718
50813
49375
50350
49664
50056
50346
50748
49577
50195
48134
50414
51140
48782
50127
50000
49835
50767
50151
49713
50628
50743
49411
51270
50512
50769
49226
48483
46920
50675
50055
49792
49909
49707
50061
50904
49445
48161
50673
48253
50280
49662
48683
49126
48941
49552
51384
48732
48965
49301
50656
52330
49113
49729
50080
50010
52048
50330
49803
48722
49005
49968
51094
50772
48914
49901
48790
49952
50921
49900
50824
52031
51602
49038
50436
51047
50346
50703
49836
48979
50233
49574
48823
49011
49999
50447
50820
51013
50132
50474
49873
51335
50278
50353
51990
50934
50076
51977
49821
47830
51901
50671
48967
51269
48266
48870
48461
50983
50162
50669
49080
50279
49957
48928
49754
49298
48875
50680
50445
49832
48267
50149
50451
50737
49810
50386
48910
50121
49818
48761
49112
49907
48087
50020
50654
51931
50199
50701
50535
50800
49724
48903
51379
50798
50972
49658
50959
49643
51507
48573
49467
50453
49962
48391
49386
51502
50290
49839
50174
49895
49819
50982
49222
49864
48405
50118
49496
49870
51154
49376
49409
50780
50097
50692
49265
50056
50128
49386
48331
52010
48493
50327
49899
49640
50286
47308
49994
49585
49645
51986
49697
49363
48730
49847
51306
49369
51778
50227
50716
50785
50388
50772
49122
50671
49698
50754
51499
48787
49996
49839
49780
49910
49157
49652
51233
49565
49056
47864
49506
49649
49287
50576
50908
49358
49980
49260
49853
51298
49200
47031
49966
49587
51417
50677
49818
50286
48522
49248
48905
50573
50167
50688
50914
50274
51001
49595
50139
48813
49483
49719
49863
50592
48640
51295
51499
48756
50757
50117
48274
49536
50565
51910
48943
50219
50776
49877
49702
49770
49541
52501
49953
52228
49874
49612
48364
51450
50556
49221
50257
49892
47955
50405
49901
51625
49755
48902
48853
48919
48898
50491
48527
49760
51571
51888
48482
50296
51566
51223
49341
50819
49922
50272
50923
49903
51490
49177
50396
50245
51555
51438
48457
50581
50986
50442
49533
47743
50069
50333
49746
48933
50870
49616
49407
51164
51189
51964
50554
50654
50186
50059
49536
48786
49542
51485
50608
49560
49325
50854
50840
51138
50855
49161
50510
50019
49394
50828
49420
49872
49384
49817
51325
50016
50507
49289
50289
49212
50009
49566
49366
48468
49138
48755
51074
48903
48239
47890
50510
50786
50820
50028
47911
50375
50821
50484
50092
48771
49610
50535
50530
51222
49562
50305
52276
49027
49127
51323
52156
50808
50032
50010
49292
49733
49573
49230
50107
50176
51896
49656
51078
48945
50771
49136
50042
49743
50136
48935
51503
49285
48251
50998
47585
50990
49994
49319
49514
49401
49626
51344
50951
50516
50481
49334
50064
50379
49991
50279
48754
48936
51829
49349
50735
48460
51478
51210
51356
46876
49965
50441
49418
48960
49337
49301
50553
49720
49678
48533
51279
49701
50373
49705
51601
50242
50491
48827
49941
49664
49293
50605
50218
49139
50204
48850
49562
50376
50429
52040
50799
50024
49848
49481
49163
49734
49457
50997
50720
50283
48792
50344
51025
49403
50520
49001
50045
50074
48467
49480
48263
49435
50230
51302
48516
50925
49779
49884
50930
48195
50452
49685
49855
51361
50198
49830
51096
51293
50123
49767
50270
49461
48901
49445
50170
51908
49024
50013
50427
48138
49511
50184
50162
50622
50179
48672
51729
48242
50120
48642
49796
51143
51213
50030
50310
50629
49833
51338
51592
49144
51864
48409
49722
50142
48410
50090
49204
50328
51036
50268
49048
49609
49427
50608
51587
49899
51217
50345
50127
50343
50054
51001
51061
49528
50258
47267
50963
49981
51019
50542
49954
50196
50757
50762
51226
51011
50431
52317
48917
50747
48781
50947
50189
51576
51391
50415
50500
49197
49751
51964
50859
48867
48671
50762
52471
50553
49403
52045
50777
50168
49831
51643
52351
50190
49580
49271
49874
50000
49882
49949
50855
49956
50864
51578
50455
50186
50558
51048
49538
48008
50691
50201
49356
51306
49519
50023
50528
50399
50325
51199
51276
51004
50491
50515
50716
49290
50864
51284
49127
50650
50364
48658
51288
50920
51250
47603
49162
51815
51241
48656
51125
51988
50026
48921
50512
48219
50798
51081
50443
49215
51551
49941
50288
50110
50889
49625
49099
49446
48690
48673
49742
50444
51610
52169
49044
50912
49600
49309
51257
49835
51756
49972
50620
49863
48559
51417
48427
49491
49702
52144
49855
51168
50472
47571
49605
49940
50051
51538
49962
50056
50521
49626
51157
48780
50497
48929
50675
49611
49464
48938
49941
48677
50265
48908
50698
49618
50918
50320
50925
51556
49331
50347
50886
49615
49842
48816
50968
50861
49621
50065
50235
49741
48743
50160
47850
48986
52661
50004
50849
50326
49071
51231
49805
50240
49415
49558
48377
51236
49112
51436
49935
50406
50282
49354
49460
48950
49227
50581
52127
49025
51237
50062
49141
50678
50760
49309
50906
49628
49690
50368
50605
51102
48810
49242
49886
49162
49399
48545
48886
50214
48846
51966
49746
51321
49788
49969
48294
50522
51290
48384
49193
51967
50064
47874
50481
49715
51671
50722
49937
49051
49662
51049
52243
50029
50304
50406
51145
49074
50394
49445
48741
49057
50956
50324
50611
50831
49490
50622
49613
49480
49201
49424
49282
50220
51581
49866
50109
48245
48789
48688
51617
50012
49623
51894
50146
51277
49411
48847
48320
50626
49500
52001
50475
48907
50799
49115
49823
49758
51050
48838
50047
50211
47690
50419
48435
51149
50882
49523
50872
50040
49030
49953
51206
49175
50790
49367
49950
48775
47516
49265
51017
49474
49015
49498
49918
50050
51011
51212
49967
50619
50272
50500
50510
50684
49896
49958
50386
49620
49577
49549
50802
51176
50778
48344
50132
49945
50494
49490
48823
50552
49686
49497
49233
51093
49226
49980
49084
49331
48976
50019
49308
48795
51088
49785
50231
49543
50307
48978
48865
48814
48209
50212
51776
50582
51501
49697
49094
49627
48575
51508
49327
49167
49728
50016
50154
50704
49760
49411
50187
52267
49114
49237
50145
49742
50809
50527
49561
50136
50689
49740
49060
50740
50709
50276
49911
49765
51134
49095
50381
50935
48962
52329
49264
50318
50219
49832
50469
48640
51157
50107
49426
50234
49875
51897
49770
52097
51725
51808
49641
49819
48682
48660
49468
51720
51452
50781
49409
49939
51769
48856
49768
50394
49413
49536
49690
50564
48546
51234
49449
51039
49673
49533
50958
49670
48930
51146
50411
50131
48347
51257
51181
52281
50039
48365
49721
49362
51240
48635
49989
50577
50737
48478
48802
49746
49172
50320
50968
49624
51589
51706
48971
50624
51600
50449
50503
50945
49855
50785
49549
48780
51435
49636
51620
50050
50508
50071
50643
49907
49285
50468
50519
49911
50898
49754
49136
49625
49308
48949
50538
50940
48477
49723
50715
50721
51258
52429
50485
50521
48727
49839
52553
51212
48341
50011
48741
50317
49072
47492
49429
50892
51597
47925
50530
49827
49042
50704
51858
50137
50961
51501
50116
49709
50377
52282
49971
49001
51052
51570
49697
50948
49618
51400
49492
49675
51543
48439
50369
48606
50334
49007
49585
49232
50549
51166
50390
50505
49267
49568
49890
49610
51007
50542
48510
49697
49284
49900
49499
50093
49499
49951
50235
50110
50051
48695
49719
50275
49232
49674
50426
49053
50342
50509
48744
51059
50370
49432
48270
50534
49940
49683
49684
52164
49891
51637
51846
52408
49909
48975
49388
51036
49785
51939
49741
51059
46877
49224
51830
49632
50024
50723
50166
52771
49475
49539
48995
50765
50476
49131
50504
48218
49682
49274
49849
49514
49993
50461
50397
48996
48752
49107
49210
49396
49275
48761
50609
50156
49484
50498
51330
49601
49600
50347
50741
50768
50647
49246
48902
49300
47833
48879
49132
50956
48985
49800
50429
49121
49262
50751
50112
51487
49840
50393
51074
52110
51593
49572
50306
51248
50324
51042
50804
49955
50358
50414
50593
50569
49977
51025
50032
49573
49777
50703
50052
50120
50063
49822
50308
48136
51237
51273
50626
49568
50829
49905
48434
49432
49558
49952
48988
51820
50276
50381
49112
50447
48745
51255
46811
50194
50408
51584
49405
50381
50991
50079
49069
49491
50910
50339
50736
48450
49973
49972
51868
50522
50326
49562
49392
50442
49907
47050
48923
47243
51164
50485
49377
48293
50660
48817
51395
51892
48931
50057
50788
48439
48556
49816
50939
49531
49132
49768
50809
50264
50336
49578
49595
50846
51538
50050
49033
49948
50703
50660
49886
49809
51351
49098
49865
50658
48461
50280
48904
51996
48696
50952
49500
48668
49780
49320
49545
49710
49613
50585
49631
49918
49862
51296
52202
49668
49277
50138
51974
49606
51655
50796
49622
48640
50861
49407
49761
49878
48794
50588
52004
50295
49583
48847
48358
49486
49510
48537
50844
51475
50223
49719
49365
50171
48617
48710
50283
49476
51085
51906
51040
50385
49206
51829
49000
49043
49315
50742
50570
50813
49234
49624
49041
49820
49065
50161
50249
48621
48792
50502
49931
50582
50781
50035
50829
47959
50963
49962
52078
49388
51153
49835
50443
49393
50232
49897
50175
48216
51152
49361
49222
48230
50532
49777
50244
50797
48528
49764
50379
49040
48354
50345
49787
48242
50255
50580
49537
50443
50635
50271
50323
49426
49767
50360
48703
52293
49480
50462
50409
49576
49569
47824
49637
49229
49937
49321
49115
49548
48580
50326
52382
50177
48625
49675
48939
50307
50614
50599
48886
50058
50472
51364
49777
50467
49988
50107
49803
48651
48926
48112
49760
50840
48631
51152
50933
50118
49998
51644
50470
49208
49386
50176
50618
48885
50272
51851
49829
49698
49442
51037
51530
48801
51029
51639
50201
49586
50107
49322
49798
48423
49881
51755
49843
50929
49703
50999
50609
49379
50561
49560
49681
48600
49696
50271
49358
51814
50616
49522
50802
50869
49373
48302
51757
48686
49302
49211
51290
51545
49252
51358
51609
49867
48604
48330
49118
49157
50189
49351
49145
48178
50804
49541
49711
51978
49679
51257
49849
49484
50185
50379
48604
50608
49790
49441
50206
50470
49541
51105
49880
50834
49236
50429
49293
51863
50270
50454
50902
50450
50183
49589
50674
49397
50680
49711
49101
49903
49815
51395
51825
51599
50782
50326
51690
51096
48347
48989
51184
49542
50467
50537
51000
50177
50883
50626
49884
49720
50717
47953
49070
50482
49690
51257
50283
50270
51659
49238
51238
48661
50308
51648
49239
48684
48893
50068
49093
51513
50924
50465
50037
49983
50056
49969
50260
49864
50550
50684
51365
50046
49745
48787
50516
49713
48745
50996
50732
50516
50041
51244
49884
47743
48865
48600
49007
49707
52256
50386
49153
46870
47478
49996
50275
49541
49403
50149
46908
49607
51738
50124
50024
49209
50573
49191
50534
49339
49620
49889
50182
49721
49118
49368
50966
50570
49381
49928
49396
49370
49213
49249
50179
50584
49948
49654
50300
50349
48295
50219
50799
50409
48926
50260
49923
50182
48277
50603
50440
51548
50917
49666
50355
49477
51077
50190
49484
49598
50391
50120
50390
48809
49624
48757
49088
50204
49046
49368
49790
49767
51634
49634
48031
49167
48189
49168
50862
50227
49504
49866
48644
48660
50826
49062
50190
49740
49380
50849
49722
51907
51393
49753
49832
50278
48111
48750
50115
48461
50840
50023
50222
50997
50946
48981
51452
49337
51142
48965
50359
49854
49316
49455
48996
48682
50368
51198
49622
50135
50992
50188
50837
50282
50533
50952
49645
50035
53163
51244
50632
51617
51060
51041
49330
49667
49406
49830
49038
50460
49035
49870
49806
51253
50469
48016
50800
51181
48516
50583
50730
49081
51135
51463
48202
49324
51015
49423
49903
50726
48904
49664
50047
52066
49280
49995
48811
51219
48115
50722
50641
48476
49287
51440
49641
50245
52164
48478
49115
50051
49757
49250
49195
49434
49361
49333
48837
49820
50622
49310
50138
49758
50297
49259
51394
50118
50993
50854
49074
51050
50695
47408
48735
51374
50787
49201
50533
47881
49008
49441
48516
49735
48668
48809
50475
50423
49898
50930
50065
50045
50581
50450
49212
50544
50926
49705
49230
49950
48695
50039
48352
48103
48839
49390
49371
49985
51004
50695
48427
50655
48785
50074
49552
50961
50886
50325
48789
48258
49840
50980
48108
50238
49109
49493
50749
51280
50468
50036
48445
50095
49878
49433
51770
51395
50289
49799
48313
49537
49115
52425
48448
50871
50521
51353
51383
50061
49662
50141
49307
49817
49072
49739
50419
52191
49930
49532
49494
50588
50454
49176
49753
50896
51566
48055
51154
48980
50036
51883
49779
51133
48878
49722
49765
51289
48538
50133
50542
49606
48895
48541
47658
48382
50430
49880
51072
50362
50080
49417
49648
48686
51123
50824
48863
49997
49412
50019
50257
48760
48608
50617
50981
50191
49420
48123
49619
51079
49047
50650
47531
51182
50876
48005
51766
49683
50203
50924
51033
49299
49867
50267
49065
50067
51760
50865
51564
50457
50447
47408
49993
48948
48827
50683
50935
48786
50377
48761
48900
49215
51331
51657
50669
50195
49762
50575
50849
51297
48413
50638
50221
50841
49196
51940
49249
50766
51313
50635
51149
52201
49584
50369
50008
50801
49611
49540
50457
48626
49214
50518
50694
49945
48987
51328
49312
50050
51280
50513
49087
50885
49087
50103
51186
50157
50326
51198
49169
50714
48744
49188
49581
51506
50799
48938
51194
49896
49462
50356
49960
51472
49829
49742
51903
49031
50600
51113
49589
48870
50584
50057
49279
51059
50720
48935
51015
49396
50618
50791
50087
51814
48871
51594
48847
51650
48625
48488
49813
50308
49780
49798
49263
49597
49664
50994
50530
51559
50508
50101
47725
49492
49031
49785
49155
50450
52383
49313
51326
48903
51055
48588
49294
51259
48512
48810
51317
51110
48241
50824
49713
48106
49359
49442
50703
47998
49607
51014
50528
48271
49628
50843
50803
49293
48399
46868
51130
49840
49447
49962
49719
49806
52408
51301
49737
50216
50397
50189
50112
49738
50651
50305
49504
47784
49182
51769
49376
48274
50089
50361
49999
50341
50215
51832
50417
50670
50545
50730
50118
48784
48943
50707
48823
49652
50697
49105
51628
51117
48379
46458
50237
50507
50120
49235
49781
50587
50005
49702
49508
48496
48631
49750
50213
50914
49863
50796
50892
51147
51780
50277
50616
50278
49668
49971
50147
49496
49923
49745
49602
50283
50003
49062
51273
49946
50658
50778
47793
49735
50315
49381
48288
51011
50878
52256
49061
49961
47918
48558
51672
49685
49671
48005
50741
48421
48163
50217
50716
50877
49640
50653
48840
51735
51194
50482
49249
50865
49315
49796
48115
50624
49272
48282
47805
51203
50316
50332
50765
51341
50159
51254
50785
50147
50442
50777
50093
50411
49839
50579
48338
51963
49635
50191
51090
51609
50032
50041
51600
48919
50275
49107
52213
49270
51064
49637
50570
49722
48740
50044
51125
49246
48454
49463
50502
50282
50077
49014
51338
49019
49063
48973
50614
50248
49174
49013
49521
50050
49829
49705
50931
50483
51901
50365
49339
49898
51918
51335
50198
51275
50297
49863
49999
49966
50319
50830
49559
50045
49533
50451
49495
48803
50784
51534
51843
49715
48767
50428
49035
50017
50783
49009
49425
48934
50195
51681
49342
48658
49261
49173
52335
49732
50524
47737
49540
49644
49786
51824
49770
49002
49481
49029
50192
48116
49286
49823
49070
49985
49543
50734
48492
50461
50075
48801
49783
49824
50590
48901
50039
51711
48607
50385
51099
48576
49843
49677
48009
48358
49682
49886
50103
49713
50704
50244
50929
47857
50320
49335
50695
50621
50110
50509
48633
51112
50833
50672
50038
51159
51365
52562
49292
49931
48412
51414
49879
50155
49624
47472
50504
50996
50763
49182
50496
50522
50054
49561
48004
50370
50046
49889
49619
48539
50813
51645
51060
51332
49375
51594
49859
50903
49969
51062
51513
50566
50643
50986
48995
50840
50754
50630
50013
49755
50062
48456
50031
51148
50125
48352
48607
49328
50193
48603
49411
51794
48982
49287
50647
48843
53107
49004
50709
49447
50496
51712
49662
51782
50713
51290
49198
49635
51182
50002
49245
48877
48928
49614
51201
48695
50282
50826
51118
48817
48959
49170
50327
50345
51014
48617
51040
49789
50164
50393
50036
51488
49765
49940
51119
48699
52149
50929
48857
50111
50363
48818
52197
49081
51261
50408
48705
51296
49753
48798
50016
48835
49539
49887
50494
48279
49931
48801
51735
48622
51649
48749
49380
50311
51970
49889
51640
49540
50571
50415
48289
50921
51722
47606
51364
51052
49164
51736
49719
49586
49978
50036
49727
50821
51426
49256
50380
49116
49128
49243
49189
50527
49543
50762
49635
49179
51956
50157
51783
50081
50977
50616
49744
49335
50220
48944
47851
46995
48697
49108
52410
48000
49073
48693
49802
49793
49214
48691
49908
49400
49041
51281
49643
50344
50702
50751
51025
51842
49828
48897
48939
49872
50688
49117
50023
50330
50976
50056
49819
49943
47627
48831
49201
50239
49011
48368
50745
47919
49008
50420
50148
51503
49007
49705
48299
48102
48989
50352
48348
51820
51096
50499
47626
50618
49616
51829
49504
51407
49160
51221
48776
49421
49321
50921
48780
50571
50032
50402
48964
50551
49854
49374
48534
51176
48492
48895
48414
51808
50644
49178
49822
49623
50195
50474
49653
50423
51065
50071
50993
49996
49695
50218
50174
50409
50624
48110
51016
53142
51467
51569
48573
49107
49550
50899
50729
50908
50343
50953
50690
50983
50424
50198
50548
49677
48480
48966
48908
49605
49589
50438
50120
50395
51033
51932
50377
50785
48358
48355
49519
49137
49807
50609
50034
49695
49351
51563
50840
49217
49871
49171
50534
48467
48161
48755
49298
49659
50535
49266
52683
48506
50785
48407
49471
50552
49523
49581
49325
48384
48625
48135
51905
48913
50150
48295
51262
50251
49664
50490
51045
49752
50003
48507
50993
48310
49326
48914
52076
48565
48528
49641
50909
50435
51035
50581
50759
49469
49804
49267
49484
47064
51369
47428
49924
50909
51130
50077
50178
50227
49682
49915
51041
50790
51199
49869
49830
50165
50595
49091
50616
48169
50951
50707
50109
50987
49223
50373
50462
51903
49178
50476
50451
50162
50742
49158
50256
51003
50017
51021
50007
49249
50147
50389
49818
52365
49290
50387
49387
52035
50865
49021
49700
50379
50646
50024
51381
50897
48942
47905
49450
48520
50365
50134
51329
48664
51692
51155
50282
50423
50417
49235
50015
49996
48590
51431
50067
49930
51085
49506
49773
50894
48065
51194
49983
49996
48378
48769
50937
49383
50916
51534
48341
50044
49583
50231
51133
50704
49597
49333
49645
49927
51114
49800
48733
50449
50607
49692
49695
51835
50783
51942
51732
50343
49123
50196
49005
49945
50852
49144
49541
49882
49046
50089
49084
52523
51717
50377
48746
51356
50156
50329
49781
51814
50464
49448
50625
49907
50038
49877
48012
49909
47260
50299
49754
49961
50601
49499
51170
51069
49584
50759
50579
50998
50255
50333
51306
50835
49699
49695
49311
49698
50284
50502
50692
50388
50451
50717
49605
50347
49926
50617
48796
52933
49246
49070
51288
49633
49866
48980
50547
49207
50684
51161
48681
50099
49895
49838
50304
49538
50798
49494
50437
50964
47720
50699
48859
50376
49190
49649
49977
50935
49437
51329
50362
50846
50096
50732
50789
49884
50916
50222
50940
50390
51560
49164
49480
50642
47769
51682
50314
49630
50099
49704
51357
49013
50465
49722
50082
48961
50919
50970
50639
49967
49403
48512
49074
49239
48990
50336
49117
50183
50570
50833
50454
50691
50040
51105
49727
50989
50146
51453
50891
49424
48099
50092
49579
50326
50704
51807
49957
50006
48726
49023
50508
50338
48292
49174
49306
49597
48321
49631
49228
50894
50322
50122
48753
49605
51083
49314
50170
49955
49932
52011
50200
48865
49907
49217
51832
50548
51604
49121
50468
51215
49653
49479
50815
51962
49351
49629
50604
49497
50443
49374
49375
48602
50674
50843
50353
50926
50217
48336
49169
50482
48587
49111
52668
50168
50779
49095
50217
48623
48174
48567
50450
49380
50867
49260
50205
52480
49933
49485
49961
48870
50759
50723
49116
49606
50444
50358
51416
49596
50407
51127
49579
49569
49703
48610
49924
49488
50514
46686
49381
49687
49809
49685
49768
50083
50111
50821
50196
49107
48805
50056
49603
50276
49408
50485
50382
51297
50050
49488
50407
49435
48855
48770
51135
51146
50403
51581
51465
49803
50128
50759
51493
49692
50215
48420
50278
51042
49261
50463
49750
50234
50194
51720
49051
50072
51098
48133
50607
48737
49454
51790
48987
50158
50707
48817
49236
49331
51687
51931
51194
49002
50009
49604
51121
50563
50180
48380
50097
49286
50078
50765
49722
51381
51249
50955
50371
48705
49301
48244
50131
51458
49571
47848
50086
49664
48860
49587
49188
52191
49480
48589
51503
49413
50325
49127
49859
49239
50233
49218
49784
49857
50072
51410
49376
50488
49968
51498
49874
50001
50907
49737
51756
49885
49061
52642
51575
51201
49713
47964
51045
50184
51690
50100
49602
50009
49093
50514
49832
48755
48751
49662
49128
51077
50473
50033
47959
50531
50451
50209
51343
49489
50272
48589
50427
48610
51727
50380
50851
49709
49201
47268
51158
49999
49778
49591
48834
48188
50544
49190
52390
50234
48125
50899
49741
49008
49579
50076
50024
50829
50927
50323
52267
50885
49228
48110
47961
49077
49890
50401
51002
51065
50085
51174
50304
47981
51292
52415
48935
49769
50375
49233
47423
50640
50097
50057
49288
49811
50374
48902
51493
49059
48913
49089
49821
49636
51281
48256
50852
48674
49309
50130
49887
50406
51777
50571
50700
48179
50493
50135
50715
48748
50962
48209
51124
50295
49887
49044
49983
49000
50787
49658
51299
49948
49671
48443
50023
51141
51923
50371
49553
47482
48186
50912
49505
49901
48132
51197
50608
51591
49284
49313
51277
49546
50764
50718
50276
52906
50436
50812
50735
50866
49243
49248
50805
50165
50128
48450
50754
49669
49657
49814
47388
50319
51301
49271
49889
49771
49071
51412
51638
51949
49140
49184
48750
50769
51611
49460
51696
51048
48918
49481
51611
49565
49863
49349
51607
51173
50125
48847
50750
51504
51751
49703
50930
47730
47898
49134
49364
52362
50070
48979
49148
48453
50509
50712
49331
50847
48380
50713
50286
51344
50058
51817
50523
50795
50437
49260
50659
51484
49552
51069
50304
48876
50271
49944
49467
51455
50232
50318
51355
51199
46794
50019
48244
49797
50033
51657
51225
51003
49841
50562
49887
50045
50366
51092
51823
50006
48831
49847
52110
49610
50489
51313
49335
49031
50545
49033
48297
47391
51586
50242
49544
49486
49803
49988
49360
50046
49685
50473
47865
50039
50542
49690
49529
49536
50189
49780
48454
50933
49081
50119
50433
49866
49215
51440
50070
51290
49792
50533
49995
48799
48608
48914
50177
48895
50417
51376
50078
49508
49814
49372
51650
51089
51764
50905
46994
51833
49446
50181
48781
49393
48296
49136
50305
49690
48654
49751
50735
49561
50792
48720
50050
48997
49186
50740
50273
50878
52162
49248
50586
49584
48566
50898
50405
48715
50984
49264
48013
50375
48947
47449
50686
48872
51369
49222
48246
51755
49569
50842
50744
48731
49956
50457
50638
51039
49637
49954
50316
50319
50475
49915
50718
50481
50086
51662
52574
50603
50716
50463
50341
49478
50925
51835
49668
50130
53237
49840
51726
48942
50693
50749
50195
50236
49491
51804
50575
49084
50535
47935
48533
49645
49938
47733
50181
49306
50481
50118
50114
48195
48987
50643
49564
48508
49266
50295
49697
49983
49182
52142
47826
50756
49982
48766
49697
51815
49209
50991
50724
49233
48108
49114
49261
48281
50532
50881
51335
50145
51405
49953
51995
48395
49642
49485
51645
51166
50158
50047
49748
50529
49047
48835
49777
49652
49156
49671
52516
49740
49719
51442
51720
49798
49401
50417
48420
51725
49257
50385
50771
50321
49612
50178
50443
50220
49803
50424
50026
50017
51515
48292
51521
49855
50222
49227
49904
50172
48576
50194
49896
50747
49395
50460
49124
48599
50364
50212
48796
49277
49662
51393
49963
51251
50520
51390
49912
49820
48856
50919
48772
52579
49066
50337
52547
49487
49539
49297
50435
49997
47929
51112
49671
48575
49428
51130
49139
49867
48967
48369
48788
51039
49097
49876
50052
47820
50205
48131
49517
50673
51455
49879
48774
50028
51597
49555
49469
50392
49140
50173
51451
52255
50428
51284
49151
50867
49811
49858
49806
50102
49468
49737
50533
50958
48971
50171
50466
50149
49320
50960
49632
50166
51453
51563
48900
50610
49084
50434
50719
48684
51081
49403
49661
50482
51633
49548
48604
51282
49942
49870
49781
48909
51131
50671
50513
50262
48729
49893
48999
50900
51041
51627
48496
50236
50089
49477
48669
51585
51673
50395
47405
50011
49312
49784
49810
49598
51037
50648
51131
48149
49362
50722
48517
50882
49875
50585
51344
50894
49613
51668
51032
49687
49216
50599
50356
50778
49190
50209
50723
50894
49600
49835
49915
52316
51401
49326
51972
50342
51708
49548
49368
49359
49388
49188
49944
51419
49452
47017
49126
49991
50404
49457
51902
50485
49653
48895
51449
49818
50744
51000
49659
49553
49666
50194
48308
49497
50084
50002
50645
49899
51239
49939
51163
49691
51887
49505
50842
49834
50259
49946
51607
49133
47391
49211
50420
50127
49050
49790
49313
49782
49537
50498
52667
48694
49933
51010
48830
48247
49716
48644
50984
49601
51004
50613
50092
49369
52160
50917
49539
48409
49567
50191
50101
50335
53061
48674
48149
49754
50137
48828
50870
48410
49186
50126
48307
50691
51949
48985
50949
51369
50691
48711
52143
49346
51323
50692
51223
50390
50913
49815
50347
51081
50731
50321
50922
47220
50519
50144
49806
51945
50268
49519
49890
49779
48463
49372
49990
49711
48822
49800
48033
49824
50762
50825
50576
51674
50098
48286
48554
50014
51139
51411
50438
48512
50248
49971
50084
50787
51365
49994
50148
51837
51386
49526
50214
49794
50412
50035
49596
49871
48694
50020
48404
48440
49904
49700
50896
48766
50087
50342
50290
48748
48934
48665
50839
50023
50507
50659
52230
48885
50195
47124
49250
48729
49588
50334
51706
49756
50217
49506
49986
50266
50889
48949
49275
50077
51327
49684
50921
48392
51159
49050
50861
48859
48727
49435
50722
50501
49977
49131
50037
51294
51395
51044
50918
52095
49262
50354
50313
51315
48507
49644
50861
50159
49970
51518
49981
50652
49182
51303
50484
49676
48992
49596
50539
49529
49303
48215
49189
49798
51505
49934
51189
47553
49755
50711
50338
49726
50399
50384
53145
49541
51688
50543
48648
50171
51714
49513
50619
50861
49717
50764
50726
49018
52042
48718
51224
51009
50493
48793
49502
51306
50672
49150
50214
51914
48366
50519
50561
50736
49318
48717
48989
49118
49457
51743
48641
50856
50166
48585
47683
50087
48390
49882
49919
49417
49994
51055
50665
49900
51321
48385
50251
49563
51146
51116
50403
50284
49788
50318
49573
49838
48553
50673
50476
50723
51187
48569
50901
49181
49048
51472
49127
50412
50053
50035
49563
49569
49755
49153
51433
48488
49731
50982
49498
50722
49024
50123
47943
52373
51848
50237
50551
49251
49601
50576
49520
48672
49050
51315
49685
49660
48601
48850
50795
48987
50448
50377
52663
49512
49488
48660
50316
51768
49433
50019
50008
50860
51863
49664
50751
47772
49623
47914
48968
51397
52122
49662
50167
48156
50413
49718
49816
50997
50121
48298
47430
50102
50089
51483
48716
51266
49622
50764
49763
51233
48583
50053
49375
50090
49827
49723
50302
50646
49552
50266
49515
50748
50793
50315
47972
49770
50542
49683
51746
49112
49677
50342
47674
49839
49879
48976
50845
51783
50550
50124
48966
48765
50081
50509
50180
49833
50236
50927
49111
52244
50639
49445
49697
51584
49473
48368
50370
49806
49453
51622
47554
48601
49803
50610
50803
50032
49833
49160
50172
51211
49933
50521
50037
50893
50236
48017
49337
49601
50736
49637
49503
50744
50629
51617
49338
49306
51138
51771
50520
51084
50867
49215
52841
50227
50638
49152
50643
48753
50262
50815
49747
50465
50466
49441
47768
50727
51337
49859
50054
51192
49378
50904
51062
51023
48539
49182
49798
48815
49725
50531
50700
51636
50191
51254
48519
49239
51006
47976
51312
50048
49551
48310
50535
50290
48891
49819
48652
49814
50196
49079
49070
51046
49683
50360
51035
48782
50767
51060
50222
50848
48875
48314
50894
49168
50129
49229
50702
49504
49929
49429
50757
49394
50156
50931
49260
50523
49677
49527
52102
51022
50142
50560
49452
49088
51422
49896
50492
50367
49593
50548
49404
48748
49971
50346
50505
48746
49954
49798
49803
49979
50944
49524
49215
49548
51085
51105
50283
49501
49741
49198
47928
50959
49093
49980
49773
49333
49295
49159
51525
51023
50043
49562
51542
50049
51051
52047
49353
49997
50739
49542
50705
49292
51256
48595
48901
50908
51694
50672
47981
49676
50187
47438
48281
49185
48266
49934
50256
49113
51175
51231
49291
51114
51331
51921
49736
51699
51585
49284
49734
52097
49881
48488
50202
49627
48788
50787
50475
52358
50496
50610
49152
50239
49124
48533
49616
48714
50240
49869
50540
51581
50237
49569
50149
50922
50484
49484
50766
50260
51946
51334
49360
51103
50140
49586
50232
49883
48808
48886
48123
50526
50639
51268
51366
48940
51866
51080
51018
50494
50881
50928
48171
52415
50364
51374
50509
49983
49828
50444
49082
50687
49996
50747
49991
50126
47777
48573
50125
49031
49466
49962
48499
50602
49777
50428
53083
51484
51516
51041
50627
49003
50757
50411
49406
50638
47820
48840
48823
49700
51029
51175
51090
50047
49719
48569
50186
50393
49742
50487
49973
48214
50092
48412
50567
52331
49623
48913
48928
50639
48225
50905
50773
52144
52027
51354
49250
49960
50685
51239
49382
47131
50413
47848
49008
48580
50799
48921
49351
49704
50012
48518
52511
51003
49771
47799
49485
49917
50086
49019
51395
48087
49771
49771
49855
51165
50474
50717
49825
49770
50386
48799
49298
51880
49895
50658
50352
49445
51129
49669
47740
51014
51078
48974
50922
50485
51851
49745
49274
50365
49635
49756
49140
48280
49954
49370
50900
48293
50286
51020
51100
50227
49752
49502
49377
49743
49854
47855
48533
49659
47780
47817
50503
50825
48724
51080
47682
49548
49392
51076
50034
51750
50620
50040
49834
50223
50348
49387
49807
49936
51242
50193
51010
50639
50799
50481
50417
50358
49246
50622
50593
48593
49013
50000
48834
51324
51392
50341
50285
50165
49235
50313
49521
49255
50353
52101
49147
50884
50689
49451
50443
48964
47868
50822
49334
49598
49537
50566
49921
50089
50119
51048
48806
53228
51014
48353
48404
48691
50987
49066
50606
49491
49825
50795
50812
50558
50091
51562
50781
49378
51128
50983
50560
49723
49999
49217
51119
50467
50425
49088
51160
50206
51166
51055
49117
51291
50574
51029
50522
50576
48215
48970
50657
50502
49610
49740
50652
50111
51356
50542
50358
48182
50989
49769
50934
49059
50063
52015
50511
50135
48877
48566
49835
50945
51704
50923
50410
51241
49276
50935
50086
49945
50196
50250
51852
49311
50850
50139
51784
49921
50853
49287
50620
50082
50393
51346
50260
48573
50832
49394
50879
51147
49859
50591
48569
50082
49900
49251
50990
50705
48465
49450
50562
49468
49950
48896
49898
49832
51420
48632
51044
49579
49740
50573
48857
50099
49557
50444
50333
51355
51239
48592
50875
50519
51568
49892
49690
51921
48532
50038
48630
51121
48062
50779
49393
50450
48859
49367
50978
49053
48776
49686
50362
49770
49178
50033
51225
48899
48677
50199
50703
51197
50340
50822
50414
48685
49872
49304
49529
50364
47142
51709
48709
50089
50240
48518
50783
49473
51217
51493
49129
50146
50728
49045
50975
49848
50433
48558
49269
49747
49651
49258
50951
50751
49173
48797
50844
51796
49351
48957
49607
50293
50744
51666
49894
51174
50143
49934
49131
51016
48198
50474
49374
50683
51534
51910
49238
49787
50596
47770
48903
49092
49843
49894
48443
49724
50202
50706
50291
48131
49858
49112
49417
50299
50081
49720
49915
51200
51124
50423
49980
49710
49706
47755
50617
50098
50459
49077
48655
52816
49996
51210
48281
49657
49182
50077
49365
49180
47859
49549
49650
50719
49722
48952
51350
48548
49417
49201
49607
50528
51120
51199
49156
51439
48949
50204
50253
50160
49245
50565
51115
50685
49735
50792
50461
48137
49884
51026
48905
48596
49735
50190
49497
49035
50518
49804
48886
50734
50260
50293
50572
51389
49936
49215
50053
50096
50000
48327
50301
52017
51673
49882
48509
49797
49719
47992
49720
50890
50616
50674
49069
51849
50965
50368
51093
49456
50903
49729
49657
50064
49092
49824
48917
48675
48862
49148
49053
49097
50591
50066
49459
48760
49064
49006
51592
49534
48572
49550
51649
52903
49044
50251
52372
49272
49736
49852
49540
49961
48797
49402
46778
49617
49195
50726
49626
49338
51316
49724
49522
49887
49284
50502
49159
50725
49151
50637
48884
49475
51451
51215
50231
50432
49796
49677
48784
50024
48111
48608
49562
49129
49486
50523
48614
51469
52342
50357
49289
49972
51994
49490
49829
49314
49683
49120
51126
50692
49808
49277
50117
50272
49901
47733
50696
49309
49855
49713
50388
50174
49369
50123
50243
50473
49944
51745
50998
49908
49040
50049
48754
51009
50574
49085
49449
48248
50718
50478
50517
50025
50076
50245
51970
50448
49874
52106
48985
49939
47730
49538
50712
51615
47978
50971
49783
51136
50468
48585
49420
49425
49969
50176
