50712
48907
48872
50830
48225
51928
48616
48679
50059
50612
49601
49920
47738
51991
51673
49281
51103
51411
52114
49769
50924
50708
48707
51735
50162
49630
51542
50210
49640
48967
50170
49960
48734
52149
49277
49772
50534
50306
49195
49457
48249
50593
50923
50964
50430
50255
51494
49281
52808
49825
50060
49378
47302
51308
49649
50457
51774
50627
50303
52469
50072
50954
49626
50702
48958
49569
50889
51135
50030
50224
52850
49757
48671
50246
50172
49005
48096
49795
49634
49445
50263
51888
51293
50431
48704
50024
50177
49674
49294
50445
49821
49480
50451
50315
50679
50910
49691
50810
52131
50440
