87464
26121
97893
69640
309
45190
83887
60576
5667
64958
50481
48461
13938
45087
35682
79341
68295
14090
92073
95825
82144
81444
25617
4686
40551
72950
18640
28702
9743
64218
7690
48701
18935
75558
96677
87330
45407
16796
46765
42103
59184
12587
35351
11179
13454
96369
66762
50202
85179
11091
37526
75033
49322
36915
90357
39994
66760
98715
53900
54088
77660
4113
92849
56775
81864
63181
70522
43886
87774
15603
12908
91350
33383
7466
25169
8326
43197
75324
41545
52721
33704
63101
13773
59796
46246
1708
22878
38327
38535
15511
34889
23517
27845
86618
96848
34183
93914
79178
79169
51416
